0.152621951929909
1.41133363624713
2.20307336439904e-28
0
2.64117530553517
0.214591124625731
0
0.311069169200658
4.52061328393508
0.0128155837498397
1.3269954446425
21.4777533116633
39.9364173453101
51.5640837440146
2.50281360315964
0.531264199084271
11.7779244579591
2.01250101942144
0
3.12886220917363
7.84197220183379
0
5.4119045122505
3.03774771940861
13.2756691482297
18.3125254855359
11.3755781575851
17.2289329278949
25.4548170284156
8.54285647711252
8.71103841179966
6.2866263558305
4.10564701222142
13.5093029487493
3.98519730173708
34.4681950997868
8.57013036943834
2.61321403189916
0.366991716472689
4.03660363729569
0.144916174431745
14.0458797898244
1.98059021588433
21.4870737362087
15.8773432129833
8.14479279531188
44.3221138722869
98.2034881688861
14.3534537998206
0.320389593745995
5.41537404028754
8.47576107091679
4.79419337550826
3.53244090268312
5.54914776368063
4.2107091678026
37.1453869723766
171.649652115154
8.51339822678923
0
12.0361632472359
6.3308306828376
0.152621951929909
0.814372094648918
6.31310323535236
4.43069681824007
9.09417811331306
1.30255030116622
15.0321739890252
4.28739529085549
4.10890112194608
0.812030337981895
5.35458390129669
5.13678655062738
42.2613563547819
32.4509523143779
4.37522864166463
2.88583644985029
3.49305045844837
2.61858014982582
3.42564980834877
10.9559143919006
10.9340113942191
11.7285892372397
0.115340253748558
19.6257099250871
2.20307336439904e-28
8.10256707793043
56.9291531229248
18.3765194039589
46.900376312141
9.94444793960363
1.27107289737049
4.0637051017674
8.26139130637401
14.1509866834434
10.8617897545233
0.400778255449535
3.09663870539303
8.6493539780737
0
1.46473489217434
26.773785839945
14.729029044773
4.4685815478895
5.3440984236832
4.96872985914505
4.008465159088
34.4890659769552
10.0474176598744
2.1064159472464
13.2944205608565
7.90319655610315
29.1388510246639
12.7884532755467
15.643373061643
5.97463201798843
6.50308156536533
18.8162944322114
22.9395643866578
0.599338249857275
16.4505493225216
9.59931588083837
3.44158773432131
10.6719861824706
4.48661936551211
5.1884445376487
1.25359710134797
0.800845828527489
2.20307336439904e-28
0.68388615101418
30.1516083557606
11.3579975067864
0.318012885486937
4.00189425978353
5.35196672608437
3.45530273903976
5.89818601237286
16.1005091281908
10.526564258502
7.4428250206797
20.7195203476518
6.70626682045365
7.92236086353734
8.91498607761584
6.94301946803677
0.926671559889565
1.61709365861615
4.03574382813137
14.2772425523982
1.13126652919041
0
0.461361014994235
2.69194598813976
4.53441671618141
2.29479291181713
38.9935181107499
12.1363180827887
0.809835261496165
5.49322521640859
2.67030163223935
3.14447823098342
3.67666282199154
6.35629652930692
2.63463935782275
19.4089074132327
4.25943401721947
10.3829529435066
4.41717055211865
22.179879999534
8.50616184917224
8.18459788193351
2.22175620099496
2.03411962764905
3.24466114431511
5.73318642014143
106.195826313889
57.2927778360304
3.11302179814289
4.73446856104295
8.17401232626147
3.12804865261613
5.05523283585568
24.7098569314833
6.22021833094498
5.13671897754939
17.5447876690789
31.366246082509
19.0544429298755
12.9815873848054
5.38138012186455
24.024081646919
0.587186746356295
9.09673435624991
16.4944792795312
1.84892756865076
0.115340253748557
0.121165519089392
3.7468106672259
9.38337970244543
2.67321193480364
1.00829040112777
4.9792805797304
38.1190519963184
6.81165274428251
1.01288548693393
7.60080621672317
2.20307336439904e-28
4.73900481166917
0.879615066466279
3.26207635757809
17.3127886710239
3.0304907203523
13.4301700977479
2.49204851280976
3.85486456258082
2.09347733389256
10.3575431360899
3.65080877983992
14.944203161954
13.3783043817646
85.8725548448732
12.8586790628313
14.0807214008598
5.58657159833631
10.1142800554565
3.62752041755502
5.93558281779732
25.7632728670791
5.65166078314866
4.26734705765847
4.62759672853099
6.5464331900318
40.4868766092295
43.5341185791013
10.802089988699
3.69182016240842
0.0128155837498397
13.0040962100824
13.0113126652919
1.03806228373703
3.09904116132491
19.4799086598395
10.0406905269535
0.48466207635758
2.20307336439904e-28
9.09673435624992
22.833460790139
0
0.0128155837498397
0.205049339997435
28.0766138897627
2.20307336439904e-28
5.62021600083885
6.20274253492247
2.20307336439904e-28
0.00970011534025388
0.534759358288772
2.20307336439904e-28
30.1148177274475
8.38372187853155
333.588612654806
12.9480404972447
21.2344785804994
13.2657952069717
22.7178241468899
111.859431570608
16.4512665291906
4.09060140039379
11.2285273729218
16.2570595225612
8.1227499912621
18.2400918061818
20.834644018035
1.50267379679144
5.80079922640477
6.57372292707934
2.73157177309427
11.6554960213438
2.84349609124696
1.77013071895425
5.50768341099761e-29
3.88705556138083
7.58612654806427
121.696783288479
51.5361224703785
3.9032283620519
6.14891708317316
17.4851164470542
6.20274253492246
5.50768341099761e-29
4.95691506989785e-28
3.5371011149558
0.478836811016746
23.2598486596064
16.3117174047277
0
17.5401045052602
6.65827828457587
3.26738899956894
1.10447030862256
0.615148019992319
97.2986613540248
10.6774201064859
23.2835855673226
6.01400393787937
6.32164785105965
43.5286208101779
15.6955949343493
2.27767874826698
0.208544499201941
0.699031840900362
1.45969265900062
6.41594724639708
10.8722752321369
5.93022077755646
305.751523423392
26.3801124276211
26.5142986963056
6.98053196323092
5.63419663765685
1.5638950054175
4.95691506989785e-28
22.9414029569047
9.2400358836345
1.12354956718279
3.53244090268312
53.0892155697692
366.939289084618
27.1769151724861
21.8834713921219
3.86550580778952
20.6708100613983
27.4366571132315
20.0330875071359
22.0680675264758
2.55840993557257
7.61305092446961
8.55590507147601
2.77748651451074
5.52118649004461
6.88698985238778
11.5727918166673
7.64971607656729
4.39548239022288
10.4644939591998
7.4374959514406
10.4397860962567
20.198928034672
22.4482425174467
82.0057553621568
1.01942143464636
10.7340602099426
4.40273554460406
0.320389593746
3.29943028904967
27.5305137884031
6.51085841110062
16.3387042279776
25.5850178835647
6.56167895797652
68.7403022147659
20.585763051507
10.3636898395722
6.55822014842777
1.8933342653758
29.7569000267963
3.57821106101383
15.6728963219275
1.63107429543415
0.0233010613633449
1.25359710134796
9.86200680390993
3.73753684480329
18.2726923211352
4.86875677187096
13.9899572425524
10.9229061083732
8.7064299278832
13.6276140878217
4.46079013899083
3.53593606188763
5.51349713979473
1.43803187585194
14.1277103212051
2.9172928826908
220.419393473373
43.7108062167232
0.115340253748557
20.3287615485885
2.46991250451458
2.0567682592942
5.50768341099761e-29
8.8031409830718
25.8117507252455
5.40912935584216
35.1487539757435
9.3871303577878
6.48658441392007
16.9480269826291
13.2452049910873
21.4683229061084
1.81606829541085
0.0677944380366564
12.9362664709378
2.15585893537452
23.0313930539536
24.6046461151306
17.3383536635094
0.0512623349993589
10.773462304708
3.84582852748946
4.01127771369987
7.68001712628011
9.32042454533803
17.0342409096734
4.37477427096804
1.92628709237706
8.76219670756004
23.2696049305045
4.20700662915195
277.098673470577
26.1066261228199
0.0233010613633449
24.2142183076439
4.95691506989785e-28
24.0166253072828
33.6213543741917
22.3798747567952
2.43081332354688
3.89429473512518
1.81817016765112
14.3569489590251
3.24000093204242
8.41983852364474
13.2317149581163
8.14933417217155
18.9306420607459
93.0113215196952
81.8974533104983
20.6203836519755
42.9713979471766
2.48580044971049
3.31224587279952
17.3173488052381
20.2421189985204
17.7303717684342
8.55404098656694
9.29215604720794
37.4082204979437
2.40000932042454
75.389630911188
2.22530483613528
69.401045751634
9.75387088881897
2.89560646837464
5.55963324129414
5.01788356459636
18.1759812659467
9.36538394323862
8.22061444898815
6.21672317174048
160.310763925297
10.8752927195834
5.03371663579275
35.1633986928105
2.89260063145876
0
185.183369916
12.0451503500985
4.49479570794449
2.34408677315252
14.6517073852714
32.281045751634
10.0358952850303
42.4841280160311
13.8897826010977
8.40259573823585
4.06293838034321
43.7349271259306
54.4091316859483
20.9772208824112
44.2586393345217
355.082555543902
20.2847389698601
18.9508673820092
37.7353785839945
75.2570573089604
43.4128896811249
8.41648445236685
96.7273659315182
107.525808838093
1.66622907273426
3.8714713455198
9.06143744247551
5.58233534887515
18.2012357717894
8.06216723171741
13.3238474712523
29.3152866613074
11.1880046136101
2.93127351950881
39.7364649959806
3.31717404727786
3.66072489601901
9.48819218715414
4.31885172369601
0.0128155837498397
14.3700842333369
7.61828201274568
252.955052252631
34.6245685225962
10.7789269861242
19.076413500635
9.85553656519055
7.0372209989165
15.3320983770811
4.58556254587397
1.09981009634989
24.1658313236168
39.677047289504
6.7648298439994
2.65141612200437
33.3374784756446
3.14098307177892
6.88779373900481
33.0373940092971
32.8046788531218
10.5828760500041
5.5850197476495
5.21686297810866
33.9065929188074
5.53261088392575
16.6296711055188
30.1899013200051
3.08901005440798
9.92022881642261
22.8340148893782
8.50507974788251
5.43520557361391
11.3961296937075
5.81187888108307
7.1481131965561
46.2209383337411
5.01438840539187
8.80186629850988
29.4625493691238
14.8704927009425
4.35134027704962
2.30376428646325
4.15108408187992
56.3838396653967
62.0977707874594
12.7911176354083
3.25677769622406
19.4334258385469
4.5576876026703
48.701465753265
15.4311022567078
6.33006640802488
27.328715412487
2.74368832500321
8.22801999231067
3.29871960667809
11.4454813416751
20.2523038924423
13.6127014085492
13.4019973669801
42.8507310708003
4.49360968392108
0.624468444537647
5.27873649994759
5.0563303158459
5.50357088765397
9.53013409760816
5.66585392564632
7.63692286183635
14.7464303939044
4.86444374541262
44.3404126617967
9.56763715587247
13.1055197884264
6.20740274719514
2.89031025363205
31.6942318222595
3.64684666736571
19.3492363077138
16.6404063705102
7.00435252175737
15.5380866333461
10.3078493120362
4.53513217527055
5.02059336152762
1.99484801882725
4.56700802721562
30.9939067724535
4.25685924993885
12.2054523318537
3.63030536040915
17.6948259993243
8.21165705497884
4.97266494238813
8.96021110761595
12.3097880768469
16.8996283480712
0.668619761630137
11.4670464739668
6.69182016240839
3.27496417461815
2.61403644285998
22.1632588864423
5.47997856302356
23.8926636608298
7.78137779175839
1.63526848647956
12.7911176354083
5.41050644856874
27.3454800601168
15.9086657812263
1.61709365861615
31.3336828492539
14.3809387997623
5.94183810422564
8.67724301841949
23.1474607668379
11.4959350133399
39.835960528002
38.3272051541948
234.424636212179
6.15632682068664
27.4868989782485
60.7386319946874
10.6862175387089
3.98141262684515
15.5096986007713
2.65632099542134
10.190719187259
12.0920857945079
5.23807859447997
23.3486304801183
4.67613668402597
9.1968192886186
41.996617035406
26.6553167196766
13.3328673121061
5.45357368378129
10.2240606759638
3.87147134551979
2.71573870189787
4.1803385644216
4.72778535062271
2.43725129029627
17.6389034520523
1.82330805168177
10.3449605629536
3.84001491267928
0.773129216035789
4.98992229096036
50.5899748348537
8.54216909580231
9.19614821805132
11.2429694872601
140.241853366421
4.39060734216443
42.7262241795113
6.97888923840483
30.955494972796
7.79609928582246
7.33341011033054
4.06387508301003
5.24249414560833
5.58809548774947
20.519543182692
4.00614716950356
3.48512064124521
5.43204350308158
3.61608006244684
12.3581722647466
3.76738305779828
2.80781366141227
81.5491943658034
10.0409143336479
13.248983491198
365.527528572926
27.7714734426153
18.7853156711288
1.95640371418918
5.69220462992091
2.07750585439166
2.85084512949565
13.4615688604616
3.64139386949075
10.9661668589004
7.03015157340415
2.44544639008307
16.836181888085
4.15265212680437
5.60666165693847
9.42074726503792
10.7173999510678
37.6635909265667
4.58564887630631
7.14294036093343
1.59023405916139
7.57039588503253
17.3504385259748
7.1844628522829
8.75537380727693
7.24433492945603
6.56180024000092
17.8966899677281
11.7528106905269
0.935537613738304
6.44343084827514
32.6223549217667
27.9472929991961
19.7285029068074
29.5430497594166
33.9646246781541
10.343348013002
11.9241993172789
10.6101382917992
10.3260815770158
11.2783543625412
9.37841657637505
9.34139550056505
4.74424277375835
16.0115782973915
42.3704053219624
18.295604720795
27.3051506996144
9.22491477636805
11.3314767047639
5.75455827012922
8.31200121165521
4.95846585811985
7.03137487912574
18.4158750131069
13.4710309554601
5.7816457539641
7.3195507555369
6.0524506891289
5.96954551279821
15.6575885731595
6.57717894050073
13.5604720795033
1.0690736663055
29.3610572856594
51.8534712756173
15.4162035580722
67.6440822294456
3.36467326086704
127.139911222956
21.5277409621009
48.316894434542
5.90749245628138
4.98698635722854
26.8686752181562
5.236559714795
4.58181107499448
6.70635583050809
4.23454848368344
4.71187759952465
23.249819999301
2.93127351950881
25.6146120955809
63.4672271736977
14.1798608926637
50.0633071196393
11.7225053301178
22.2657952069718
5.78332343038225
32.5313560052661
34.5802169328813
10.501555345846
43.800170097748
3.95885032563233
15.9828750014563
8.80169293861336
5.03960015378702
17.3666281034101
20.7958313236168
8.88788461314412
36.9437223445528
30.4054925261845
31.1185128097585
12.3041138023837
12.1308121584938
16.780259340813
6.86685773536988
8.24421889017047
37.2772593291625
47.6946978434868
8.40119522794263
52.7655166427831
7.86712092085796
43.6107427213309
16.4950426991949
4.67348222711546
22.5496021343772
1.87647396688919
6.79690317243951
16.4519473862035
41.4420910372467
6.44576095441149
12.4522571738143
33.6877176610394
68.350338331411
29.0147029697202
9.32391970454254
10.9950350098447
2.81942842496475
9.85168874442232
2.78678119138327
7.48061689559959
4.08584111006257
6.0752740787343
29.3686577423601
4.88374354851863
22.1125398156886
12.4181444199783
5.02672631738375
12.9301386413151
20.1309746833969
6.11738841704241
22.342476553307
36.0623280090408
13.2182470611536
10.7779733901879
46.764519473862
5.07416727831954
4.54957883331587
7.22210991110641
10.0499691260938
36.7611249752426
18.1247141542297
116.638216070742
2.80894294735126
57.2721189985204
5.9220323185721
5.32366106276141
2.15696759987413
2.97671058916734
9.6314937145387
20.7591229480503
1.152691855114
3.66867882982071
4.72623070380857
3.93614344133376
30.148842985798
3.83190614332481
6.06817657544301
2.12015192292006
6.51497675719131
17.457692029872
14.7111250917479
20.5054275162234
26.0121282024396
43.9587217037736
34.0630595458623
11.389810911887
61.8901889716077
17.0384425570585
34.7447354747009
1.9887455873615
7.4505143709296
30.749928232731
1.65989537823448
7.38153157876342
18.131720899887
12.619330560507
14.6339403259819
5.80079922640476
23.8017895215127
8.92896671443384
28.2375011941794
5.14501170878332
18.3090629478173
37.565971129985
20.5764566075985
32.2861719851339
5.46526394277259
5.43730266913657
29.8887723835823
7.02177484184405
9.86927673505529
3.81554879824776
37.3461656938473
9.21858725664954
5.00809711882378
1.91769832115854
10.3129652930691
57.5825087087717
4.76544673959898
16.4540444817261
9.70368727645542
13.151119033472
3.87052765253457
3.63846073188633
41.7827198163877
4.33851350879032
7.80469050365244
28.926154159822
8.97890415108408
4.15433457994012
22.8194284249647
10.5954935747323
9.47281348665433
9.67668612305293
84.652377057775
2.31540969091143
3.90991809676931
7.58032225367866
12.4101452821176
16.1909964698892
26.0968508615568
36.6841867347058
57.1879136229655
3.41161744317452
6.49915300641945
88.5941304626426
71.6600020970955
48.7059755571866
74.8306478860112
34.2992765020447
26.9080656623909
13.7876056994396
9.66924143394727
2.43612596553773
4.40346952803702
1.55068563373061
54.3031561287616
77.368308692461
4.78594235317419
15.8948190090059
7.64624328638169
87.3807109153822
2.38625004368949
6.36901459811493
2.01790208894015
16.05767991332
1.29553901180198
16.3957801777871
66.7225960877518
10.0482984399939
2.71479500891266
3.36944764834037
23.9229410599653
75.1561356354782
68.0873523003972
6.04313026458355
3.51846026586511
52.9271841832395
23.1846561345869
17.3103794577843
10.3409387997623
10.941001712628
40.44750713595
26.6482517213659
21.7853273216595
5.89377046124449
5.19626006314588
7.09250521361248
15.5980100893596
3.61608006244684
27.3146225810585
4.73177682243426
3.55736138781121
118.21588188692
24.6123052905065
23.8077451562919
13.6467633660713
0.460195961926062
9.35932566728414
36.3807415562779
11.5514895203476
4.10416261810726
12.6028334090618
5.20848624654855
17.7338785781693
21.9952074376988
3.49546631249052
5.24157375368448
18.5791012780632
10.297234863048
30.5409830717789
7.16574976990201
18.5756061188587
34.2168979297007
7.01677117192689
6.65871867463562
45.3007584495474
4.91862104318853
6.96910279263221
9.03310335185768
80.1446180373516
4.99400685051203
2.33360129553901
6.08154940407535
6.18876189810446
6.73708247410669
4.56900026796219
10.4505260214603
4.27667528805936
13.5638753160207
39.0735796255519
23.1791851618842
11.4832290610837
2.27767874826698
1.63437139561707
3.09124695629886
6.16546083674112
3.39100346020761
2.34490918411334
3.39844814931322
2.87314902193794
2.46059207996925
2.33010613633451
2.0924353104284
0.753971432898764
4.98992229096035
1.36566355597497
1.5693264828213
7.17206668763763
8.78702352242143
6.85836216839674
6.02448941549289
10.124411240432
57.9910080039146
3.1631190800741
17.1356354781961
10.6315636177228
5.70642992788323
1.98747090279962
69.1721109596542
10.3212051308937
16.5394963475586
6.83187119173279
4.67557641000548
30.3799261356354
17.3094026772921
13.0868430557012
5.59248773781645
2.046334160521
6.72465869770369
3.14564328405158
49.8083487702865
83.1591578996423
20.4976472918342
5.62360630526722
6.06329267298127
6.29057588573159
3.72334405182156
5.89130334486734
12.6113098691646
163.278692344436
