164.285596997228
137.143939676836
114.537330055073
419.470280505117
61.8445901932251
166.411292401305
74.8682072083095
109.383638701508
74.6977253701594
84.5927346560145
421.870983425266
1060.61814992318
604.859044370347
328.839366095267
111.36789607716
84.8788120889204
45.0979157936562
128.732728640542
119.532076219153
28.4533873862714
209.509964405446
111.099443553771
178.065111759853
31.078274291425
123.184924515021
405.171447268998
151.171225236044
734.444637065153
3021.62513198625
269.492988551854
410.760127334404
221.822417267231
174.863101673115
445.830741175874
114.903505726012
494.258384595597
219.863364094784
136.755567750527
94.0094983741063
318.732548331687
276.626563150238
1211.24887533697
197.134926755461
168.41734120884
244.883989266684
328.777414540393
272.645772894731
4014.02476796327
265.647969055321
155.376244516105
104.145816158306
267.808516956097
308.309392902062
104.290943614264
97.6259144389593
114.341476291101
720.679681970844
2993.63713487531
284.620231981721
167.090960952848
125.991619486207
96.3576728707713
143.740286184834
132.818098913053
118.984612883802
237.620249403866
143.776675360355
56.2454264215335
224.009978002677
87.5960585285529
173.587478735646
60.0500039656603
641.331257535561
165.209984819736
464.613475565453
1670.22726607117
99.3831609006631
98.9378227941113
150.078946415222
79.3992510270539
184.903029866996
123.742536218075
525.46506176558
283.461730874645
547.361169340024
866.778292939935
390.779587681883
135.236413163973
2330.87877671549
467.919282770709
1397.54702668485
102.291738238101
112.686531324525
347.993670589058
326.193775111132
162.826272688595
237.300661948615
164.658296723843
113.741836768568
233.78054643818
371.004125589648
122.286051816977
1339.08633313478
190.289001071226
121.625559925941
381.28000076959
204.225294026349
186.742120810946
137.531614012824
417.519269589412
315.486122135158
115.811689772467
35.4128293016305
289.357272870435
320.658481480462
375.70416880672
66.4156525790565
205.874630199145
239.417773927703
369.510918890063
362.688002504154
85.5804115305795
156.508096927685
142.224885277641
300.095112698399
253.262460381548
265.262303403324
493.046802761054
271.988462942307
365.209893507904
51.0899121544294
481.302566986143
120.746075617234
209.971266149557
79.0234462969555
162.22733547149
56.8054743575155
152.207956978959
162.026016893091
464.519025768173
416.455636181523
728.579931793247
232.919050688438
139.633402223868
933.287376905446
118.182317211624
267.433849004372
68.1807828783408
81.9770753473098
2049.18519093352
175.324952575371
198.772776025404
193.290919385907
49.5223400862818
56.8424606924579
117.210650910764
2618.94411742068
718.740799106848
45.0542707819929
33.4472733966047
116.387023560216
162.559124004152
38.6616882772157
90.7433479525022
107.964254352709
735.032093204896
485.440462700402
82.9231992308615
62.1957353100915
481.690684076737
174.428327939388
178.335409430808
149.321528223992
82.0877862156891
62.8218049554887
190.767319202056
886.27140165507
2458.98441230643
264.723462565061
101.372630596577
757.360688578697
119.527550149511
132.4677777318
393.50306470743
180.161430436412
127.728064542714
479.932655176547
3945.41377707223
1703.15617029614
523.177797445766
618.094904735931
564.725035028102
207.551757747158
239.866150901117
293.629780058326
1013.97894179073
113.872706139312
213.355869598595
150.56819836583
165.618239763108
732.486804020526
220.898593944215
33.5280883126173
659.30806130439
133.054337032774
95.0650465926084
42.2582151333477
129.414126939303
156.720722546039
206.634694795858
144.910537190566
313.375875015736
89.6031801247349
216.785489642802
238.667452201557
142.432727961293
73.8765126239354
534.774590535739
82.9790864606868
203.241505685488
183.473628918612
3016.86157905335
345.24176822408
298.663624819446
109.864202689314
249.374681202751
90.49140597268
256.76995442759
418.194220784967
226.316346851451
71.6223885855765
106.779699222411
294.003329777265
2025.46311899712
542.501064344415
172.383758537048
583.772334314565
220.733263043016
354.253528827202
273.04379067098
1058.72934391245
315.352806931841
500.980425191274
259.965110521968
213.940988356269
127.633247655816
3476.96440129345
575.251520237138
314.536465910877
156.05991396339
335.136518268677
485.428529341366
144.923477987609
765.674897927981
197.655974744473
226.651584918942
87.1082878527372
253.499080829513
240.11853904993
488.056960537256
749.788557167157
4230.17049276456
717.084295616908
323.863790784116
126.59017835362
89.7242783786108
5260.66217509759
592.626204303014
191.274916883389
79.548022086725
238.255374219685
247.331228539404
3786.75515599218
157.055701950135
117.511442779196
75.4015417747256
274.645931750783
70.8771331354511
117.414247726485
52.2561480926393
96.5897201862411
465.9460559417
349.000517861508
116.463172145075
1372.72699813773
558.123719873662
77.8718558032573
224.134376363568
364.771914846426
427.619897454547
61.7622058578611
212.58014951127
111.558783117082
44.5486837003775
275.988376889286
458.9472457064
283.78696170098
202.272174009461
232.239312358956
70.2065195131581
380.594003106275
160.027028133811
1433.74365637933
370.71969364259
226.327192144864
297.672494228478
144.402942071217
3422.26301373626
407.968640764745
64.9143174132897
201.039222567305
237.334583145538
44.2391541659211
397.271193236762
784.485365121562
235.411728736795
515.016071738358
2481.09570527316
283.504327811209
130.585295534354
59.2906351158621
146.072060554966
474.396534411208
233.093360276724
118.930910872373
179.908503593369
396.645103228279
2928.93349705085
4382.73183167765
514.845694310982
1385.93622205243
152.327706007428
220.04461109102
251.816173768934
428.517342688826
2113.89692722658
296.922156823877
420.264111620459
320.530958909801
162.170572212721
605.46560017186
103.425787260834
266.639115875305
531.173118265571
271.545869928756
154.394302111514
666.51981711576
188.19914829223
485.735836024706
3465.2065923543
1021.56682492841
67.3316752401138
255.214766773028
56.2601513552732
436.099581774684
616.733499366303
449.35199384349
104.277821326198
508.758147200816
3818.3007448694
106.15755846628
929.077755906285
806.533957513359
188.428956131726
133.958528373976
356.64356400244
869.557961618922
261.859662534408
140.481437178406
359.142171074947
251.977189262623
384.244339655428
470.365604002614
124.752777282057
342.494528891088
59.6378574858095
201.202333558767
126.639811465178
143.990364634093
74.7092280363516
71.1278635963628
37.5166593861739
188.207300153223
76.9809161782137
540.375255199396
40.6179442071271
3360.332965337
1230.64278700685
1957.76832161333
89.6536890756848
419.611791837876
169.176270209331
299.437062536386
369.083928514334
533.777866742706
276.90339712474
419.251331366464
121.333155466836
59.949184082787
904.545779592208
165.576397076644
330.430151986036
137.803456524105
1113.8495020635
91.5979769307498
51.4163447737792
242.706699507502
446.601904529309
275.449938042111
156.482708189827
166.609073888765
114.556766005374
309.774259118956
26.2495738071474
162.868957941526
270.660167323503
92.1906138506973
56.5607900681031
138.342947252941
160.64874624365
96.0142571313913
2318.37690315437
314.349896969866
81.0566988679594
233.419773807721
319.790315015467
804.022714666874
2362.51137718639
237.948655617057
170.258679661639
116.334198660612
27.5069140017131
139.788240639973
107.62236399279
111.458325688551
261.479153779138
104.939519177904
362.3266219786
1641.52873187111
4476.77883929933
300.718064270716
913.089598308289
38.322637772498
55.5663920756304
380.916569434247
1752.90517217978
218.295923858902
95.6504402089578
183.970278589224
462.441880299364
30.5164129079291
2918.21788586582
72.2792544272362
2607.25991821794
143.206528267033
222.518639091544
349.349728843894
173.892692681966
334.012912733706
339.819614177654
141.955194952214
136.958648852637
5036.43901223991
130.284458578705
95.5086989278029
996.564660885256
38.3157875440507
2244.68333538376
78.7531953896536
97.4671278805049
48.0827021592821
72.7360792614618
152.72563919219
208.560259507651
289.084441682853
4085.63013027546
403.733379293141
154.317428422534
105.14771196474
673.814254559654
1028.83469064914
149.191261255119
2451.51070110911
3573.68199151507
37.2221804418403
210.200512874699
279.833636676575
3682.0133219348
4731.42627984666
66.9104574495189
847.007683605356
1133.35149971974
354.396979062282
57.8553147193143
206.561836546879
71.029107968824
137.171163917999
122.56857745609
128.726539754788
744.771849323628
158.467404856233
20.9549443786964
122.517232513641
77.1070875084295
53.6870875479583
61.3946480611269
62.2064390420969
35.0371261590979
143.928731058527
232.121856330443
2976.03265488105
446.622366212286
1011.39387085804
290.211594035588
223.283445648362
159.851979274557
149.305923558172
103.50847145836
37.0365493313593
119.948766411106
1557.81911585981
343.647820642105
157.940992347275
716.604379331242
141.044770690528
159.378580576717
692.279767664799
693.314122138905
133.955946290435
892.093199007404
118.614800438814
152.572484195374
105.634765874446
110.567933464162
541.340070109871
75.3899764022985
85.6669843255219
210.432795808481
255.685326511287
66.5193404917902
215.920601898713
127.757721927941
308.929695593779
532.199123175942
98.1638285067483
138.599464325255
643.92619939171
272.80571311212
67.6340504727453
88.8879739503503
81.7564271914025
935.674833989998
574.117365297161
327.394723566327
87.089286253844
183.209293034344
221.532081777794
324.208660826842
184.299622040581
46.330973669906
577.529360513513
31.788456030952
180.326959410929
58.2417283795534
260.321593156776
141.04510581798
41.2721104104297
156.474655931561
349.034816835661
75.6575574577066
59.1959270978573
198.374330002046
149.512710113946
80.183888841498
178.299181850176
264.121710602554
314.432152343109
453.846660228841
199.749739627968
296.099134357385
258.1358803518
143.650169861665
63.2575498193671
122.144947952817
725.12525717135
40.9208878204226
113.504364668618
261.903533113669
130.931971268136
126.546042857939
71.2361583654402
84.8870248444516
61.728363668793
55.8380967968665
110.334311780322
2538.81222122761
123.179803350686
192.380541457731
84.9470447499065
436.036365371598
162.255051924
104.211004866195
173.034126584863
400.421492901285
339.272824843859
30.8592759311539
253.081894662817
230.387814055169
45.6736093667816
122.309733812782
539.779225485815
180.353152118008
358.893420142961
137.594657538311
105.529518617289
212.052247416644
162.046224306782
152.494722390738
141.531158390427
71.2992826406985
1036.15207567004
138.701112598745
47.5705182504643
35.7143520434232
213.864613123892
84.5953335127808
514.739087976198
1118.29526463047
4435.29547949566
74.9534470089852
624.599416382503
887.210025304441
124.126864194362
52.3057104910399
219.547025086774
38.5044595642918
114.671496983448
111.497507972281
65.3815080411943
102.750067121349
96.263370833365
130.020871610183
734.383975828123
179.357736007028
2706.74138303093
94.2678716730426
162.489889287891
113.009924468916
116.851970352762
51.4609000144356
295.249436889013
43.1888620596887
302.424749413307
40.9194944074772
248.459254619637
128.489182256732
46.9664852432537
102.377650405167
607.633916530815
122.108793166344
183.368800001219
238.372706037374
2508.69935634452
113.239855766148
510.316034516207
111.488416175527
659.80508350722
75.6373769465595
52.8290907231258
46.3154348369447
22.6896650889381
112.761563916797
471.828683858794
54.7313240044256
41.9450511113586
49.3319123299496
43.8266107784584
338.775893307792
70.167954724513
46.4891980789023
961.439806313924
83.7723576654257
463.270786626455
6863.60731637124
512.778589996501
347.121325646527
39.9004232035949
26.2897231708295
42.8875381969988
24.0913154471764
257.976411804619
70.1281194516642
762.547300323922
676.804872927826
53.4908246228853
145.522733423963
144.805501168782
120.389108105386
219.12333675469
268.25448083109
505.437099478603
109.33330558378
66.7206434026474
90.5310490954894
74.9456979685064
172.615056805877
29.9614407727424
59.9693717403041
135.745334181991
192.688687072361
564.880201757857
231.257576024287
417.171970717967
101.365033278854
1714.02838833509
97.5451744081731
3034.29581179252
2196.84835887621
739.090150147338
154.14678137724
17.4707310627864
168.650497349904
182.256961206052
138.190836210566
42.9519670950248
149.529868901813
367.395452786315
550.464592662803
245.367391557595
614.175663203417
623.214072748701
108.946312853784
217.468985259759
201.421062636859
303.1082208198
44.9769296561663
127.582725287731
550.702142850658
155.41303975914
120.680352000936
106.908684957744
75.1974120967824
143.198028413381
150.228791125937
97.5323910056966
73.3531569232317
22.9234160673099
1373.93278955657
3776.30543775554
283.550878077407
1476.20415977207
65.7046900102639
2762.79610259801
217.527942827818
796.762771088419
417.075203823794
31.318485733037
331.435215605818
164.303673830199
186.451527752575
91.4755202333415
73.5954962807257
37.5951435698803
3388.74763865013
69.5147900436511
81.2503066040261
489.25805605512
195.071954131754
3506.92631418057
148.876950349678
370.86589289058
52.664565625029
366.246972518521
52.6472085989221
149.669086084955
629.910267651984
740.595016272321
138.739964689015
291.091499396508
40.4505549362493
219.751459474668
639.296851387309
229.637118307105
671.625815544757
1284.15419998363
559.736371678674
234.309561543759
205.895501803917
101.271695488972
436.558919647616
266.73242041415
486.706066332099
993.519018221216
110.387688202353
283.768830826393
125.193857714844
1019.12264329728
311.327567983271
203.958421681246
451.050098468775
118.21077692805
63.4187008257328
125.012282446083
1603.71386387038
104.357903467802
97.5950967424733
446.296191556626
2549.80416193326
1722.1062183666
70.4319206245004
168.937594291578
479.130782353515
1424.52449129005
106.095612888408
100.430974755112
62.1778019756046
538.34346791433
805.80516494718
34.5365488786306
84.4990551315925
200.060849495592
37.7682036065521
82.2748087055515
43.019507440562
64.810619328926
238.099108976651
169.863979127089
69.6076022877612
166.570726431629
50.5871763147172
224.81550456405
224.482953335998
148.454843020123
97.1704495467004
1646.16610552645
474.405526818171
5279.29454153062
28.7609484806202
721.138504282205
141.102195085654
51.7812128225906
189.432852869931
18.2599121327864
87.6158885336833
108.088747796151
47.5619596157957
41.7603315720264
97.7666255792984
13.598379727035
360.046898406246
62.866593649413
135.204099825555
104.105482938041
80.8126776347317
37.1060110732673
95.6498503360657
199.976872059827
352.230620090398
771.432746487606
762.845690815703
100.684979141683
495.438845820612
489.374714789997
242.458587028672
102.59979796519
560.478197097348
1448.71053023827
15.8530878257571
77.5171308107675
61.7246842177101
523.209681470533
57.422956702384
67.039842589298
333.572282478947
327.149618785955
882.502644126071
72.9666596031889
214.06442891282
2515.29298913757
429.01995338254
181.672445480091
70.4927530481452
70.7588966749803
404.198791164418
79.7669306611647
208.543187664391
114.930365655141
738.645401438784
246.667667783345
198.365564966765
60.9177193843943
1232.15541731928
3931.28741157686
95.5023981927344
638.956950550814
196.026578043099
177.240921217356
26.5914402733572
340.945645907913
327.261561875124
195.522437130355
106.755054375517
824.617415622701
73.9650621158706
99.8682197718175
1025.62579322845
201.604964699912
82.6784017485421
152.654719317896
1804.19707999164
473.319145762015
47.2970563942622
53.3154096863247
286.168778990791
380.211198294512
185.011032211227
529.551958610579
1071.15471245592
196.495946168745
1668.54005335819
4123.71790994832
1931.91164197425
1054.13816180901
938.706831376886
441.544521304205
365.803206035619
215.5284078096
145.293752730971
74.8987439133325
155.918844582823
22.8385062812842
491.359278613086
463.581840153649
84.9747839754334
248.108714675361
81.4278530120271
576.19736878696
25.7205372891516
119.875278300034
21.2255676655437
424.366972584805
75.5029493389353
238.026726379629
191.207502883709
180.882083812467
22.8659596655405
113.63331323582
603.434561344619
1516.07671994233
2127.74074935119
157.000190746519
97.1470501050352
439.796061610103
121.659800022558
302.714301611911
379.741868587865
209.172944314855
927.877577938159
463.758913627676
251.274602979309
127.383947176695
256.72255129849
191.415832044105
207.060561679642
130.428224684388
340.594842533517
314.02739659536
139.613395484919
5163.67948545699
468.192607590468
233.220595163117
68.5148777791482
40.3535145143767
85.4577783383428
431.401923286749
71.044963393445
65.3183603871977
196.96662349102
206.940825538512
136.795436255655
274.622764579973
67.48506917959
17.9579515149182
166.758289836832
83.5366224884409
1178.04865202491
114.900747364972
372.851578579447
677.816869761089
253.342446374869
263.61427020084
1154.70297571003
50.7599297599923
23.758414807045
107.700189155294
3675.02175522445
109.932606063275
76.0830213769222
141.664896453498
277.852112027132
502.816346839719
419.101522325319
172.106490906744
416.273878658718
453.200745852175
464.658398032674
413.447869737908
139.983675335082
36.7346139760956
42.2944073117423
29.9958183446416
48.8320854109799
35.1080215731636
18.1232623719455
30.4590481227602
23.2866058910996
45.1626312870631
39.2109763086774
70.8985914149971
36.5493343448775
65.9502305923678
49.412536841281
34.6856020660435
51.0665429778271
90.7539742591255
150.385844691657
48.5387517671228
178.734195570857
384.300580386637
17.7561857677418
340.890031500656
738.936567880128
184.758023942403
59.5761029351727
163.534214544844
71.3590808072988
731.176568671008
125.951638886301
135.978451235699
335.468755188587
221.168159604897
177.089434450879
151.499075398773
123.351656846102
166.706986074731
45.6381458425824
1906.47146899135
803.147005147179
151.110266224474
132.035848315015
74.529007417037
78.9671445838528
113.153875010906
121.089958386404
2594.71869191975
194.665007620556
