8.81687695874548
8.2099048151643
3.91822014842776
15.8013280439924
4.03923898733587
4.59846446005615
1.79428180303613
5.55346533384595
6.56961995968916
11.897076881852
4.90381310218678
50.6524273880675
44.6991785210816
16.3827432339543
4.25606223713489
6.89483753334964
18.0362670534643
2.62558910908392
4.16855987790242
2.92782496242703
7.38527139911224
6.80506332063426
7.75730301865248
2.33949215336758
21.7107639252968
22.9717077347873
5.00386133538383
22.7278552538068
96.4512483543625
13.8815396176296
18.2820127456806
5.86220917362784
15.0483124206308
10.9273006885463
4.80109363531508
34.8043503081566
16.4260832080901
1.97010473827083
5.5642934535668
6.75078571178917
26.9072597951837
41.4850442137639
5.40002097095521
111.177519135997
6.44906492840749
24.9927393892792
47.0170087262475
255.454878543218
19.6443161721016
11.0295573963394
5.68698041545794
9.01634569454639
22.7231717404728
4.13360828585742
1.63456945463865
4.52705835750794
43.8872884554892
200.673524052521
12.7911176354083
2.82870912120047
9.18411333636247
8.13601994570852
2.71334556639055
4.6788531217597
5.61316265305885
5.76934279356424
7.12546456491094
1.38291799191453
8.74931553132244
3.84524122423777
3.93957801777871
2.86030536040917
69.4865820838139
5.52134726736802
82.6383791781716
16.854270385516
6.00619575221651
2.51553167196765
3.48327566320646
1.35612177134668
12.9041277830205
7.94997029114676
16.8047254552445
6.78725653303508
14.7915137534515
52.834352754768
5.97561066256569
7.75808838092575
42.2078653897685
12.362524786504
100.155173418149
6.21135227709622
5.9459717125115
35.405969615416
6.16828306129342
5.40934139550056
7.16382498572809
2.32048501159228
7.48357624689805
5.04584483823238
11.1693637645195
8.55846341150839
71.2490956858085
11.2186756841774
5.96507170901635
12.3157759835961
9.30986636841308
4.97244649493785
36.4029875455827
16.4138803257488
24.81800834178
18.3157362552864
16.8522130183031
5.34609579066325
15.2411146062703
20.8826250975732
5.58759451493016
8.11450828935258
8.39770251534957
15.7988069856582
13.9517132105367
2.96142695699789
4.79045355515944
5.1621637365582
6.2544708911491
21.9074924562814
5.85672177367679
12.1143499586406
4.89858900422914
12.2015144524833
1.99806601190684
17.3250217282397
15.7407359640232
32.4478930015262
14.0214136753929
5.4932252164086
3.28613703354189
4.34849288735102
21.1995130078176
26.9774630969441
10.5926624957767
14.0214812484709
25.9329162443349
18.3894189880349
36.5686857036338
4.19198909510329
13.9060569943961
6.41245208719257
2.1064159472464
16.4408806636142
4.47868535411787
14.0024675823984
9.68392110260622
2.06447403679238
5.51128120885906
2.65166078314867
33.1227593116867
10.5501449326017
1.62524903009331
2.47457271678725
2.56947560961402
1.01931657987021
16.1888667528806
12.7341189286172
3.14100404273414
11.4655271282607
24.8389314133259
9.12819078909044
3.64934920135612
28.8478709820233
11.1693637645195
7.40126280102058
6.01496580569245
3.29943028904967
2.48401652045251
4.70537660340429
27.4105507205853
29.4390479186327
2.44466102780982
3.30877168455023
29.2698822131348
3.3122458727995
4.19531637016066
6.10953828946909
7.30282292358418
4.92552503116518
6.04218657159834
55.9455104680018
72.9463027040882
37.3867743175701
17.8993183274498
21.7646894551047
13.0951964861999
11.9429590017825
33.5104213996947
19.8453213798889
2.80544778814675
5.28468071720667
5.86073176983212
8.41005895168525
11.85216443559
22.1208626052917
3.16620169398716
17.0439183064789
3.40067107056726
3.36857141192782
2.27229620309204
4.75548798247761
11.3371314063356
16.4191604627591
4.71030955460021
29.3446767560262
3.82603427586127
5.61795672992905
18.857274358347
3.99846212995002
3.44552363310148
20.9226031945755
6.22784651590881
5.60507031095265
9.61278517586477
36.3611733249449
7.75604476133888
11.9746739598988
6.73866694627941
7.09027996225229
3.59750340778022
14.2797758437898
34.3389954912446
11.3746670860858
3.71418918131721
25.9989724231939
23.2204931669638
33.215763051507
33.5663439469668
10.8976336607133
20.4909533629257
35.9990282292359
29.0543007934012
4.72079503221372
54.0114291705986
3.88282583621684
18.6108907995759
32.7477986322277
15.9072453485256
5.94060559458483
34.7601331655657
20.7790778604966
11.5357798282712
4.25247865040251
19.5567881817017
25.0424450968741
3.92357939254133
32.5893634150036
23.2358183915277
2.75906283131197
3.78758752461175
14.4331624200482
6.80284494308717
15.117794205026
10.9969511726259
177.064765300059
45.3660014213647
19.3657752845642
8.83555963324129
31.6276956415365
127.381713210537
63.2841354723707
3.26518460265865
15.122388824811
12.6164407628767
5.60886605384875
45.813381799541
25.1925906120024
4.62624619901437
5.64351706220218
15.1864667435602
5.41692111425675
7.24488017429194
3.5800052427388
3.20040077825545
31.8563722577561
13.910733633917
7.2827467291135
112.798650402526
30.6408956927988
10.2736545384642
20.3924639707339
9.15265690352196
12.7436089848892
2.402274533105
7.25595050854566
3.05127398553003
1.7423381450025
11.8280282641874
24.6152412242378
20.3556417694826
25.8482470611536
10.5705730896043
6.42643272401058
2.75407116144141
2.23224167860846
92.2544219589202
13.6389336269267
11.2459105472254
19.3709481201869
2.52963999860193
101.092819777941
22.3080702060979
3.13282432164785
7.39866298509897
8.62605291671035
2.33711742569875
10.8761315577925
17.1668075215826
34.174651241364
155.894574347861
22.6206703715354
10.7779059336153
12.8761665093845
3.59733202847389
7.19227558165274
24.9367958710519
7.8524576794473
7.28274672911351
14.824901844279
25.0008737898011
113.3845093379
346.311117984924
37.9706989153356
121.240196660958
9.62041825405147
12.838232381485
36.1505503710694
17.4165948993976
66.048737781506
6.12170831731384
16.9041532976827
31.2898186012373
4.1328351566414
8.69557617699487
3.53593606188762
7.17090163456946
112.050143884054
18.5751070101243
8.17263523353489
26.7571912900633
7.47587279950601
18.8738597043095
38.8708374401454
92.1780876818939
3.71956368762596
15.1363694616289
6.24069763377722
33.7264250346603
33.9764961028975
27.6015653653024
5.47566308995375
23.7313196556103
183.579203802733
15.812100241166
42.3659175375438
43.4331783812753
15.1959804504095
13.7942283271003
21.4066128412149
56.6665337341116
15.1878648072419
9.4322696398821
24.2829955844488
13.3403305255554
4.79419337550824
16.3081587501311
9.926252140785
31.5520878916035
5.44686297810865
32.4056523714655
10.1897754942738
7.32119348036304
24.3445596681929
2.30680507497116
5.45588048885626
2.92078804189531
6.38703750305826
12.8809734018384
2.46408723917374
177.749753474771
56.2187713350343
6.94835447904654
9.28706429927882
19.1834398191838
4.90034136054896
2.30070707070708
10.8748266983561
37.7605349923689
8.63240105786819
36.5991984434891
7.84186734705766
4.74246501928163
14.9548425430778
18.8516048606014
31.3133992753368
11.420411613249
22.1895685808488
84.905640021903
17.2659162559854
21.3162611116936
29.0669322987662
13.1697598825627
15.7014085491594
6.48910092854729
5.47858049934172
20.6647162513252
15.1357239057239
2.752076707094
22.0224224948446
3.94253958267799
7.6742045600177
9.07226824181842
14.2695699789125
6.79809152656904
145.132990807731
22.5589691610453
12.8171517947643
50.9030675847285
24.2478323022613
19.5145666585113
61.0633416052101
72.7694778232148
10.2767467058124
7.57929700697868
5.0842915894819
23.1281995269885
8.72063879859728
7.10498293197254
11.2208426828842
5.17633078186712
24.1527453310498
59.1940595109108
49.5800471846493
25.3583739354328
35.0420211340626
1.52505493225216
2.61473547470087
7.82197989118404
25.8815122388825
62.9905815944916
4.39341512005872
15.9472463970734
21.9974670581245
57.5850780003029
60.6271362995584
2.68908450129904
91.5652003308751
7.40237624223787
11.4088828306129
28.2394951825056
13.0939637435485
28.3991540549672
14.948691062878
9.03498654363707
5.53078314867242
200.821485792178
15.3792131231577
4.49134342269292
50.4883757995177
10.2555775750585
7.25406999638835
16.4412288979763
16.5054932252164
12.4970116388802
2.49204851280976
8.79725932916244
12.1339068889588
22.0148427760885
234.80458133818
22.2679224773688
11.5253083312945
3.4163851898454
26.991949483299
55.433224983398
11.955720876586
42.6547200960004
260.462178765743
11.0966644530659
12.5219903766617
49.0251884473337
52.0124263395197
139.42335873149
3.51222245523284
60.3427795836101
132.789241899969
2.71076112916942
2.7961273636014
6.39440063844909
10.5092656670511
6.0804119627649
9.64769948621159
6.97517271911735
13.1762007619447
24.2711693637646
8.75926636608299
46.0513158109352
2.87736173732713
1.69049200191069
7.09540374914078
4.56163713257139
6.62216163946269
22.0427065347827
7.96896298626403
168.688986753347
9.48181457015367
12.5821605909149
4.20596029499144
8.47620146097655
19.1315996178626
19.619976465928
4.62875805342934
3.80061048780772
2.86654538464227
30.0144619202405
18.8985937809467
16.7990125010194
53.073742150455
15.2619365512099
8.50954760989363
22.5938885976256
14.1785862081018
5.12905059825475
34.2033833141099
4.23175235631982
24.1521890182098
7.89905980217399
6.1374995631051
48.8508965083359
6.74462223154264
5.85094812018688
17.2491442685214
10.907243600946
3.44622697563873
8.97729998951452
4.65089184812368
11.6057204105647
50.0738368692696
4.64923514266075
9.53828946908531
25.2790953362925
8.90224459124113
3.95769214637726
4.51363694616292
3.2676312141018
50.7442940360933
17.2201669521047
26.6875285729265
19.6148334556639
8.53750888352964
11.981405753032
25.7683365372293
44.3209255181574
3.26895937459952
29.3952707000804
1.60454126035442
7.28274672911351
5.32545757459251
17.1620541050645
8.97090862488786
4.14678503605839
27.6012722379504
15.3924083977025
3.24550976896998
6.82402560786644
8.25668018128225
5.46683198769704
3.46647326785735
6.4109229550406
10.6816003168944
9.23200866799484
22.3726607481971
5.10176738550441
30.3019090559575
8.55784837999371
9.86041021518531
4.75177379329628
10.5748399799611
98.6304381764589
5.68177693893958
9.47421155033611
10.646334160521
17.8153479430988
7.80063145876295
5.36262964128016
4.10343108128576
5.99652814185686
3.89571132315077
7.20276105926625
24.7955218855219
15.2170787459369
9.13273216595016
5.25762072862419
10.3584868290751
9.11373248051446
6.89128889820931
6.71165868605315
15.2939988116459
28.1977794088521
0.711847424650196
9.49353978073702
22.9515454428949
2.54797106008179
6.97517271911736
19.5297845816877
11.19274160288
15.3259818484732
10.3305255554391
10.4020200855149
7.11497908729743
2.75179709435763
26.8326051751657
19.4988291216665
2.36156256917503
43.5656303519625
4.70284156443326
4.18608914986078
3.34543345799401
25.4394295900178
6.24468444537648
23.9807974788252
120.471853366421
230.106590705207
8.11309170132698
16.1743268905899
70.0890439574523
7.27614542192397
2.83754500017478
10.6536128295644
1.87690049281745
3.0571202218261
7.90019922407465
1.57515174816213
32.1770880663614
6.71745132990808
10.3205959246443
28.7200652429718
23.1413161604511
58.1909055957499
8.16051576899328
19.4192326960493
14.2136474316405
7.36945685225961
3.62266948609508
24.8016565889576
4.59276735055283
16.1223374459707
4.24239861125674
2.37670825906121
5.99222909603534
2.65737641699579
4.70098913005487
41.3900229515455
8.11000198059021
18.1002644670465
11.9730294874931
168.457001386413
5.03424964757145
28.3935083243042
14.8427760884508
11.8662985098971
6.63963743548518
10.2399425628837
3.73029767105892
1.39555404098657
6.13622965526082
27.3004707979449
2.3161254995165
3.65045844838232
3.46253771859308
2.27418358906248
14.807845467361
2.35806740997052
2.65058182750223
30.0117670359885
4.62642573369218
17.2649214171705
414.953231973716
22.7038085584798
12.261729637785
3.21088625586896
1.22237030046718
1.39845746973775
1.31261635967518
6.88941316276957
2.61814220637749
33.2102920788042
20.2754185453147
3.95603777102048
8.51113895587944
2.94751004858271
4.80298474945533
7.55409446250277
17.23358836345
32.3546887560728
11.5886266354433
6.06054303123507
1.08558479838757
3.72842333368285
19.2500156117111
1.501914182191
17.1470063961414
8.23781016625309
11.4781028275838
28.9989472580476
12.8190789090443
15.764712756166
9.93645369496581
100.589516852493
3.19108035371011
45.8793662111309
17.1902567776962
49.7713858306246
12.3122808243916
2.7716612491699
7.21748733004787
7.20735136835482
6.40313166264723
12.6118275022427
6.73488052380787
13.6119929397784
18.5977421271539
17.8155044097259
25.2477554087589
18.9102609718873
10.2970674449221
17.7581391772395
11.4315007048571
13.1173324944951
2.33099157666632
7.73012710728974
16.3306164295784
8.96134353919822
15.7054348560577
1.68032842845991
5.2794822504165
3.34541015693265
11.5439399764659
3.72595388719956
8.36391597637272
1.48048640965596
52.0767070940081
242.334539862291
11.5647663486072
32.6469283375858
7.67027355446041
131.213840364429
11.7530156233617
28.9434133724791
12.5581070217749
2.40000932042455
4.25328475062039
22.2823739121317
10.4306104878077
7.0590565400254
4.23047767175795
6.11861405287011
34.3587356844104
8.32168280265167
13.0163666655016
21.6653268556383
25.2791764239861
114.008852073212
13.7273426304568
12.5665609963534
3.34137219950368
15.3868302401174
6.70238719373669
9.78178556033228
42.6060786643832
4.70681439539572
5.10529749630098
4.84283900131651
6.6301607773234
4.17904535551594
33.6470756002936
9.00353011079654
22.6579520697168
57.8624706115363
37.0630988081507
6.60445376486897
4.09672957953234
41.1650832430417
23.8629617979099
11.0819847844069
14.1878087681894
60.9208909160812
4.46914356948959
25.8103410110331
6.01784628289819
57.5257324106113
12.394330735265
10.4330502254378
10.7434087122668
18.3866969580465
34.422775389419
16.4909835378001
124.826052800205
5.72147076299327
12.3956263907821
17.135789265201
52.7914573648831
23.1562429368658
10.1254762154416
12.9309240035884
22.8878472149406
69.8745726002819
8.36193305605071
3.96232311581793
4.29205550312817
9.7038969860077
56.4945883284983
3.43306874978155
1.38291799191453
10.1173208439644
6.18813777917584
7.34915475399903
6.75097678049234
7.20934838581899
9.06877308261391
12.135786935095
12.0283176633696
15.8378595645032
47.1889716076567
5.32177833700327
24.9957264688407
13.2377738165973
9.57788018594248
28.3907140610255
12.7583017021425
111.59198198828
3.02688464809572
30.8694791047731
15.3320983770811
3.38325108058672
3.29943028904968
4.54691086178976
3.60234408677315
10.4537950438643
1.57553143895704
6.72778954481377
6.05245068912889
3.55457691097829
4.93399974368832
3.3651392820943
11.869560658488
2.71224354269337
4.71076392529681
11.607850011068
2.27884380133515
26.2142601330491
17.6626374471357
32.1383219740659
35.8277119522794
7.40980310603148
18.6215580254681
16.5316904920019
24.6653268556382
5.81364498502905
43.2128998170867
43.3331491384432
2.07821001246607
8.2818729393124
15.2991390257826
36.402416203558
6.87093064439083
2.9400785245768
5.84740134913145
13.5786818589587
48.3875920683187
4.53904675357963
7.54575745925227
24.2725077767293
17.1997738631995
3.96166742395117
4.66574149802524
15.5877644961728
21.9729008656344
8.18634546153578
10.0772705136719
4.9651975347477
55.7920613283935
14.4028054477881
12.0885906353034
4.9516902589913
18.8717020260273
156.537748767956
7.34897521932124
63.6713152284087
11.0933906539443
14.3230993906772
2.3802034182657
28.2082858574208
36.2611116936376
36.391379888854
7.65680088078012
47.5351321752706
5.36479663998695
8.07385271399108
29.9121040858411
8.64462153251081
7.53556324490579
28.9898779024384
95.2694567357544
13.7786001887386
5.31798958442556
3.11302179814291
17.3930375263593
20.0572790185593
9.70547679796815
41.341430452157
58.6597298241935
7.72748756305853
24.9827800496313
106.999991145597
38.2530937984225
90.17860263535
36.1387811214801
12.6019431920124
19.866484918388
20.8950147379213
8.6197150280195
3.6344995514546
8.2156023906889
1.77088066361423
15.3880209243531
29.9071336199364
12.5905122738341
13.2636821502219
9.00064264327242
43.0603613994618
2.55517796185616
12.1489593745995
6.08609963533839
28.8501945638624
3.66999394172405
10.4607202358067
16.6939861125674
10.1592627544184
9.31367224727085
4.56620414059861
30.6381250800974
40.3548820383769
76.5963324129414
7.68469003763121
4.44699591066373
29.0969091142102
5.14271422413291
16.4269270560274
11.2957263523353
38.0027330979926
80.5037106940221
18.9051943891044
21.658012535971
6.00228117390747
28.747684457027
9.03777102046997
21.2764464716368
9.61795148719025
26.0090524623397
6.8402086610045
10.9898247760185
68.0468420071534
16.8376334277026
13.8979948271644
10.4926612142183
1.95219309589551
6.0769168035604
33.1997017464146
6.34601831463421
5.04768329197395
17.0668507450514
7.41323267274824
15.2583974695047
17.5159087996458
5.00984889261706
4.09923689024035
6.49308063332285
5.70899304463319
188.246625307283
16.8466673656985
18.6056644880174
33.0536296063286
8.71222711544511
36.988104808174
43.7493862500437
6.93534887514126
3.45205224097958
10.797024454464
31.5076951755153
117.420579380891
1.23961646452996
6.10826838162479
6.88196847366397
21.507007794205
5.26021460277516
9.97755676721076
18.20996772803
32.2379573124556
24.4162104318852
17.9818484731979
9.67315647827759
5.84740134913145
3.30817506087403
3.23884752950497
7.53439819183764
4.50396036489462
3.28601575151747
3.54654491862104
3.35584635280136
3.84870387846167
11.3294630270409
4.09801113790734
1.67301620588817
4.49345345030467
2.89513124322813
2.5898873393683
4.15986112567427
5.97176598744073
9.03831626530589
6.10155289923455
5.70508534013724
37.8398027565155
1.29822550767187
16.9573474071744
17.612920438526
5.56753975743595
2.07738969860076
28.247632029639
5.60700849323687
26.0492187154125
3.49948155138466
4.22213507625272
13.7827477776613
2.89738212575583
14.6408652849137
10.8717369776193
3.21079992543661
6.11825475050388
1.14990737828108
22.8613703354188
53.6468486479559
14.6330665361807
7.37117192688127
15.610254797106
4.63710449360969
9.28849044073956
11.9988815490546
174.057153192828
21.2819875805343
