118.687882053129
64.8525248770108
26.3311892061169
265.472879731943
34.5659980124892
20.6128032032161
32.8443015572459
85.782890936381
23.9645600864932
144.47692612387
51.9135560268239
208.949491437863
184.220216974447
276.166440512694
20.8657272377574
34.956599387566
14.5009888937383
69.4420501139565
12.7376925044651
24.0569391790125
38.321710553627
13.9441028627651
54.3330933750998
70.4757763934745
253.17883923829
71.5120802173659
62.4406456252151
62.1623447273478
1287.819072528
19.7957882165669
29.5290668181454
21.4787274499523
71.2210598066643
100.570632406516
51.2589826144924
111.917214114
38.6505915889795
32.5632024116913
23.3141199579308
49.4527189487972
19.4602115308129
35.2302165362194
39.7666093978579
362.818257823502
47.1452785947882
194.948687384999
1751.69253668193
3089.00959559673
80.9252439890071
64.8865643491559
31.7068319307909
39.1363755126508
44.6069941736518
31.7019667021956
37.696208258096
85.4484012400321
54.1026967126297
2524.65301613981
108.056988207701
46.4661429170024
41.6253793266404
94.2678687436098
75.1633008458567
10.3875665964389
62.8749555712567
39.4425467512655
76.9295690277023
27.48918786513
127.006866598579
63.3171130869198
148.482905235388
52.8154483042503
212.780536474998
78.2474638237971
371.304252427784
222.810673495083
75.7827595676098
54.9401947342029
108.177355434469
34.5746954575068
51.0566624806009
28.5479315592357
47.03115845173
46.73914882159
13.6777286633451
152.195572827068
23.9627283729072
72.9269507094639
149.55618627401
192.931565059687
1794.3917348892
21.9698046832487
25.8665847144104
85.8412788595835
62.0234597085652
123.615570085185
42.8504871812112
24.6069136654842
29.5802960479351
92.6563438856903
104.954011745644
117.68319447745
367.416419023733
206.056508568151
201.950913889728
44.3026860164757
34.4895786715047
58.3440996233135
262.649235200326
127.719699015523
18.0256968412732
161.591093106047
160.255860847694
105.282135129455
233.567567605942
66.9653264103726
25.822454450996
37.5188994989025
65.7841477961929
29.1547176272354
39.1514441630818
45.8703454878996
33.9574364635628
69.4245378101512
18.0377299428677
36.4960789577965
26.5940733052222
24.5684833821442
44.6961901743021
134.210809090274
96.6313846021271
91.5315332600396
18.123357277166
31.9259269712281
25.4542271419284
70.2305838940383
27.21651115133
33.9621692534932
62.7704887768804
51.5965111408607
71.376861223533
103.761436062921
204.299719471943
405.883374779139
91.3051926824828
138.90441598775
35.590446952808
40.7991023997451
52.3961076124935
1687.85423476037
27.9695168533786
55.8592632393155
50.7056132054563
79.1707943328232
35.0288909954499
29.8699580596012
1782.927467396
138.386485605388
35.3295564184275
61.8814685682513
19.9194717887705
13.7002016963705
106.255900965797
82.4376525905717
79.4169803452184
198.704972601176
76.9224775460422
59.2504253481995
44.3892429016361
163.392479644721
297.879926044981
26.2553775346852
45.5876723382001
37.9425747073608
56.9757565038109
56.9922296569866
31.0802738172986
291.90248830212
66.6222830182505
147.357836333421
109.295598698658
47.0112286720172
53.0468487458472
215.706696562526
19.7906265781106
71.9563253075731
238.815735508173
1247.56859454449
315.349516053677
333.568899423561
93.086291228414
407.099163365374
57.3541744776408
198.916292816309
166.737609522056
92.3632432057198
39.5696191836544
26.5490368247935
71.0139701241331
202.685707094374
50.3159450019963
39.437809520394
20.0296368364132
116.463770166689
63.7400633049846
23.4648914306891
72.1098484098912
61.2312767373199
104.275428048335
98.9525706639976
99.1145304411537
84.5377147008635
38.8152430766107
56.6747350278451
31.8362274743249
67.1522853754559
38.0695414078054
74.7950088559141
27.6019772017643
1759.81815748306
66.5519435879206
2721.34695015117
153.651839120672
74.2833025351265
63.8401599789644
194.330528434597
28.9014307705361
201.461734718678
62.1877344244382
100.6763410172
92.8553478117242
15.1911271516671
48.7464962458294
1193.33859297772
296.378962548972
134.018864664926
80.891813165106
102.8463005548
392.77752739256
103.865083662285
71.3962415095303
64.8752073756432
121.081979573168
19.6187963653497
113.858167321949
123.659998143238
77.3992658757788
88.8165786153086
116.104344096282
59.6854300724366
26.4162807265001
41.6740221928692
33.8643629937574
130.943123808335
71.439342901019
97.9980643706283
28.5345400783699
37.2379145834765
33.8249985115095
77.9337961247217
27.0634330176594
2366.23938834455
248.585104800225
85.7824799678726
20.4108510282329
41.4561506489885
2029.96612159238
97.1544222710018
55.6911607012293
100.159338074798
49.4434667804726
139.904709924937
53.0969908825813
51.3738800117545
29.9091282481554
56.8733385192287
238.624627328132
46.2291750516742
51.9003024230515
45.2056259527224
123.302081464682
113.786391917418
237.931297310205
77.5102383250329
20.198427633721
310.356150684757
44.6750894475263
120.17935288265
138.216236410126
178.352296800189
50.1964772786367
72.6595326512135
26.3815956599728
20.6931517353549
28.2598751474694
93.6018374500247
61.1830245401131
106.329571403619
29.9679965800323
48.9228828882315
31.1052163281323
25.9678003936089
1003.94659662964
24.9267617960771
27.6579031344559
132.547463305379
23.7646278143141
1958.71537398296
43.4646337106595
39.1996770776723
31.9579489068605
15.8511525141975
44.0393973131466
74.6657157199736
47.7443660523489
62.0433602987531
1647.53135942998
860.931660546554
45.5150013674583
44.8669783146134
66.6469667067005
59.6701654814056
25.0669732089578
80.7649681787484
59.6028759720167
50.874057879474
206.425092612878
421.720573648237
2134.8443768957
65.7797900319352
1324.65295525649
35.1557779754566
83.0066451791613
70.8135171960122
128.913407659892
64.6034677923924
306.98895653091
38.729988776733
148.119730130859
52.0998248980067
44.9785767627428
16.4818593267224
116.532168606697
784.704112423095
56.7379246742861
81.713535479157
27.9342746582221
36.8699883535561
92.5130176399183
2597.88584035186
1013.03222225194
51.7673283723027
69.551564823067
44.1040190485603
16.0911737494382
158.522605455627
324.050164385522
39.9873922117704
70.9076205630642
71.115584634449
155.797212508945
329.564118683754
225.704019763563
144.408444882709
78.8842358950694
83.1162267936689
294.530636538898
63.5309833122301
69.8801958667393
42.9427881318738
51.9508356909395
99.3212091500209
35.7183264583035
40.3953459828132
41.693668616574
34.9884913009732
50.7413498608353
80.7060360311545
28.6815799223189
214.748766804203
32.4009888778973
60.6797442508113
28.1853558052769
35.2203698751541
325.878622998476
38.7715296169627
1370.88412861189
197.724065680812
22.4380513049687
23.2929330301103
139.474333151884
163.743939736089
68.255229670124
75.5007699015902
176.058197174579
69.3718328547918
136.023662379879
63.8453779798213
20.5524189137486
29.4439625242217
40.1334141265516
36.5988174592794
36.9661078716092
28.0502912589405
165.627076210045
14.2596011782333
59.9420786694708
51.0702491503519
482.440122394484
48.0342168870848
204.516276798543
43.2713534056182
71.805954672756
113.066694654263
34.2438505695159
88.5932656426873
150.646856452839
70.0973285513606
31.6477670222521
57.2150423187025
27.6549067180815
2051.38793406125
63.7976906500179
33.2660921542821
60.7789308948665
70.9306969036997
17.9688306824149
1296.77169064785
1009.10168799388
14.2784287727819
48.8582968542028
16.9001071024033
46.0031064466757
39.5561583581394
55.027040328125
62.4678975026401
8.03129294723498
69.9931262127251
263.28193211976
2900.56622359912
120.371668695275
233.939447968668
50.4348270559567
33.2214513034489
109.986414408063
157.001361558122
143.405155089677
25.8932795641647
137.642056184588
99.4654144884482
27.1091243443273
65.9032036146682
35.4594788620809
1223.45225438505
54.3774103611764
19.2318534762228
24.2463144259528
43.2300122660218
86.2251128705896
45.0252695932585
60.1034753548712
119.526827623983
1452.91491105692
44.0223497207291
39.5882840840001
294.159380949963
115.018888730047
94.5445182648765
21.0149293946611
108.52533698717
62.8876861389867
45.1051955244179
32.4243035936996
123.570491266035
54.2274499114967
562.024203639144
147.191505948228
376.279380373396
36.8163513418456
98.4242444292441
288.228434818732
88.2913476514602
50.0559099237206
2363.05389149812
24.3313411678272
98.3081738753174
101.143440983061
114.160024057135
1007.46196162368
40.56212966336
105.545984916389
180.691737724567
156.369440253914
21.3402802386166
23.7028528018996
59.5282472020057
37.549684692026
11.615470647154
55.0174026876743
24.5926441766346
106.781604161082
37.9095314469411
28.7835845531698
42.2370026083592
15.3718985519725
91.5811802861704
86.3591621608779
17.85743708838
235.158545463
7.35156770029887
2457.85813138811
396.307363085299
166.869830098398
115.3942124227
58.0869772526521
65.1918755827654
158.93172254879
49.2762334737645
38.603134848763
42.0752557843684
193.014064125096
71.575353313384
59.2152717926498
109.859901611968
235.712875221692
96.5867001890314
216.212946511657
53.6111429133647
27.2784293096187
123.366160817861
87.747957452375
64.6602764774986
28.9424413644892
65.5468168773911
110.468343160934
44.8952862872869
72.6842852337003
223.658798555843
18.4866868869373
85.0054965512192
149.645957369329
96.6493862902206
105.087502250356
209.277290080397
71.3316190402133
72.3654940066025
109.977356072325
353.679607275895
45.4729511553252
28.0878708882779
18.5767220538304
306.968865547872
244.175608399656
53.0018408083653
31.9789792315286
53.8446954224809
83.9044443054732
127.06110628211
428.280579616457
44.7923848299367
66.5796975389292
38.5744184453912
103.840240221717
53.2145003190433
112.584378877909
9.18690967262781
37.1461239262117
43.0307254763885
49.4750999510641
72.255396872858
16.0219022766828
17.0126529861679
28.3927592409098
4.97880329995303
72.5116639967203
70.23787352765
42.4807876181634
116.411721810268
350.728480153837
104.428120982382
65.2144589282742
56.1755802146244
38.6771800823679
107.619201464033
116.085554411042
34.2434883043946
38.0697226221391
66.983571576228
39.7953357400415
92.3970102498195
47.6209957527039
54.7265020829809
39.7996548224297
90.5727208848252
93.5287351221143
2388.99344355723
58.1589237921377
89.3605484458632
14.4565091515577
35.9835222727253
45.5517841962688
122.294765601697
35.2671908359943
111.482556231849
37.7084481941578
11.3688066778422
35.7786989102747
81.1819041001921
27.8224321803939
35.7486317983289
10.1513809572877
32.9722175681735
47.0208877695048
295.332449015286
27.0790050045771
50.2256489175046
82.5646685609704
221.234219426184
15.7423338839841
14.7322208629851
221.497989242394
61.5829594567644
19.4552255882935
16.1682454818986
81.3714161639412
68.6210005722772
72.9282304215524
76.258067670975
4274.73633274709
67.2432043129846
234.907724305456
72.4043813330232
31.4307053513882
8.96908372608682
111.670421026668
18.6616196849906
35.8583996907991
61.25268965254
98.8102429094018
28.2112568635212
61.4996525884789
64.5449280901953
73.1659303467181
41.0998891919399
480.996520631883
49.7376744687242
36.5983770945194
51.909992609235
122.005920451323
35.585455864682
104.970492663878
123.191387267501
74.8432110627817
21.5387400196456
76.1221499983432
29.0647523373464
31.5981682114741
101.599670543667
101.60812359212
102.054752575403
173.343632024988
97.2839856238922
2647.01723056395
53.2878785275954
153.998181065432
108.369693205346
185.416616373731
74.5362978704806
74.9961915607336
8.65529892745318
10.3011474118314
57.2504855439007
140.264561623778
49.4945240000997
29.2987685560841
51.5646144774544
16.6066793534326
81.9631618609242
17.397317935007
23.5684961154351
11.5335542077594
92.3264611361488
77.7278957131766
5932.39700123337
22.5821012547592
149.698803185669
22.5245276768886
8.62022388666505
40.2035431377801
45.8696473940191
92.3086317488854
58.6241196204509
18.8013384390507
47.7279795034239
41.6437371464827
52.8456883749019
183.126098757292
143.991867037913
90.424694827546
106.475395532551
131.770562478488
71.8958604981714
87.3990284142042
23.8410271160855
246.683594437462
53.1941147096311
24.406851075498
47.4986627856199
54.936151002195
59.6013178663032
80.6831441625148
97.5315994403772
57.3152917795391
31.8525977068013
1085.84703228086
51.1271264136726
99.5832459512309
270.186182228827
543.687095901054
131.970485527993
47.3741576352127
53.4938124527407
26.3302947168422
6.90429190035455
27.3856849587632
160.710245251994
72.1790729631937
38.7020661533725
62.9830795364722
487.809643931983
109.054092093427
54.1298382206622
56.4313701566196
146.884467006548
67.4921143772009
24.6374472984973
65.1854106161081
110.576977526889
128.791757972422
20.3414119262474
16.1595584690204
76.0158374826847
163.774611889886
172.521233958693
70.4900154064085
50.3502365752038
54.2137925990321
56.804730081846
90.7802872312057
7.73322237187037
99.8851431673445
100.584106160215
61.7420072113217
64.9480249528618
80.7278449361311
49.3684497864804
34.2385968217683
99.6484389270548
56.8492279342292
84.0806958362315
38.0554721039564
77.8014193316286
11.2437532150229
2570.92626103862
50.9460284648689
119.370359268858
233.886970339343
59.0671524604444
3915.99052818155
55.426600112599
19.3256515873257
112.352379052723
138.417597155997
39.9716418080338
81.5320491311564
133.461917967174
18.1829520510227
52.8537806389064
35.8773451334934
91.6291326922364
101.087400084108
2789.31437554851
18.2268750912308
80.418263235558
74.2676336791888
2176.8809307697
25.6551221320176
82.4565022527029
119.534295262846
72.2190202925579
9.54697874984282
46.9340383339052
431.181256608191
38.1618931520586
7.9733302177452
23.7435938327037
115.639671296897
53.2112504285055
55.527770469325
50.6259052985432
61.5862086226116
35.9251094377233
92.2797753561047
157.212258535261
41.7686360641947
77.9133330618214
465.472937562835
869.606678924419
1233.14438154301
33.5913086688414
54.1430374641874
56.1360547453673
87.0435369839595
104.726187327616
94.9276881527834
50.2203276219115
65.9460588319396
59.2870493987293
29.38254072345
33.1742602960051
250.317726850418
81.2308960546541
41.4470264264806
264.276742744937
27.3216246975177
39.0366723096337
36.5126971172532
21.2069627284426
30.2968787490743
19.1464986716252
46.8880751506817
64.2162349786906
85.5067890301897
12.9315892998129
1272.65888781306
191.852295753603
2726.96523855404
56.4935956327809
56.644930611675
66.3817853920557
6.07508801581394
19.4377614044881
50.7558238486773
49.2675722572162
60.2346787327957
15.6718918459374
23.2116063815387
29.1592497800435
31.9036573581609
270.511199467279
9.47463417975372
113.657749699168
29.1503203079161
39.0338666851378
31.3023053532691
53.1990051875878
28.9044775868904
64.7043664053393
51.991201804464
140.146134485002
43.0647498299509
107.187196798205
222.548366700638
35.0963227495439
17.6966456037904
30.4603876654821
209.766734550002
36.8927135355489
26.0273904132967
67.7889324497347
104.589106300611
45.5814156093719
42.0736930165209
92.9716750091209
81.6205657833101
223.13082624411
36.8783597798619
33.2566685906442
339.342766075959
50.9084635396032
197.75758369856
20.2038574725827
34.9499094064601
63.001576779382
132.536891674023
55.2112638727607
127.754933078708
88.9460223009739
45.5258241170227
89.2547878087075
80.8491692729771
665.188383652462
1837.06770663502
26.7980822255045
198.046233218812
70.3558330801088
188.122114518663
100.374892996067
37.182796788125
193.576299030813
59.7214748725263
117.418858950979
246.026595240875
17.4121270001033
32.4623166029977
30.5937042948296
34.359330325719
160.48249061987
62.4431356548643
1021.37584898589
108.813813028773
29.5394698264585
31.9428457963196
189.194118155244
46.0771542013055
25.9911772342677
68.3186317846994
2559.24843055559
73.6929951249833
88.8102445214855
1404.42514101054
209.587802344656
473.898583970343
124.293001456602
116.857605047247
94.0671624325385
65.2910610426317
47.7598411780923
32.940095444351
7.78589567237278
16.5337633206651
49.6462100075954
345.081561744912
44.9004334675882
30.9958715373156
29.2486161852862
177.69493320383
51.3487951399011
35.9442324465366
35.9247316322642
92.5479219519378
91.0643635684003
118.574833078162
166.869281885347
92.8410169188213
17.0202252239088
27.6918785816877
64.8851309519202
725.840217654608
3303.2791065835
254.587250061728
51.3995200427899
72.3983195284152
115.601355062732
38.888165782368
12.6904878143246
197.884645835828
835.892589366313
104.160646348719
59.2458152861518
23.1627763949095
30.9206747133214
45.1215204241824
149.828463454893
29.463072882646
34.4729679213893
139.860302875912
176.199833454642
1926.91081866639
89.2677820039203
23.8171923029797
21.2819383235536
22.9471134776814
35.015539812268
37.8344769152358
29.7843902117545
33.9557248001961
107.639906290319
53.0267524151978
36.2796836673197
152.110382297217
191.752089598999
52.6196054243677
53.1333734379345
18.4601072326486
1621.21521685283
25.306940527273
91.5464817440477
73.9307986823772
46.4014537581667
130.465570408997
209.844294007167
90.0516069042267
15.394078643795
48.3407330120999
1329.56641748753
26.4545599692078
30.3320467954459
27.7460524262225
38.1737467878776
87.5827449203087
69.3915623235869
82.2041982035505
19.5797416577309
335.407435557099
218.009682690349
164.687704175541
94.5233910863172
42.8979638505825
90.504457482664
40.5575981047199
33.3427133978146
40.7563182864211
11.7198390902203
61.7451696140396
67.6147627538179
82.9312851167087
100.171914413252
65.5989362700475
65.6946381207725
42.5069280362363
33.2295596613478
15.5735975399783
84.3588466853041
37.5653080212898
67.4121775926851
13.7552640149088
122.405343308937
58.0533827895186
34.3778903996362
51.7884461709128
107.471621978259
61.1607809224885
43.4055529348605
2199.26447918746
187.659753197315
62.4244725358475
31.6962949852388
26.6187957445385
50.6576256696909
53.1539732871126
37.4004598900898
58.9104946291879
52.0627652836565
36.5554909079801
22.5804739860027
135.28374451765
35.8251115930404
120.347310136515
65.8500666873756
56.072389173115
47.1678941945517
57.981114890615
31.7441462491442
1345.07950448259
264.278037529326
