106.361895191985
382.855604595821
57.2452187679168
284.926703853674
66.0297285481286
53.3312221691225
8.88037754162783
46.2477852704823
74.1622501866976
172.823633968675
160.703992058537
701.667738046011
681.204009420027
209.369750281598
58.3088901195546
92.3523347115667
113.48373069442
150.412969740947
78.3000767005706
50.4232667961765
87.1716560699807
42.13588083591
85.762680109562
52.0680237902032
174.660073257325
332.192128107326
166.147420297227
278.618714926679
400.552036786302
107.132047524648
229.876297263448
64.1212444764079
61.179722624083
634.049453196772
63.0048003976276
401.149796551975
209.838727816408
36.1117515070787
12.7664421116704
145.634105701936
116.021910632234
492.355970664811
24.3443096186313
2344.77592380675
111.895565956258
172.993236259153
394.269411873362
3219.04708378991
182.912411165924
175.918730445453
77.5697829679755
176.400277715139
350.785128324561
89.5139774025389
27.3056644960448
27.1002038606499
520.583356197773
3875.94777930633
181.110625221018
58.1785042337619
174.705795626911
29.5939806201689
62.3399444278682
37.3315480749571
91.8143747356688
146.588385880225
149.300764671828
10.3577370276308
152.030392811018
46.1733192557991
70.3558531819814
42.5213424172606
997.982332502201
158.688390151532
464.507453632376
403.045729037902
79.0264340007281
52.6401274841557
48.3602939559867
248.222582380631
41.8984836287228
228.477449243823
345.375860208876
80.0952966230935
58.3135618239016
571.148007601307
140.367116788656
139.352554370923
857.612830808577
122.312136702217
1415.29569110964
145.199026364064
57.5520963428726
264.919835187551
542.209315073992
135.967826296327
164.913842922154
58.6074247261365
81.7666444697304
124.058384955282
62.959394623963
175.309688131161
975.295942871385
199.096801900975
97.4608927786733
170.673869666467
42.6555090280475
54.2334653967621
420.855086733072
129.468013396995
323.702830447792
270.064779125168
319.101195248324
36.8070900076771
749.015032991857
167.519137476084
81.9877295165366
147.658690119331
61.1493367340175
148.23564344356
12.0777885397582
321.574047137791
55.0518843788764
104.017046895561
241.834589804664
507.494708318531
139.714614369996
252.134854071412
56.6999097566568
34.8465928208422
22.1356640459518
329.844776765166
109.275940653804
100.548284972757
25.0546694490406
42.2938790923376
75.921740920043
141.667716159293
82.4081764787532
270.490481367058
155.117970478269
539.74878356428
49.2352478352561
150.051524505633
198.415790386517
91.7106864679831
122.198130706127
33.6421192553826
54.1613514741643
456.025493636182
49.4137921954759
92.0698013699976
130.351926212853
27.8565055442
91.356404666766
45.1991766892007
561.855461947063
162.647997458099
34.3541147738297
31.9503466186721
30.5891708352137
31.6813393111224
251.614990001507
107.478215477181
46.2056633694112
685.00291074533
105.289893806736
173.519538590423
56.9193293923198
469.179962723022
106.317528682611
20.6764010522483
41.0716684169585
45.8320620457403
27.5802075967869
112.465086372181
199.748700194546
2135.95356345458
51.3532495754064
51.9345559752317
169.345934173114
33.0363491077583
103.228614549553
327.77324565694
20.149826496896
76.1233838737914
348.64339953701
2372.06134366811
151.452891838941
136.183190899555
85.7968063494332
399.3079498636
106.747176015235
180.818992364649
379.59746102367
288.749523339264
65.5613106245062
88.5704889761594
46.6084550477945
169.441156466285
211.269648545266
123.800128436132
64.801546203671
537.600170183136
98.8818974111327
41.3890265016958
130.37051808645
49.4418492198243
135.364988657623
196.899292734725
60.0993375399937
494.41984837335
44.8187094123287
167.502987179736
82.6080919775289
87.1252992195711
35.8959876387803
409.749471853464
90.3845220011038
210.433574363145
160.015095083248
2803.75075246221
410.137314141982
192.993670821712
91.6814588029715
162.040042918888
48.458304017463
128.722768537409
251.408579547699
144.82000533523
65.535016284042
270.57256156125
149.166531567608
993.320852176406
151.960763404456
128.521469580997
74.7663775192587
117.868661892488
237.342013067543
82.5771439928529
470.618542651364
85.2762695590639
186.036799842866
106.814521453767
189.857221917412
54.8160588680907
210.974435348487
483.045866199996
125.328568869445
32.5685398140711
211.143651002821
149.257147860749
67.0738896967095
574.512827111456
142.079417527334
70.0194993761128
45.0051931170464
124.288251754045
61.8447294178432
159.411979762301
164.079044950632
4578.59944538659
276.321123048753
309.084462012073
90.9492963491993
105.272742586695
820.361412873823
1288.11082268969
159.407127439228
144.295858794335
396.659969059135
88.9105834382599
462.906549791529
223.320924002078
11.4810404852809
121.691823214441
197.456148710545
50.4058482545484
88.1830375764402
62.97325644026
47.1471005599156
269.581340802429
59.629076633791
74.2470085640918
1953.90129321748
597.26740211671
81.1192977856563
324.670853390126
145.227773277899
248.958191604092
22.5456022826785
32.0292919580172
58.4191889911467
58.6389868998702
82.8505350432756
377.762448320222
101.005872164872
446.927749994634
224.079414200777
44.1253463456153
30.5750531610103
36.6040978176786
1432.12398829895
168.989389169919
287.479433259877
98.8482164115235
137.068431304138
1396.55771704263
408.502506255573
69.1452280820231
120.731601371689
46.0365562149973
30.5025147193051
70.1059609847619
573.372338564027
234.335662400115
3704.19058145315
1893.83260392949
115.025792487832
37.5304739216227
32.3928735583427
28.5599807540351
195.488832534347
411.997221929035
123.380599203414
58.3789447174464
262.24416035159
1027.51749407196
7526.03211581527
516.23406407048
225.577958261481
45.8354359563496
241.154168361875
331.418640544657
417.281543216335
665.545454893339
99.0950515460519
340.823349978309
276.84239757205
81.0960718508242
247.080955531166
126.120316743844
149.48605048578
291.053477335185
83.3113444322777
160.073989237461
530.994889530654
140.219267281337
608.083606787781
1296.15353467842
1542.62246211406
46.9888708922856
242.251554467354
65.5306249710531
62.8903425315071
24.1742936106837
553.18250543452
137.840011188711
144.27750584138
1008.53907530862
45.4020826692876
924.729183265241
109.878494586208
111.243793986568
98.7706561502576
134.519827238912
660.873566538241
115.492622971667
170.816241247467
55.7462065173877
117.763225509249
138.992219108425
291.976580171204
76.9940952267711
546.24184883309
73.9298078873209
255.485095658121
77.62422582541
75.8005029966995
128.479115067239
56.6061511988413
41.6136650701943
77.9715306423797
69.8231061595037
350.733855766687
25.4663351986921
2171.42459407247
2520.71615117663
60.0162415785313
160.410514257249
320.150375244481
120.834348511163
40.5948884369397
122.778955157
588.983746988253
100.280107893367
736.434113879792
76.6222012207181
59.6627376419261
413.096046477388
111.482316659143
142.68851751377
215.061382015172
131.175733630353
173.683191734301
57.5303623713746
330.047601671734
362.065345555537
405.291172043293
177.204452220873
116.374428591395
184.250233987817
71.5893011636623
142.914849537444
160.282221370179
167.992932101816
44.6311607154873
42.898857193341
98.2168705669359
362.131564301495
26.7162895565623
3296.19469065262
385.044384535083
19.2632853990124
638.497894217745
35.8906268119074
93.3553468655903
669.713083590951
374.000871542728
45.1910823264343
65.683618313781
48.4168703103029
244.544842232405
53.6860463317593
92.7158313605875
50.4839485096251
61.8223589102414
111.483890692342
1434.92801723013
1230.68862844848
328.414300438059
655.018567200219
37.6283076493207
19.0240334573847
216.020381135866
367.64583573886
383.982845376096
137.632483333857
106.637168043773
302.550076346901
78.0278773332495
1500.47332849649
55.0797734051628
1923.01874566948
69.2708610373348
14.985901024376
166.800310350418
112.733272966948
124.036057158082
83.4492799587262
128.140603578246
93.3370713597008
3403.77832003056
244.35002675673
42.5878243691934
1112.25960986323
94.2142302307608
53.4366215930504
2897.29955163032
125.604160931808
57.9058372165045
41.7471061822549
328.970911279115
529.920843284512
226.252902087648
1305.92177439829
210.962558930971
257.720470434817
72.4100161031962
675.051217611858
1099.53150523922
224.370790717465
100.262707799975
5977.37085149915
121.134150242299
74.6091507098322
417.70661568765
976.270867866273
704.42638994469
143.546729202528
779.189054432995
2151.59589310067
58.8246111061607
40.3142613510064
102.410811370131
98.6748616170405
344.69739437935
83.3294569022978
219.073363645461
158.017411521359
368.957984976575
46.968716734738
784.104179739776
44.3464776943792
14.6157398649799
108.689055635387
90.1767612470113
9.78724818311941
359.209796602414
428.359183430761
4341.40010934016
235.023984408232
168.359812595971
180.104695738806
132.87313376602
218.665384252831
221.822404387852
61.2171268043669
59.0416585974957
72.0719877718296
1510.43114390253
76.3812770996045
138.230013060489
497.221553764348
91.2699854061867
119.485288511362
358.658680337839
473.146509618153
99.3295628586502
123.505938863472
41.7525602128908
196.763042203207
77.7668713288609
259.862505527862
431.071149429363
39.3973992988043
96.0072410533849
227.01471473115
173.70429355081
72.5563604213142
111.055411343524
92.8901876474618
69.0216891990576
888.236035793421
61.7549449489171
105.244012896642
286.726630361976
220.728139555837
28.2101258674238
37.6921735995971
64.1249315816341
662.787410189488
725.514040581642
114.014052370963
26.7330664463595
381.091032213001
183.437680010901
526.665725511307
383.272717519127
158.389261575176
170.073520783312
27.0821383115341
147.075165763046
13.6019859751034
122.526647122681
34.6240487515866
123.645536440679
143.239084291715
499.324417204533
42.2487826377125
76.4666901547391
93.885348496724
48.960363467836
58.8687184351341
162.817764183316
60.0122095886389
233.982633063951
236.270337247177
33.4577894889552
575.192707822609
159.055912793746
65.5682592583929
85.3675453027033
73.8048615070116
457.03753503469
48.3355268774004
194.984822197302
419.633858105922
110.143569418286
117.988841645561
145.231113060171
40.1249208249166
63.8837407170001
27.1708066372385
179.328712349523
301.6381048357
58.8776658044644
131.153850579655
62.9306415958457
256.889090583145
96.6060244350793
55.8920480626649
105.00426302395
177.226792734511
321.483792835023
7.77300516185068
119.463897636689
219.409873132684
33.3652005020783
89.3120477773359
270.892739308509
154.172321955292
106.549055718182
132.474954279752
40.801923011068
113.65214361153
251.350149514739
176.193134122632
209.825173080608
22.657927126883
317.140439580872
255.901008469553
65.530801649664
45.1935215958987
243.934911274598
73.208302566182
421.186495012829
487.898578430287
4001.01980402941
84.4979605124187
271.098281895375
919.840162568719
170.830637483794
47.8651975678618
144.080447414043
46.7034646765837
82.3606330009996
88.509459205485
64.1326595736795
1052.60393771438
157.122830729057
141.347011578417
761.056442940373
237.457000741304
892.426833230246
84.4646962943088
117.747124964922
44.4594191957025
35.5031979036796
35.531441430877
234.443338296313
30.1626004453283
215.598838376959
29.8247195303803
99.5228136010737
51.4215877692595
17.8280779877254
86.5950420551694
552.457535923379
91.6136077151433
124.658272281345
100.419565029943
1169.96763940866
56.7296672753591
253.575791157055
79.8233232371363
639.654566639667
134.703994924492
163.372140352874
38.2866712993603
37.6924103643591
82.14963255369
234.429710583691
44.3381031318708
52.9469293751101
56.6311566904663
39.2099301149331
165.313224410448
73.3815263345271
50.0476289616305
911.020130632126
99.58914238254
61.9505773233177
6273.19216192071
199.643332635913
358.446874543383
40.4699208932351
34.2219535407794
31.9565379983167
22.8507700892603
148.376280379729
39.9384169225267
63.7436694481169
133.205001540567
68.4791608346594
157.80351575294
101.4912656713
89.413585348986
122.628411109898
123.069145425413
781.081879736581
177.379878332717
51.433130709756
18.6691362684183
84.0410457889084
153.444009743328
19.7770887729218
54.5187780594816
92.1047745259588
87.6532094715391
473.788724671111
110.196616873907
41.6926733786435
92.9295194249117
305.813443205588
295.122508849687
620.975809472195
412.909149115911
418.49551640391
147.361728657411
159.536506770637
99.2456952303588
100.217661274823
40.631351209632
81.2226071465887
59.4437214055621
59.0704913998629
268.253200858189
29.1284361654597
378.544430081048
476.032302176007
105.351866897421
168.713088744503
149.317446252162
334.827027337343
66.4792573267478
57.3550237134649
348.970331343446
177.986411129139
65.0735340788537
62.3062523070257
67.1147584562882
102.119795670244
162.212008767698
92.9507463241022
116.256563532498
25.7801601644535
595.625089678377
627.447024491254
252.066634810269
1136.22866932323
40.4114817451795
1760.26830483806
185.11217126857
493.764752194913
101.034030580844
59.8277858723181
203.616349782646
54.6473092214684
99.2796903030831
88.5515994095353
79.4542064453813
96.2815147447593
502.475213508686
50.856563912274
317.412749109724
702.07747503188
279.498499559295
1144.77469499579
143.890932561463
313.952075833898
57.2248178816764
353.211291029937
398.994425854956
134.137302054013
575.445319023632
107.746183240001
192.682232552312
127.040967133339
90.4549891328153
100.644907259354
409.763896075393
60.1785821254757
405.351931692586
802.873195455741
432.247933618019
208.10562634969
96.3265875813015
106.290908721381
357.122870337957
102.722501878182
491.380566479149
898.295460071619
60.7066320458226
232.856981229496
63.3185993197399
416.223934093707
140.066943993938
72.7528265656228
284.362477949418
30.8227249871795
81.6759955919361
135.707315607138
646.228455163896
97.4034142068545
148.748442200864
365.743238990045
1026.2531997827
429.259792573516
118.366550972198
201.388623120565
40.0912126997188
337.356494185647
48.2981793064497
56.4270800113958
27.53342125904
64.3960848221146
278.349441923561
53.9717532140679
148.173135889264
129.35805421686
47.7929290555291
189.299297912433
378.112994778244
57.08988054577
288.557829591333
477.48685706984
31.8232605916406
341.470972523622
894.342478083461
47.9375693117352
139.10867914223
157.249814867691
165.07807698052
617.722310669443
257.685815185243
2617.84020338132
27.777806786741
1048.59371604036
103.875141450266
67.3218884355403
27.9510926197382
27.8686723598195
46.7576168607426
349.342926459914
17.360182356137
71.7919906708342
66.8492973843858
25.8298248543024
1007.3348440649
34.8198821472311
92.0270104001639
41.1732816047134
75.524454437528
158.195575118875
235.834745092041
247.322130448284
227.063078627223
868.875781531142
479.187539327629
98.0759924932324
776.561024943444
419.799151486398
296.273446549654
59.2499818562329
195.493904925565
755.438616784901
9.17351466480815
104.099367799428
198.803771134861
145.24319120696
106.356490130007
74.6455050427237
192.063242808365
131.298892688747
514.936217310435
54.6684797031764
234.261587389284
580.279673558425
276.893452564191
121.499797507034
55.4047747474273
44.4613581914931
532.507083938096
87.5430684566045
220.67287602866
52.7473809614294
664.227333419849
102.766504002629
97.9241511025238
37.1506313756725
294.929289048289
1778.73848778237
72.3536848152324
218.813242364392
91.6158060618169
253.734247961933
44.8721511224214
61.1223484918364
458.728910919383
34.371795866813
37.7708668975269
557.612419643791
145.840514306734
40.6870821827571
526.92231686129
212.047964611592
128.014791576058
113.303512769935
1356.79938671151
33.9179237669715
44.5599656342247
49.4974896372772
217.302649216129
193.114094341814
211.06380063787
603.882035016356
1071.31017598681
56.6704465242465
84.6156964539744
2036.89611076502
1021.74057379291
1015.09039893939
1164.8813137213
432.428177999818
319.893463980045
192.74523281759
61.7101259294996
36.1621106133415
61.6751480187822
19.9955166929584
326.227534818652
921.53609215456
44.4569482773922
157.852456070589
76.6357272340348
1206.84740673689
22.1670868374094
41.0342511891768
5.58493641902918
225.760669230673
37.4080850291207
143.49540792843
969.016777203841
69.196076585121
76.8541019123779
116.432799360588
548.062992462585
1042.15544331742
957.799778399326
89.3278198882736
45.4254152598847
576.732307809906
638.938720635788
114.17922101883
80.7935602894868
244.07822752128
610.490848674883
327.672276134058
305.146209386911
95.9988822684708
47.5845953166876
35.2912551728713
96.0794759942431
131.197542068266
567.624330683278
78.3394337977392
36.4749988793734
2047.91390137817
277.45675882826
187.338004560626
171.614536351713
35.1350833598549
107.382207823387
569.261344419007
130.370314381699
42.6272126126286
46.7149198929371
49.9027763305966
239.415893714965
527.063851341217
30.3402246077824
50.6269443817366
224.474981396099
111.648783437334
1297.22043310861
61.6306405908809
209.8635017115
559.404989944425
165.581069924523
26.945838401856
777.247287877829
52.619284181226
67.9363127924893
109.346754279446
2438.36419717661
63.6519482714656
27.0194576382143
75.5900695252454
29.0199883131674
77.3379594090334
70.5092025317646
87.4102961714732
198.140715287919
208.801775632149
491.714871621684
471.463081485479
92.9272725081096
34.7488847356483
14.4703127172578
41.0076683937487
50.482796740935
43.450428682838
29.3380688251697
48.473011798668
36.1242674966396
36.9232762186913
21.6107997427708
19.8286843663293
7.08287224751212
50.0813524448083
15.2276290756082
18.4429060433159
32.247081899317
107.60711928052
50.7404904401717
42.574084751068
167.193462963899
770.501540103905
32.2436440928176
166.445569325591
113.592203105904
93.8962576556721
28.3333509729216
948.564400208739
70.3188742712831
237.668085656445
102.599503174848
79.8480676167262
428.718793884405
366.436326828128
146.380541539968
94.0917717354639
43.0971035829915
120.172932618968
38.5571259394567
798.57788750161
880.419140256003
282.685787774531
41.69246133685
49.5531751944623
70.848513402715
55.0863463318709
69.0792888363763
267.626545095005
2178.61668217675
