185.288755370212
115.734131807095
76.6111113886263
437.485432364801
25.9063845757363
117.885234468806
30.1579833106107
76.591990138397
98.3508201838386
161.562303051409
161.987392071522
695.5089305296
608.960100441555
234.174172729614
94.8328216234789
211.368702243986
47.6204427079947
104.581608182079
58.8433257050912
62.4415795396393
91.6039245550831
28.5190893786917
166.659062410216
44.8746345787323
617.086095786964
204.001426978776
87.5058246026376
260.857143124543
2362.76290023301
71.1055978580685
244.224875355873
40.3236615789039
194.864392795944
220.844316351797
50.9348515925389
438.479996305883
206.437241726611
63.6307000547249
28.2206205697659
341.875743738439
240.317731513642
343.679643916721
24.6847276972945
1945.89938280915
512.613515573885
106.917507393518
166.613397830857
4132.11539668706
152.689649226878
234.139085855735
140.284488299839
176.303031855594
317.963810337162
55.763611864699
60.3155829902795
192.050547134174
943.175499482297
3730.85406762681
98.5940381522683
74.8078356675141
24.8879071967675
41.0494429929902
71.5146343778241
8.54585868373482
104.564657725817
104.262761371739
142.545882312997
17.392888092577
136.45307056492
40.4115318378458
367.07535296845
44.9402439683732
795.393200599481
172.385051397748
393.778370920588
710.040094385001
133.059423826035
42.1220796178236
111.433936884006
72.1408862526666
84.3005904470654
19.8887699175851
75.9664645432126
276.515432792179
51.054575787566
500.093585398281
118.870877711743
138.383934723799
182.799839373904
116.828204151264
1456.40895985501
139.838347228773
53.5868340400188
125.114319914957
140.497008997269
132.667992906158
79.4152959737305
137.887886654494
69.0036654994738
187.293764545688
442.970962041481
180.765203367827
629.52413848626
190.829360668906
117.285008101273
142.814810670494
159.774013706116
169.420972074319
414.001658195607
471.76875268007
46.5518914793026
81.7030454468543
81.387953807577
186.936678495743
230.420777196544
869.711415090591
176.505556068948
146.022646961457
160.192408039566
343.572214151583
128.913896079845
373.637984118205
89.8560857253191
125.903666420367
39.3023814640456
175.928781277747
143.817405138158
140.142587601793
144.285426238176
261.303706395094
1085.21818810218
369.880048975227
103.77003176552
94.702201106261
43.9491858071662
131.702558053573
158.376220025115
132.154098621377
431.070792138596
279.45357829021
229.680816357017
1563.19300273035
264.459626402678
375.612073805832
519.547059408578
164.688504486218
53.7555517260423
107.807311015937
54.1345148345818
298.024413800516
56.2302840333644
111.922844564789
228.696339005859
43.9862503241095
117.825634670945
80.2260080366819
906.049851205502
479.155979455703
33.2690538755163
88.9431752504104
17.8886259296401
77.2701387732399
263.65953179065
131.171965900209
32.5769005761355
805.11260142135
219.958125712745
44.1051836937214
47.9697192590684
504.172946365522
147.446152074453
104.804540547336
52.6268328155857
32.6592213496703
100.044984979357
68.8317356451722
137.506138286716
589.234856706084
86.5684256227035
116.942114464572
374.321243939639
64.9358802461207
33.5280808586289
345.638886999191
63.5092966074167
53.5293831064888
2115.2886860797
3839.20137749102
922.920860992356
755.444611122401
43.6911729830089
487.572205962867
241.522338341773
195.287977240556
719.816349284462
299.592573206764
45.4355464395643
208.801315747956
24.8458067182748
135.127386129073
85.9251538740937
60.8880846929017
36.3784264443287
347.980170845624
71.8305635606715
47.8985812412716
198.232014818202
80.6001086121313
155.047483420733
155.795154682354
79.7565025619698
305.943170787236
54.6699654866119
118.969933556075
206.591528265695
168.328493026528
132.708195967699
602.894305484955
114.17923073481
116.528484291374
71.0589049049763
3889.00375974748
315.904078904341
254.782301965866
88.3805578987283
161.100320126923
83.6368001561795
120.075547845837
286.726989475354
176.469289340347
18.4606355196923
26.9312432349843
229.193330203515
2041.32382992392
307.95623136373
180.375675987191
127.07959821083
295.319076787702
478.2019601267
441.50917943569
188.174889478663
28.4830442269643
637.790029887639
150.618618101192
208.478188018286
172.498173711673
3614.20387796194
263.114656715118
170.58626765925
58.8090018790821
54.4221376298898
46.8574216063487
51.2223627358309
440.610876774493
124.476843137271
161.076255978085
76.0826813061863
117.419872341755
55.5645445517235
289.896994570205
141.995089072734
3786.21549550839
1105.13954435093
156.849802071483
21.6960027206576
160.472227827074
3667.01455891341
2757.84338563797
151.404762757406
280.883884334739
58.3984472658203
536.61824911568
262.96179822917
145.804144527058
124.670144657836
145.215188954061
91.6867673819546
77.9698902873365
187.008002465083
71.106940384418
58.8645360479748
381.78430354332
171.925476155406
318.42145601835
1003.93006296682
330.439723406805
101.761288483844
80.3270460930159
171.96610188312
121.479106801879
46.8683836787489
256.799292315814
17.4925138774455
81.4835648675534
73.8654895057605
316.546932503807
119.703761621484
279.946942297719
166.409027779214
179.678350741968
57.3767034522908
51.4513113903953
1373.95330618107
38.7703003889218
131.7619131388
175.363445107971
58.7970722192866
4287.91720143483
281.178394260751
111.010033806821
199.40884889533
65.1217833420202
33.5008006949528
130.330646248591
186.060451159818
270.736105566934
1452.9067484983
2102.46642629449
119.144726893752
140.074229833218
30.3748297398119
32.9231965183633
86.5280224597928
477.043726154961
75.5624748857579
17.4768333197624
137.99181351292
638.962421063581
4127.91675362318
215.743252331368
777.979605247314
94.5588030578537
305.22822807519
217.968524772582
270.032038927099
1935.37976546574
257.922257820222
185.561040039532
314.762131306738
161.390358805396
304.375163834519
49.7710539236538
109.627228239438
97.4404192641995
130.592803464243
449.724934172923
86.8462313589231
70.6453918090485
204.26595805627
2771.8206356462
591.333458148592
48.1188854964336
124.467411306172
51.7821873500026
132.464511057277
2571.92469003277
442.027828279431
59.2356193339959
180.960961525603
429.985820449522
33.1141841985818
1870.0207580332
286.8766091155
95.4016400592783
78.5055609202986
97.6235483904902
579.780217802463
117.095131315707
114.802091691897
216.199603294192
81.1062356753214
324.844777100099
107.654691613623
30.6154406857253
374.355903086775
34.6592186686889
340.198304825355
124.384158687243
58.9671968514961
548.583970200179
84.6244549098439
85.2155866209756
189.696288008638
43.8462530848373
619.418546782715
23.5639024655349
2129.55135547494
1641.31516999517
53.621021481499
28.3513116148146
418.371331477341
67.634498185196
191.124203155579
261.689475973299
253.814721137248
52.7633696033418
41.9861668084156
74.5520689333136
63.3076261413128
432.151215836568
134.231655363163
104.637415936061
111.232293197688
84.9608142029452
165.660474777532
47.9333015796076
99.4643273726672
251.083071604301
340.916325542984
120.546749969577
189.456525263438
140.46845261608
91.7950704409371
65.0344016679534
141.695943670827
170.606890803857
161.092751620754
80.2764717928051
147.725314180084
184.170075773944
45.4204153068448
2837.14015102192
171.358721432361
73.4668749343026
226.775533636862
116.273983694775
1086.37813398311
3980.15464101852
1427.43897956977
63.3107331145738
59.582429999886
91.2346730165282
126.533990363753
65.0363638881985
65.9358065410881
142.397937552199
45.0994569007519
155.157141343992
1828.95626085706
934.375651669821
120.25896018021
515.178364913649
193.612539819688
107.930065954182
140.41388332253
610.234228545292
81.7793795353818
65.5646876947386
167.30386015834
192.45150188907
104.317321072812
123.774002117098
52.0936725254975
1619.78523798151
91.147839264154
186.390905171774
34.6109721772143
285.824937643455
114.055154534104
187.344048079011
208.098328348666
151.951480747201
2957.30862723543
119.79393249233
221.512108983195
2124.76148564504
18.64472651818
2090.6250406097
17.7830047254083
131.727960735214
72.3261644058494
54.3747757149112
107.387355088595
216.305530294917
338.307706907453
2889.35893850234
292.459536355067
259.154316690304
46.6419303348344
282.479670622527
817.650485814605
66.1890529753608
127.37259619223
3676.16963609043
41.8373823451641
269.397196227466
73.6399065921803
4781.52645991084
3334.97934093331
78.4254575712239
730.271687025226
349.128184358646
247.687327968724
28.8064294912021
120.993384927144
57.6152937364621
61.4789563324655
41.7686536658385
514.811018442474
80.6349921684331
103.166464256721
19.0961813379104
850.189570396539
18.2411964090142
36.8526900401056
51.9614051249952
31.1207726238803
39.9802016148566
151.408081654253
41.7138386445004
4916.41629663185
456.851094758893
433.854236251273
386.840952337127
93.5318404672892
286.714418509693
167.807059976456
106.233600494529
66.5152973628067
24.3874177376204
611.891972800456
171.067708746354
162.958050385364
253.749223275526
114.206550833536
231.418727759376
413.664687820872
351.38340303617
131.359005201119
736.789742251936
223.283947714751
222.250478480242
145.549052836091
198.635798342886
599.107660477889
93.7084871091595
106.842128092275
132.175180456933
130.74472532762
31.3327902057349
219.861248323948
154.310723806498
149.639816660173
545.592666878765
46.0600173277287
146.066555904865
1838.92982313246
233.048878574382
49.4329585612708
42.7957011596724
77.0700177833099
454.693185594531
236.421600281557
25.6438108024833
98.9038296673576
178.076124173778
160.420021403115
264.835816901149
130.793722340858
101.808950232144
296.682103854322
27.411649856764
280.299921176453
51.9691837124287
107.855833680933
27.5822712172556
191.981645084833
141.498397374582
68.8955162286274
31.3401571594277
29.4749839027099
100.552841896925
85.9468524989982
39.878455532369
211.278720736588
237.076248909403
66.2529072941802
157.910246558657
47.7052340244816
294.821927116584
135.105162809829
32.9127586100984
114.105423807059
121.921960103458
2428.3351682327
25.4282630097798
151.92128713465
411.375949411483
165.585068870864
202.371966523986
41.6705997674867
56.2578949644372
92.1317494329714
52.6574726018589
452.752945293136
2183.45710970232
28.3819202628043
161.083737539297
110.0226239419
159.531379275384
89.417397891785
110.557640973032
78.229442249876
261.102522476259
575.413474147201
28.6370257715708
161.206800983788
166.054041092938
54.1651342533401
78.4086942751662
182.780615329367
140.654024102492
244.830634319195
88.4671056047294
106.973701022304
308.15475103851
42.8659541527529
155.142781908305
116.387627760626
27.5663365571774
744.562988274369
191.487587969812
44.7210984793915
62.7576848492802
220.726756519384
57.6595770500488
222.016572824778
558.116636736967
3645.92722356514
80.6660542065972
509.351077804173
864.937502087522
212.05524185206
24.8418366516954
341.746799907922
65.6930237796835
116.372254798266
94.3420506100185
44.3273080620037
53.443730624449
88.0864302827058
109.398240989723
450.042281820602
95.8336729582339
3996.08724551447
46.4271576914471
181.861267221349
57.1906534453897
226.490546897075
68.8078047595002
425.719883460403
40.5807876645263
296.083388631056
8.41059003134653
125.906234223643
193.842391554915
60.8418379398063
96.9506886931855
481.529765644675
127.861217993284
235.23042457186
158.118561545973
3486.54005544736
87.6321319878653
129.51017924214
101.966744123612
416.807485064209
63.1293027839169
193.506338978968
34.7712744915237
27.8381901969851
116.232951990491
478.943445592822
87.3105969314647
63.9310132741477
81.6285542358828
53.5157217581221
190.851784212148
47.7958352416118
83.3569096599929
1020.32189495299
392.391997810134
341.74444278772
5211.48518448585
342.000588748117
308.060634290847
26.850018934382
16.5243790342091
67.4840088981331
50.8258734740543
540.305180450132
52.5495576838342
796.911464754215
676.885290905601
15.3222019293656
73.8084781983458
94.0481806209481
120.162617931622
142.890118752654
445.504869412377
113.158711880819
76.0281062367457
130.789866639132
66.1352678933657
124.228370811536
115.90741095361
23.7909013061047
220.306855155854
29.704223376974
95.3309159845847
483.08145149007
247.943307883381
114.304502310309
130.831977359732
2642.36771362605
45.1767613852439
753.510029319582
875.860544447468
776.087308351859
302.751201994717
102.053339321018
53.2046354032884
230.138058325276
64.4317346266047
86.9023775725033
59.4275225874629
295.505439587269
195.569702652453
481.305997257685
238.974955566136
304.770838075148
122.038635283116
59.6231910563691
304.250799177462
337.270054999739
45.3214008427917
86.0704892381997
190.15306042357
109.24305051556
25.316628027785
52.7056904546
67.8408338290596
202.341614516979
274.640867836327
107.323015252375
111.062827662373
31.2929547446794
1648.9283628908
614.083529770097
189.760063396654
1784.75793562808
52.9998293656796
3599.73112135207
368.086728298945
643.215286199081
52.4784148827717
15.5002452447432
323.701733465983
57.7852534798282
100.719085171558
92.4771863034094
103.482625286998
44.1869634064108
3974.21589212325
76.6343180412818
169.188165777208
1648.46279657853
135.162758849074
3729.23170898877
233.937712862627
248.730747978984
66.6274720047897
305.775886778882
37.2359533188794
131.158223180749
799.89452073697
189.957208618061
213.979512526929
119.330228477934
91.3964180374575
105.247940538359
223.751458122854
30.9987881055144
364.284776561781
1514.700693666
2068.10361665885
59.5045376587166
195.235478794851
64.9145582416993
349.523122003126
79.530692671313
163.165555481905
640.435047380936
46.6856205086577
340.258300043494
30.0166079597477
327.365811889674
113.676650353811
248.92305627564
449.025461131091
168.956501601962
38.2891851550913
61.8029428175015
642.047859074118
75.0865442058773
302.599992849687
204.865746421632
2468.16321713915
1923.57920867913
126.527488130081
51.8441901811677
77.6378687115272
266.879113412171
166.169532637112
135.457038108958
43.6148181982024
196.306148469087
343.961770259414
77.2844805753928
100.203456027941
237.418904426423
123.255812326277
63.0228164926821
255.754087311526
37.7421254496104
57.92291809991
575.046475390332
31.3551509071875
321.920500552021
45.8038776858046
144.338085454148
147.546440160043
184.720939288339
157.892752139145
1910.61821109875
171.61719198429
1873.92569367441
59.8708030610313
298.874731427813
220.149929030177
28.1038443456936
38.6570759151469
38.7566522280614
111.061651904721
181.429138370895
76.7536180209806
40.9801007833431
65.1505520377858
59.2619289994631
133.794496406794
24.1469776984869
129.279315606515
48.5276177900519
49.3210713474122
34.5581512360209
82.923624569612
104.15509731633
197.935582374646
635.743706333089
439.427857888707
102.073968065303
1535.32214064006
249.534631544527
99.6486500379714
127.348984065459
142.85588513259
1121.09452254444
21.7065131794008
104.872015206969
43.3807099016989
396.134907425487
74.5773305845743
142.584197985742
250.252591926343
95.882944991789
252.340748895129
40.9536988203499
223.943174959012
2967.72923084947
195.845599799262
11.3615750846255
61.5761704515087
31.4814020091947
499.042469375195
73.330039701735
51.3512297058531
154.303397521687
368.761433211552
71.839847680407
217.659809650705
51.1540619271145
3943.20973143808
2818.73221134385
95.4478584001967
2667.4191493832
107.749946973767
53.9052608418895
66.9164857144068
140.459391229532
218.599621166108
402.83425770939
147.300850617692
507.948682072862
36.6168534582071
66.3236719776055
412.738277307366
33.9033132550786
177.112861396569
168.464388215216
866.444768904088
534.671409669946
37.5411575460351
65.0012065037578
175.604461052871
88.7328423803715
52.2471607935572
1171.15880597238
1978.69017591897
136.709461419905
1444.56001828223
2771.03096050193
1725.64386482435
1348.32574398284
2111.7087445039
295.546779344952
143.35036483464
260.354231107007
97.8109911832814
22.4044834856283
65.762418588193
35.4240353932236
176.303268661892
474.237924880518
141.125716535114
72.296426595351
117.963080596184
583.042734427159
171.064212922402
48.0037758086993
102.435976655364
302.766037067307
26.695258145531
287.47994031573
216.90455378628
56.1488254583077
60.8278324708738
23.3876403556982
172.508064630208
265.756572770567
2550.24360093662
253.85865224437
252.097482127702
140.540878701807
437.916393625099
113.667300897926
354.165283122119
161.102201629308
1667.32765920297
266.90101614499
190.873098642713
137.4022384574
158.39548663306
194.523503585542
188.513386428751
174.347631541392
148.218670400932
184.877521039918
128.175430613732
4827.51863369433
107.460245715362
122.070720466418
33.5173970820721
46.0552920866052
89.7598367623163
135.205903221663
33.7723710417508
49.0657806080311
238.138355837627
64.106850902273
92.3925270001883
312.341201579979
99.8731499836698
73.215234918153
142.158025137713
56.2194377102142
1960.32870050725
124.697540884301
440.227817754402
516.786876174614
84.5745390036327
181.165793486695
927.995955097889
127.124806943792
12.1576313005803
99.8893538318262
3612.00290941878
44.7182677023901
77.1433622030132
125.146855551975
94.8355157354171
120.963625928528
43.1350902296658
52.4830461485015
137.554983815637
151.127062513131
305.332405764525
290.234691524448
61.9033998624107
11.0457969665401
110.827070393007
41.6675472689817
43.7234617439874
40.6638408577295
27.2913722924987
76.707846168067
21.4307909221107
27.4414948716858
50.1084998956897
47.5693639576873
16.7262502411648
55.5360270660427
22.564155495528
29.4429620950144
121.803845135091
40.7764891768439
42.5087757858123
46.6117424782803
104.666016013023
280.168568586931
16.5746852013593
112.189828701338
112.266935511549
88.2197416956452
52.7771280363649
456.520896046564
78.8265373196212
464.252150358251
72.4970027566658
126.085718054428
168.136620134701
199.179881171154
48.2775280241234
166.2824851388
59.1032054548674
81.6060296316476
11.3319876711025
1928.87994077984
363.14785551948
125.316920779977
112.39567037578
189.20482320823
48.3099005264653
94.4666740631202
141.538004949116
2000.12716314236
165.25735925917
