1.31710414409376
0.848158633625763
1.35146155907402
2.85669381240314
0.512623349993596
1.74291938997821
0.53126419908427
0.918061817715795
0.992262999079607
2.58641781133131
2.11104400405438
6.02624864562581
4.79419337550826
5.49322521640861
0.68039099180968
0.674565726468839
1.16971328043992
0.795731245558238
0.629128656810317
0.488157235562079
1.29903417100649
1.29543310847809
1.04738270828236
0.170904430696819
0.740973751354376
3.36467326086703
1.16751133014109
3.39729474677572
23.3743548518636
2.02602728554286
3.34020714643552
1.65939568697354
2.24971747463097
1.74483753334964
1.42459473629024
3.34020714643552
0.195728915452101
0.302913797723486
0.488157235562078
1.12137522864167
1.47728729043608
6.8633276245733
1.14175200680391
1.15922780282642
1.03507974788251
2.68171915230739
3.40661517132105
10.7239425395827
1.98059021588434
2.91146761734997
1.02990691225985
1.56583132361679
0.594689688115295
0.652429718173663
0.544079782834109
1.36544219589202
5.22116948026984
17.2800671070567
2.38314622581058
2.05398855917887
1.07184882271388
1.5972877564573
0.973984364987824
1.16039285589459
0.764274812717722
1.14641221907658
1.04388754907786
0.610487807719644
0.926217189192961
0.489322288630249
1.7755408758869
0.898255915556954
4.64180443419198
0.954178462828981
2.78098167371523
6.48910092854728
0.7968962986264
0.678654014190348
0.876119907261777
0.540584623629607
2.05515361224703
1.54719047452612
2.88350634371397
3.43137534514697
3.54331364393648
4.23496790278797
1.77250008737898
1.18718907646244
17.9084141297636
3.72240047534165
22.3745790080738
1.08747498048536
0.51181946337656
3.92225600876121
1.85825964372677
1.29903417100649
1.67301620588817
0.978644577260494
0.782915661808397
2.08311488588306
4.34681299733202
0.962674495823287
6.4823552712826
2.83690422098727
1.30725059126443
2.72691156082159
1.04388754907786
2.13787238008691
1.38291799191453
2.45150466603754
1.38467722204746
1.29903417100649
0.782915661808397
1.21728134866543
1.68381811191499
2.72156396723871
1.12239942679388
1.12675357962555
1.28155837498398
2.28816422588049
1.89810445865808
0.49720864935398
1.29903417100649
1.39340346952804
0.394382114105295
1.07534398191838
1.77437582281873
2.93616674239512
1.37942283271003
2.19788426362821
0.433399741358217
3.08855568371139
2.66564141996668
3.07446914356949
1.02990691225986
0.702527000104858
0.205049339997438
0.983738655295745
0.787238008691298
2.74952524087472
2.54447590087728
0.946336607132462
1.36652849137278
3.26600491652395
7.65672876399519
0.372816981813519
1.5798119604348
0.894760756352453
1.63107429543415
10.2311344121725
0.904049025433113
2.12039658406441
2.59573823587665
0.404273414654038
0.534759358288766
0.875316020644736
6.58161779269044
4.11380238369857
0.405438467722206
0.460195961926069
0.488157235562083
1.60660818100264
0.765335011009751
1.97010473827083
1.08582945953188
5.99502522339893
1.68479489240735
0.40427341465404
0.420039378793705
4.91052672049212
0.982128085934322
1.1312665291904
1.54568650752042
0.671070567264342
0.554227395057841
1.04854776135053
1.79999533978772
11.0586371209206
1.94392180163806
1.5939207530903
3.62390921906492
0.870294641920941
1.03806228373703
2.02602728554286
1.45748138827724
1.49934454114385
1.84078384770426
8.07745785420536
9.13835750818449
5.11225286311792
4.47169503570887
3.11651695734741
2.05807789544814
1.40155884100521
2.48855335360525
4.42744911630726
1.35146155907402
0.70835226544569
1.81171006489345
1.13126652919041
7.65214905688953
3.7983526149616
0.348350867382007
1.1477781272937
0.82019735998975
0.960003728169822
0.601167383174301
1.120697167756
0.931137907331678
1.1312665291904
0.655924877378168
3.61049945825032
0.64660445283283
0.879615066466279
1.78976197965817
0.767665117146088
0.590681905560797
2.13100544079783
0.778255449535728
1.10330525555439
2.07867603369333
13.5679633707315
2.15102478067876
2.54797106008179
1.15573264362192
0.870294641920939
1.07534398191838
2.75710973634849
2.99245045611828
1.66253072827467
0.739808698286207
1.69805599245045
1.08582945953188
5.26953502732049
2.74020481632938
1.57864690736663
2.35806740997053
4.92467931914299
1.49592813952675
0.815665303554575
4.9451465054233
2.65981615462585
3.50797478825161
1.57714398890869
1.38291799191453
1.67301620588818
23.6843521722414
3.97399601551851
1.9141821909988
1.37942283271003
2.967390164622
4.31047778826326
0.978644577260487
2.97671058916734
1.39756550510876
2.12005871867464
0.512623349993595
0.778255449535725
1.87493155313224
0.885450933790037
4.58270129204386
25.3422343387741
4.23613295585614
2.33010613633451
0.544079782834111
0.963827432339543
39.2611233441683
19.5537253736908
1.23906609346055
0.965258117507255
1.28155837498398
0.987965001805835
16.9522095231438
0.886127713117333
0.696549229317398
0.702527000104858
3.00117670359885
0.572041056470125
0.736313539081706
0.386797618631527
0.43223468829005
0.90408118089779
2.24622231542647
0.96000372816982
6.02448941549287
2.88350634371396
0.963498887374319
2.31855813032284
2.72627823797374
1.53320983770811
0.638449081355654
1.7149581163422
0.615148019992313
0.795731245558235
1.49102326610976
3.41477054279822
1.43930656041382
1.96713664907436
1.68479489240735
0.646604452832826
1.44905234583436
1.41321682802651
7.66710938683256
2.34408677315252
1.56117111134412
3.20495613575198
0.92621718919297
20.5643517062202
3.55248109701397
0.41475889226754
1.67796115713071
0.326680880314092
0.47883681101674
1.28320389593746
4.75975102815933
2.33349644076288
15.0105437302669
13.6264606852842
2.12777032143814
0.880780119534446
0.723113487819371
1.06602355737303
2.51415784138967
1.60473244556289
1.14990737828108
1.24427667680263
2.9296307946827
1.7580534293337
29.2789486561113
3.03469807649739
11.7437349271259
2.58525275826313
2.60472079503221
2.40000932042455
1.87353348945044
2.27724290191418
2.49204851280976
2.12855195554158
2.49787377815059
1.44292987545583
4.93829774096211
0.862139270443766
1.41087926555055
3.53710111495578
1.44932601680007
2.41398995724255
3.99345834352755
1.84044598231449
4.58098866403364
16.8174361842182
7.30721284354503
0.442720165903562
2.07814290540934
0.204011394219009
0.751447578437206
0.797024454463905
1.51889133550033
0.991460161010334
2.49063879859728
19.9119219880466
0.904081180897793
5.5392564631319
6.43458809548775
1.7149581163422
0.711847424650194
1.46330665361807
7.5398855917887
2.50126408257896
1.60777323407081
3.02833409061782
2.03046194354153
1.86874512134028
1.9106870317943
1.66102780981673
2.4082653524868
0.391457830904198
4.21749210676546
1.40155884100521
0.646604452832824
2.40899187958011
0.638449081355656
0.489322288630248
2.08194983281488
0.461328859529552
2.16572879894679
0.43223468829005
12.0093670266681
3.22486689268696
3.24978737781505
0.366991716472687
1.67301620588818
0.982139736464998
2.29127386902473
0.960003728169821
3.21669987067912
1.21515035009845
1.70838721703773
1.29903417100649
0.655924877378168
4.36590821711931
1.53320983770811
3.0339019957359
2.51651462724127
1.89670639497629
1.29553901180198
1.04738270828236
2.06447403679237
1.86703528945743
2.58525275826314
2.35828877005348
0.926217189192964
0.987965001805834
1.99537753544674
0.37747719408619
1.42391620938333
2.41398995724255
0.918061817715797
0.448533780713714
0.629128656810318
0.898255915556955
0.699031840900355
20.1041557442941
1.93376952920206
0.363496557268184
2.05398855917888
2.74369997553389
2.26020295224448
13.8358546246782
1.2644437454126
1.73359896543287
0.705539361317919
0.178640383069447
0.935537613738306
0.764274812717722
0.90408118089779
1.54463667820069
0.666410354991665
2.05745156291869
5.69036664220055
4.85011592278028
1.258311372083
5.25205923129798
1.3512168979297
0.41475889226754
1.76168839490639
10.0077232532942
1.99202218261042
0.904081180897793
1.04075355632449
1.61545093379004
0.936702666806475
8.51361644122891
0.814372094648911
13.7899729707688
1.72893875316021
3.75613109177124
2.37204804678854
1.83438770636002
2.85397504456328
2.80894294735126
0.739808698286207
0.954178462828981
14.2855428564772
0.982139736464998
0.726993114536364
11.3895587944031
0.205643517062203
3.00467186280335
0.77046124450969
0.813801218645512
0.582526534083629
0.600002330106136
1.5869304346813
1.60660818100265
2.92078804189531
15.6338471217364
3.25282816632297
1.21165519089395
0.842333368284923
2.3802034182657
8.52352824671164
3.00467186280335
8.92896671443385
27.4843153565645
0.674565726468843
1.98059021588434
1.03806228373702
7.2999727377582
19.0842566378899
0.694371628627685
6.79458949355143
7.80607691680354
2.40416436568686
0.590681905560794
1.18369391725793
0.51368354828562
1.85825964372678
0.711847424650191
1.66310440040544
11.883541295306
1.82068668227834
0.264467046473969
5.25600876119908
0.43339974135822
0.54407978283411
1.05342933370615
0.307574009996158
0.227185348292615
0.86213927044377
0.948973471741636
5.70409982174689
0.778255449535723
6.248179604581
0.823692519194247
1.82680321088626
2.37984504794193
1.13243158225857
1.45551244859203
0.432234688290049
1.65321030372934
7.20934838581898
2.80894294735125
2.13437722088241
5.59225472720282
1.16800344855708
0.795731245558233
2.05049339997437
2.27418358906248
1.18722297950672
5.51186606549928
0.991460161010333
2.8893316090548
2.98135915090932
0.851653792830266
4.37282758379644
0.448000652429718
1.18369391725793
2.27068842985798
2.55729148462713
0.652185057029346
1.76505539827339
0.564945883284987
1.41087926555054
3.294770076777
1.04854776135053
0.948360653827778
10.2617874244172
2.21826104179045
0.404273414654041
0.62796360374215
0.736313539081708
6.25904850115922
3.41477054279823
2.07262940826954
1.10027611757716
2.0992498223294
1.99806601190684
2.24039705008563
1.98059021588433
0.739808698286206
3.08313818694443
0.171262801020585
0.834177996807752
0.705218272692321
1.7930166719094
0.729917397737468
0.177894749105821
0.792236086353733
1.82680321088626
0.627963603742151
0.512623349993595
1.08744888329665
0.9180618177158
0.540584623629602
1.39806368180071
1.23508440809479
1.21165519089394
0.419419104540211
2.08194983281488
2.40339857630515
1.85603427586127
1.43534537998206
0.643109293628327
1.06602355737303
12.3684247317465
0.51611850919809
0.880780119534441
2.79962252280591
2.10641594724639
0.7968962986264
0.311405986042666
0.394952990108697
0.600002330106137
0.406125849032419
0.922722029988468
9.4637260727226
0.655924877378166
1.21515035009845
0.816526394277263
2.04538394323862
0.859937320144931
1.04738270828236
2.13437722088241
1.97010473827083
3.13095196486202
0.419419104540214
1.56440110447031
2.43555508953433
0.339030442836674
1.59081600316893
2.15130823809025
1.01942143464635
1.9686018198129
1.05342933370615
1.90568895413186
0.711847424650196
1.04854776135053
2.10059068190556
0.670292777836029
0.348350867382007
5.04584483823238
0.862139270443769
0.366991716472688
0.34125569419687
1.3269954446425
0.680985168874439
3.07154590891615
6.162792865215
20.750760197127
0.544079782834107
3.20669206482355
5.95067165309379
0.934500716507635
0.739808698286206
1.24311162373446
0.152621951929909
0.739808698286207
1.1778686519171
0.348350867382007
0.823692519194252
0.601167383174299
1.14641221907658
2.9212424125919
2.22175620099495
6.09848193585219
0.711847424650193
1.69165705497886
0.391457830904197
0.894760756352452
0.628324770193285
2.86603054769145
0.456700802721563
2.59962065872101
0.506798084652758
1.36544219589202
0.47534165181224
0.180583225565927
0.674565726468841
3.73538149662718
0.894760756352453
1.56176528840889
1.24748057274009
17.9827823797374
1.17517318513858
5.41982687311408
0.867885778197198
4.34331783812753
0.627963603742149
0.628977199911457
0.407456805657495
0.124660678293895
0.590681905560794
3.56376813113837
0.374082229445548
0.358836344995512
0.394952990108699
0.450875537380725
1.29903417100649
0.351846026586513
0.318466207635754
4.30603613994617
0.918061817715797
2.05049339997437
33.0071184742465
2.67962205678469
1.64637785001106
0.121165519089394
0.478478440692975
0.171262801020585
0.233010613633453
2.92869875222817
0.270949867766475
10.4295550662333
4.18555800216701
0.568545897265619
1.04388754907786
0.540584623629606
0.981196043479782
1.49476308645859
1.10447030862256
3.64778115643168
0.641466568802203
0.652429718173658
0.7223329022637
1.53499132035464
0.946023091351815
0.177088066361421
1.01592627544185
1.23881257791293
0.756480607691678
5.96566588608112
1.65823168245314
2.58353593606189
0.488157235562081
20.3593023662228
0.655924877378164
21.7448375333496
4.93771335034311
4.62759078676033
1.43615206272646
0.264467046473968
0.840992508708773
1.99933172556009
0.518809781785561
0.610487807719645
0.978644577260496
0.492526184567706
1.69766872881059
1.1137907331679
2.81762538883646
3.63715167825894
0.758449547376878
1.43884053918656
1.73491267927253
1.65321030372933
1.13385341302296
0.478836811016741
2.54096909114209
0.422914263744713
0.404101452821174
0.376312141018025
0.339030442836669
0.894760756352452
0.692028823412907
0.76427481271772
0.56854589726562
0.339030442836673
6.83162653058846
23.9301900201554
1.14175200680391
6.44436289072967
0.562720631924783
17.4326890589866
1.03456712453252
4.4866193655121
4.31885172369601
0.149126792725408
0.562708981394106
1.55068563373062
1.65430591963464
0.20854449920194
0.439110714993072
0.344051821560472
11.8089778989433
0.442720165903559
0.736313539081708
1.77088066361423
2.78098167371524
18.821432316242
0.875316020644741
3.01981755268952
0.517283562266264
2.58525275826313
0.710810527419522
1.25359710134797
3.20040077825544
9.33005941770647
0.222628942248319
1.87690049281745
0.339030442836673
1.41204431861871
2.55112823739121
2.65166078314867
3.26593780946722
9.05818729393125
3.43457644495707
1.29903417100649
2.14835785770042
0.982139736464997
3.75274358347023
2.54236715482391
1.80350214952291
5.24157375368447
0.739808698286206
2.41398995724255
1.13126652919041
18.2230494099006
1.64505493225216
1.43671128819918
1.73575011941794
1.24311162373446
2.42797059406055
0.680390991809675
11.4221802803118
0.311069169200658
0.936702666806472
3.33171390956858
7.90611116936376
11.0882959933825
1.24311162373446
0.65592487737816
1.14133258769937
7.92585602274185
0.941025013689375
0.358836344995517
0.629128656810321
2.23690189088113
9.33906539442873
0.246991250451461
0.255146621928629
1.62757913622966
0.848379993708712
0.477426048256504
0.810166253072826
0.349515920450175
1.58096536297229
0.600002330106136
0.432234688290053
1.66253072827468
0.255146621928627
1.00869129588853
0.862139270443772
0.784907902554954
1.06252839816854
13.3977724185337
4.11110540235108
27.9766057343916
0.432234688290054
5.78575606118859
2.1844745028136
0.236505772837953
0.33112252863118
0.293593373178146
0.940092971234845
0.581349830484774
2.85554507007794
0.125021844745027
0.823692519194246
0.19106870317943
1.81282257406825
0.3949529901087
1.28971374646115
0.936702666806474
0.739808698286211
0.468945510468004
0.460195961926067
1.5192292008901
1.14990737828108
3.67756212645487
3.49963300828352
0.713559004112645
1.55068563373062
3.12700243496092
1.68559877902439
0.572041056470125
6.04313026458355
7.6427481271772
0.209709552270108
0.778255449535728
0.488157235562079
3.73764449570678
0.391690841517833
0.751932706534775
2.24622231542647
1.69049200191069
4.28099914951127
0.68738131021868
1.26757773816597
3.73795626390783
3.65732189251221
0.48932228863025
0.516118509198095
0.506798084652759
2.34408677315252
1.28155837498398
0.700185243437832
0.560751692239579
4.27807486631016
1.63456945463866
2.12505679633708
0.265632099542132
7.94100171262802
21.2274882620903
0.814372094648913
4.08953327974089
1.41087926555055
1.47974555240991
0.236505772837953
1.20651917094824
2.37880116039286
1.60311302179815
1.49592813952676
1.01592627544185
0.683886151014177
0.555225146505427
3.18292498223294
1.0899914951126
0.44272016590356
2.46910861789755
6.3038183449256
2.16815210932859
0.447380378176227
0.224046578821668
1.24311162373446
1.49476308645859
0.739808698286203
3.78409236540725
9.39848310090525
1.88622091736278
10.0194563862384
24.1295147553971
1.56117111134412
7.64624328638168
2.58990132000513
3.49865436370627
2.22175620099496
1.72957941584239
2.21102606223713
0.44272016590356
0.951303577877975
0.211727890205398
2.49787377815059
4.94874418929782
1.34273531159345
1.96660957906633
0.725909498677653
4.01244276676803
0.180583225565923
1.18369391725792
0.0971537753544678
3.70486875677187
1.12609963533839
1.66253072827467
1.14175200680391
0.963326925541458
0.3949529901087
0.610487807719637
2.56144594736291
6.36002469912505
23.9479412347232
2.05049339997437
0.652429718173666
2.41252420397749
0.68039099180968
0.292428320109982
0
0.73327275057379
3.98880384001491
2.43612596553773
0.918061817715799
0.386797618631526
1.18718907646243
1.1870842216863
0.579970873673295
1.40738410634604
1.31417986089266
1.77437582281872
0.806216723171742
23.3778210012466
2.384942854147
0.989890135495669
1.36007130124777
0.366991716472683
1.11379073316789
1.67301620588818
0.320389593745995
0.557372921836584
1.26118159682174
1.05287010823343
1.43884053918656
1.91674530774877
0.711847424650196
0.124660678293898
0.932042454533806
1.08558479838757
14.105297496301
1.45748138827723
3.39788892384048
3.90059767222396
1.13126652919041
0.600002330106135
7.86643831626531
0.572041056470123
0.0966994046578826
0.729917397737465
5.74138151992823
0.796896298626401
0.294908834597417
0.915064718697935
1.67301620588818
4.10295935129843
0.512623349993593
0.50563303158459
0.97870737362087
1.86874512134028
3.06059441007538
2.6936026936027
1.9887455873615
0.251779618561628
0.414758892267545
0.205049339997436
0.750294175899708
0.44853378071371
0.292428320109981
0.432234688290049
0.45310078874093
0.391457830904201
0.44272016590356
0.484662076357582
0.372013095196489
0.376312141018027
0.376312141018024
0.222047464261998
0.450875537380729
0.788041895308328
1.20805517691331
0.363624713105679
0.56272063192478
1.9106870317943
0.121165519089394
0.991460161010331
4.78849626600492
1.60660818100264
0.339030442836672
0.349644076287673
0.747458902753021
3.41196276490394
0.688775995246585
0.736313539081707
1.20935584215861
3.66642200552236
1.15922780282642
1.04388754907786
0.54407978283411
0.685051204082348
0.308727412533644
3.81205363904326
4.73278622441252
0.489322288630246
0.674565726468843
0.294187550242912
0.488157235562079
0.823535004019432
0.876119907261777
8.24450968741625
1.29459893048129
