1.54136520918528
3.23296109887805
1.41087926555054
7.22798923490965
0.987965001805829
1.58913238498013
0.227185348292613
0.815087903253994
1.83029837009076
5.62953642538418
3.10002854380017
7.83658546246781
7.5951527967099
2.81942842496476
1.1277713699859
2.9778756422355
0.873481761094211
1.43027739913553
1.05584693532791
1.86331084780912
1.12777136998591
0.366991716472688
2.16583365372293
0.946023091351807
4.86875677187096
3.10157445271631
1.07650903498655
2.75302040007922
40.1197674554076
1.9106870317943
5.40584623629606
0.80544126384957
1.86874512134028
2.76350587769273
1.80356040217632
5.32196241538802
2.18265515594236
1.84893921918144
0.856470588235293
4.06370510176738
1.70913285100136
6.18876189810446
1.46680181282257
9.36702666806474
1.99457085270234
1.17557536145771
2.10879265550546
20.2217030745751
2.46059207996924
4.42690748313586
1.37286871016974
2.14468794053569
3.086549462328
0.484662076357577
0.991460161010336
1.89226754278657
13.0707303717684
54.5835401302529
2.35224214462969
2.27936516258316
0.364577143988912
1.21637365582002
0.829922640476275
0.163107429543418
1.31845548914753
1.09283655470506
1.60660818100264
0.545303088555683
1.81282257406825
1.38291799191453
4.85011592278029
0.404273414654035
6.48569384735477
3.39802686612375
2.76415737536844
9.64203453217305
1.68701676511365
0.598310090524625
1.41087926555055
0.711847424650194
1.55251989328114
1.21515035009844
1.06106916920066
4.68351333403236
0.442720165903556
7.50220078524578
1.68117157736535
2.27418358906248
2.305640021903
2.38317139095686
20.4786591404238
1.65903556907017
0.852291659385085
0.935537613738306
2.79612736360141
2.56422063775005
1.54136520918528
1.42136474316405
0.549960388195679
2.02995864061609
6.90065592487737
2.84695571633288
8.233430032738
2.13787238008692
3.0149411065674
1.56339123647082
3.43599128540305
2.23477496999988
5.87725979518373
6.3982156047208
1.68117157736535
1.80233709645474
1.33748092225601
4.58098866403365
3.7607913040439
4.3654538464227
3.69887385970431
2.75207670709401
2.44195123087857
3.970500856314
4.53491594142112
2.16583365372292
1.23961646452996
2.43042594340173
2.23497664068598
1.60242272785526
2.5422595039204
1.69165705497886
2.03924772523388
2.80523155429729
2.55845653769529
3.3592375892722
2.40321030372934
4.97254901960784
0.954178462828978
1.24427667680263
1.16889121899503
1.04738270828236
4.9328812927429
6.48136206354198
3.09904116132489
12.8050138058789
4.07768573858539
4.20700662915196
5.6913056749735
2.24971747463097
1.19558619645125
2.64117530553516
0.710924702620205
4.23274777766128
0.912944904640404
3.44273181643423
1.76541365209186
0.548212808593433
0.851653792830261
0.96349888737432
12.2505330117787
6.53997926205538
0.488157235562084
0.999437861894604
0.415101883890812
0.890100544079785
6.65012291309869
1.88622091736278
0.376312141018025
5.91831113907237
5.40002097095523
2.71573870189787
0.870294641920941
10.4295550662333
2.9638950054175
1.25359710134797
1.15951906609346
0.451396898628737
0.879615066466276
0.980564002190306
1.5192292008901
6.59420036582666
1.6060074796407
3.93787937040532
5.33594305220602
0.96466394044249
0.771328510013632
4.80933906539443
1.04557396339403
1.41087926555055
2.46450141553948
51.5139864620833
7.9676739715494
5.23172614262579
0.316894434541494
6.21089790639963
4.50624398541353
2.83806927405543
10.6392646185034
3.92573299313783
1.16971328043992
2.15155884100521
0.806216723171744
2.49420665711323
1.73040019572891
1.1883541295306
0.394952990108697
5.01241655307399
1.03806228373703
1.9141821909988
2.09496860181981
0.618643179196811
1.86874512134028
3.7037037037037
1.74635338389663
5.93128517003949
0.750256894201525
3.50797478825161
2.60971887269465
2.02253212633836
1.47944776484569
8.91498607761583
0.848158633625761
1.26175247282514
1.61212808593431
55.6662355970314
3.53593606188761
4.0363816946862
2.05753905840411
1.94214346463481
0.442720165903556
1.70913285100136
2.5367253853413
2.6648812228397
0.68039099180968
0.335535283632167
2.26486316451715
12.526123402421
1.99811074994466
1.95516223363974
4.45865809187608
5.15768993277644
6.16429578367295
6.39191732783429
3.34046998240771
0.478836811016738
8.59663241410647
4.64209278482636
2.22292125406312
2.38602868360654
25.7476728064964
3.92647338436265
3.00966761035965
0.729759416541422
0.596507170901634
0.739808698286209
0.988867218901823
6.99339927533699
1.4138711218296
1.71879626716997
1.08388894714155
1.41087926555055
1.04388754907786
1.03456712453252
1.11483275663206
48.7924224948447
12.0233476634861
2.16583365372293
0.600002330106139
2.8275371943192
62.6926706511482
37.6170880663614
3.70725420292895
3.30009332075075
1.35495671827852
7.1336199363881
4.55302739039763
1.72433679354094
0.715219554250693
2.44544639008306
2.27418358906248
0.554565260447609
2.7821467267834
1.12252210688197
1.45917584145958
3.78758752461175
2.98061060431303
4.21749210676546
19.0544429298755
7.67763855393612
1.28803362343155
3.28428459916349
3.3588479955262
1.7454213414421
0.739808698286206
3.14581512937915
0.695833071196391
0.890816352684864
1.29903417100648
4.95759206831871
0.802787272960278
3.60921137557816
2.37524903009332
2.71336711987232
1.41850745051438
1.0808750713595
18.7620146097655
0.469079608076147
1.98950287185581
1.66253072827467
1.9141821909988
28.8688499761164
2.5617348805238
1.91184043433178
2.58525275826314
1.41676278354478
0.517807836146931
2.80853226614472
5.13316265305885
2.69826290587536
25.9873795626391
21.2421847075134
1.81130986916454
1.74641454918271
0.65850477089232
0.493028089429476
1.46680181282257
5.43846772220475
1.66253072827467
0.534759358288773
4.76244521337946
11.3757347407175
75.5150461943541
2.94297997273775
33.7306164295784
4.23309216734823
4.20305605070312
5.15768993277644
3.56389733552363
4.79419337550825
3.39612969370755
3.2944759008773
5.00690224039706
1.71961832861487
4.52775785537031
0.792236086353728
1.64651637482087
1.26559668192887
2.44661144315123
6.25790488506752
3.8994326191558
1.288813742966
3.09793144827748
22.0183379352929
8.26089918795803
0.468523178730786
2.91912714224132
0.792236086353728
1.97010473827083
32.8777975836799
6.11885871401441
1.09398483100905
1.51742045600177
25.9480619342211
0.627963603742149
34.6009339065394
3.93676965735789
0.579785746740764
1.42136474316405
1.75690002679623
32.028473896986
1.7149581163422
1.84821036198199
3.92275791362296
2.08000128155839
3.74215045495323
1.28911910337513
0.624803979821284
3.73544848717859
0.728081740123264
3.97837614903358
1.99150664662776
0.540584623629608
6.87235387321893
0.796896298626404
1.06602355737304
1.60829750795148
1.49476308645859
8.25916314238112
0.320389593745993
26.4362191697832
13.9002481563035
0.971603462537724
0.739808698286204
5.88468304731281
0.701238917432685
2.66913657917119
1.40522584553727
4.1522491349481
0.363496557268181
1.41495042699195
1.18369391725793
0.962380436428886
6.01667703563896
2.63768014633066
3.01710006640803
2.55729148462713
1.17881747113581
4.59496930085166
0.963756480607694
3.28897417077349
4.87095685808489
4.47187853156712
2.42161919075414
2.44195123087856
3.02761688394906
2.20433574499319
0.601167383174303
1.94214346463481
2.65981615462584
2.19315123553878
0.951120897556886
2.51651462724127
2.47625913110342
1.97514650542332
42.1376393694733
2.21243577644962
1.09931564782776
2.85204991087344
3.29994291239966
7.913040438992
42.5052801370103
18.4908485081496
1.56117111134412
1.26175247282514
2.05515361224703
1.16755501963114
2.33360129553901
0.953636014120443
1.99923106497501
0.730488273740871
2.37576270199107
12.3213850150874
6.09832395465613
1.39963359081006
18.3238394323861
2.47924353104284
0.806216723171738
1.24311162373446
6.16546083674112
1.01592627544185
0.746235597031441
2.88933160905479
7.65373166497732
2.74576864376173
1.77459147414166
1.09981009634989
21.120082019736
1.21515035009845
6.2164994815514
1.1778686519171
5.65149476308646
2.16821909988
1.14151375345146
3.05127398553003
2.00080097398437
13.1112630340312
1.04854776135052
1.21366840259574
28.705228059138
0.540584623629607
21.9210508778675
0.191068703179432
2.12656239441707
1.33707024104948
1.14175200680391
1.88266459287221
2.58525275826314
3.58253818461431
9.85021798142905
3.66172404553027
3.45205224097958
0.534759358288774
3.99380191767735
16.0338121701444
1.07184882271388
2.09393718033856
49.811843929491
1.32580429438561
1.95047068143953
1.28971374646115
33.4789649668542
47.3359961786259
1.7009774795242
10.3962457329931
5.04494483473724
3.7646760569944
0.681666025887481
3.42409096734356
1.80915545303089
1.12194610464507
0.977675253107773
5.40002097095522
1.015077650787
3.61049945825032
0.545244835902277
11.7670359884893
0.703246886395675
0.797767175794858
2.08311488588306
0.702527000104858
0.34835086738201
3.11296063285683
0.316894434541496
31.0347361737327
7.83247410669556
5.56429345356681
4.53944415318118
1.00520534060327
4.30631330607113
2.09709552270106
2.05252933021099
1.37958081390607
0.600002330106137
6.47703144478232
3.64428599722717
2.59573823587664
6.75148253002925
1.10402106415947
3.78717684340521
2.99535143825801
3.91719676581268
1.8105092446961
10.9736516258316
3.90577924574465
3.51167313271119
1.37942283271003
3.43100485827129
6.02448941549287
1.90349294560368
2.36156256917503
2.02212144513183
2.57575466312489
0.562720631924786
4.13826849813008
1.96660957906633
1.21165519089394
7.05107301387578
0.682426922046302
1.7426252140785
23.0877693893958
1.21069332308087
0.572041056470122
1.42602495543672
1.57864690736663
5.99541842880942
3.21904162734613
1.58401547190474
0.86213927044377
2.19029976815444
1.09066151713211
4.48661936551209
3.11392401523889
0.808252653408363
4.08409632658768
0.311069169200655
2.88857141192782
2.05241573753685
2.88933160905479
1.66253072827468
4.58098866403364
1.36544219589202
1.03448324071162
0.618643179196815
0.562317989584428
1.19595959595959
1.18007572844943
0.907576340102294
1.99457085270234
3.65408921976396
1.84544405997693
3.49218540654527
0.991460161010337
6.49633590810062
2.66849288735102
1.25050679808465
2.19629687882283
1.48544266191325
33.5570235224215
0.600002330106139
1.38740344622697
4.29314412871506
5.37788496266005
0.823692519194249
0.552624748057271
1.14175200680391
1.34214113452868
1.13749665047243
4.82215464914427
17.5234867708224
3.53710111495579
2.32689058986637
2.52933021099111
1.89029207880419
0.899105938275495
1.06397259795184
2.63768014633066
2.70367749000967
8.06566239092191
0.883313410925871
2.22175620099495
4.31885172369602
0.573176284179749
2.20428040497245
3.11692181328859
1.88174711358104
7.60967739680542
1.49592813952675
2.14889611221792
4.28417974438735
2.1656588957627
5.88581827502242
5.10176738550441
0.358836344995518
11.2423868442208
3.05127398553004
0.991460161010333
1.64971514452483
3.46413151119033
2.24971747463097
4.92467931914298
20.9837708107604
52.0767070940081
1.3735975673692
4.45982314494425
14.4578978947491
2.86991530064195
0.851653792830265
4.69271212703738
0.568545897265623
1.23961646452996
4.00195728915453
0.842333368284927
0.739808698286202
0.931168664732675
1.56932648282129
6.3170895809304
1.25825731362063
34.6128499528153
1.40738410634605
3.4631755851479
1.07184882271387
2.62369950951266
1.0678003798073
5.56778861277131
0.602761175771559
3.97982128085935
0.852818845898431
1.74641454918271
1.34118066477928
0.954178462828979
1.40155884100521
9.24250800973983
1.35769168035604
4.07768573858539
1.3582072163387
38.4316055596332
1.60660818100264
3.36816842007154
2.91729288269081
6.79802348746986
0.862139270443771
5.14838768305898
0.711847424650195
0.236505772837953
1.55068563373061
6.06759637901506
0.811965561031305
0.834177996807753
1.24390898605431
0.805797304067203
3.10795148719024
0.666410354991665
1.78519683571586
11.9744694930854
5.29400114175201
3.54601889716076
57.7412584903243
3.01515734041686
3.91293558421586
0.130384700523108
0.26446704647397
0.698504654387002
0.366991716472684
8.65284913727821
1.06863327624574
2.87284319550755
7.23899607377116
0.365145806391483
0.991460161010337
1.04738270828236
1.50134272366106
2.15301806997308
7.04583831393519
1.79884193725025
0.764274812717718
2.960921207461
0.601836589656661
4.83264012675777
2.06913424906505
0.230852352824671
5.25571097363485
0.199224074656601
2.02602728554286
7.57616534433143
2.78397352999429
1.35146155907401
2.93593373178148
14.4128715062971
0.40610767420456
9.71822900283107
9.41523003972831
10.6206237694127
5.4932252164086
0.911647501543693
0.8468159099647
2.79031141868512
1.55773129216036
1.21157130707304
0.940354409143329
2.43280265166078
2.75983596052801
8.21799016695209
2.87982477601855
4.20700662915197
2.12855195554158
1.5227243600946
2.22845234350424
4.01238160148196
1.18718907646243
0.991460161010332
2.28355935362856
2.11107615951907
0.432234688290054
1.98961646452997
1.38181631773327
3.32273135041301
3.83418964733844
2.10991110645089
1.30951964861999
0.332561485675678
13.7884030617595
8.08149965630933
2.97527337970245
9.20275418545315
0.768407838477048
10.6905269535027
3.45205224097958
10.2116137150047
0.603374459706637
1.18718907646243
2.83509547609894
0.879615066466278
1.44932601680006
0.767769971922224
1.16039285589459
0.876119907261774
31.4762074027472
1.14273938927918
3.86215092097445
3.36874442230843
2.19501823308052
37.9640091806181
2.2341668122983
3.21088625586896
0.907576340102294
4.26550906993814
0.929770601050872
1.77437582281873
8.72694371628628
3.08855568371139
1.81748278634092
2.05398855917887
0.959602483893141
2.27881397597661
3.39612969370755
0.377477194086194
5.71691540549672
10.2318781820512
27.7503990306759
0.836100334370231
1.12538009856349
1.63107429543416
4.63338995491245
1.4775319515804
1.56600316894435
10.17078221663
0.90600351846026
4.91777801078841
0.989651416122002
4.43069681824008
3.04200890100545
4.35729847494552
5.21361248004846
2.33360129553901
1.23379119918912
0.3914578309042
7.70349993592208
0.978802558456534
3.9281097013969
3.18292498223294
27.7686442277446
22.6614472289213
2.1605297496301
0.545244835902277
1.27107289737047
5.78332343038226
2.39132676243403
1.9887455873615
1.30019922407466
2.31652814185686
4.05438467722205
1.26757773816597
0.699031840900356
3.34020714643552
2.25978353313993
0.791475889226753
3.24700290098214
0.750294175899712
0.93198128924773
4.61710530914683
0.627963603742149
4.25847214940641
0.777852807195367
2.1809793436091
1.98810480817401
3.04480502836904
4.77630689827923
6.93878578169235
3.41477054279822
20.4117297542903
0.848158633625764
3.70486875677187
2.66913657917117
0.596507170901638
0.536593617839286
0.447380378176229
1.5972877564573
1.69049200191068
1.3269954446425
0.739808698286206
0.610068388615102
1.18369391725793
2.36156256917502
0.432234688290055
1.27881758764111
0.90645788915685
0.686737618398523
0.428739529085552
1.65903556907017
0.782915661808395
1.91534724406697
9.28329943028903
8.05284680717207
1.38291799191453
9.68202719233861
4.18748033972946
1.07073910966644
1.66253072827467
3.42609241200938
26.7892768515606
0.51611850919809
1.9699299803106
0.857450630876236
6.35791362296552
0.71301247771836
2.35825195437652
3.54642153950112
3.25748837859565
3.79149686018197
0.573206109538288
3.16323045914741
10.4144093763471
2.04466813463353
0.152621951929909
0.851653792830265
0.729945825032332
6.10282758379644
1.80233709645475
0.559889086947912
2.89399182132746
6.41594724639707
2.00855148952035
1.11279752542728
1.04937541505015
34.8490673750189
41.0331690608507
1.1883541295306
31.5775983596053
1.53787004998078
1.38251534957417
0.876119907261779
3.69109072268241
3.60417834632367
4.07910057903138
1.66107149930679
3.68907483135856
0.680390991809678
1.29903417100649
4.58819742989293
0.711847424650191
5.24745435904605
3.87197884263628
17.8129506134004
6.07109153821957
1.24311162373446
1.02891370451924
3.83217771719502
1.09981009634989
0.902738457236727
12.7857299639999
31.7631553132245
2.21826104179045
18.3938578402246
41.5178311372083
5.4554163317139
20.4014161220044
14.4074838348887
7.61158470518331
2.31654072443
3.59185860915965
1.41087926555055
0.367280067107061
1.19871657754011
0.414758892267542
1.92466766861231
5.10799750678644
2.15301806997309
1.03438945393962
2.04692589097433
6.53269150559808
2.161228781471
0.730488273740869
1.79884193725024
6.58190614332483
2.0992667155989
3.39571901250101
3.50211736744612
0.810876935444413
1.07941514335977
1.03456712453252
1.94214346463481
3.86164715202778
9.85634895669497
5.79147880185943
2.52763797140959
2.17052776903989
5.63303158458868
2.59980939731805
4.67849242132979
0.722577563408009
20.1915347244067
4.6788531217597
2.4278140109282
1.67301620588818
2.41865016951522
1.94330851770298
2.96610208194983
2.58525275826314
2.46408723917375
2.74952524087472
2.27418358906248
51.4331871191733
2.76350587769273
1.53951790104039
0.629976815443943
0.960905945265808
1.64971514452483
1.85476448452227
0.575972411543348
0.736313539081703
2.6709708387217
0.834177996807757
1.69049200191069
4.45982314494425
3.14447823098342
0.876119907261772
1.19424277375834
0.617122085911014
28.49668122983
1.38542378805357
6.36521431151189
8.62605291671034
2.19379492735895
3.16900912236553
7.67328929432736
2.19379492735894
0.20854449920194
1.00048640965596
36.8343178031759
0.736313539081708
1.19767455407594
1.15830508079643
1.05774655435555
1.05885556837114
0.610487807719643
0.778255449535726
1.26175247282514
3.21088625586895
4.53903032633136
4.81669101627579
0.879615066466278
0.376312141018023
1.48194750270874
0.738326750783502
1.01592627544185
0.577090862488788
0.486406859832464
0.610487807719641
0.59587151794764
0.390581128470398
1.73709412463738
0.907576340102294
0.149126792725408
1.36544219589202
0.805342933370612
0.512623349993588
3.02158319061433
0.291318607062552
2.22175620099495
0.68039099180968
1.76505539827339
5.40934139550056
0.302913797723489
2.97671058916734
0.826776997192226
1.15922780282642
1.14175200680391
4.9983660130719
1.57864690736663
6.55575361457715
1.54719047452611
1.16720550371069
2.16410052077873
0.871243461139651
1.77204152249135
1.90486176645346
1.28563093448907
2.1901366607249
0.25514662192863
26.016800065243
4.952640592779
1.78806041965212
1.05786818589587
2.85204991087345
0.758419722018339
2.82285123437372
1.85942469679494
16.6494792212785
2.35806740997052
