129.918346740193
172.85752504192
55.452937027496
358.075626612951
42.7851527715667
56.3219549522708
14.4348804493237
45.193513352311
106.619594753099
326.264612402337
99.4600387256466
692.401086773462
949.979426034472
339.436461042585
68.5745416327352
115.926802636181
246.365389007398
115.023517008165
59.0394027414872
32.1450384860915
54.2010360501466
59.2765942131253
132.238935926308
45.466397300419
463.363939976828
351.805631887055
125.826696501085
241.781972423217
2204.37910751566
137.524946888817
220.010611312267
50.6581597588956
115.664849189957
503.687175522784
31.0257803205837
476.084708505056
92.3932943200749
70.9530935558406
29.0557543161241
191.798575480638
217.082977642051
463.586907065388
38.878626714905
2107.53784987026
165.717043121571
247.710876908125
1144.53974876584
7199.89540887158
102.134165680036
203.358551442256
75.4893666475333
145.791517718582
370.1135981445
63.1178525879302
68.1919989317204
24.569623703384
781.27086022468
4144.25446217801
215.554941289014
82.3902234140165
23.8682773570445
37.7759907899255
47.272683788091
26.7991137047101
90.3497541037698
94.7928853165922
91.9304358799744
35.0400950287779
240.894941683068
50.8775682070885
49.019191574898
41.1757111507045
1417.30430743879
171.714834674403
1790.36352685215
1038.89752329578
70.1914808903327
47.0734524320473
61.3248811218268
70.9484149763629
142.642436020838
179.529551402299
79.8425787052874
49.6878509560997
286.835602077204
318.187385113289
171.48070006656
179.044955035241
959.736848198971
236.063236513824
2942.03202441366
172.246490445552
66.9111274619391
121.407071982482
69.8638843308965
163.127687407799
76.9071568760908
38.7514447959027
59.0455406347684
114.513413159684
429.893667235858
308.744127073297
1430.51455863258
555.103983820472
128.226368513974
242.327152313044
136.6716364545
86.606197994541
587.083540488112
451.097317627963
187.994593854288
233.262033111896
368.481285249956
108.405082954454
309.524755757043
304.018116687142
145.08740421827
232.222735714866
165.295964092771
236.061259449961
185.766326173773
58.7395902509717
70.6295193786746
69.5372694064369
138.716758015114
134.937971698431
120.054941184452
232.192599507529
52.9696550704256
66.9924455703886
54.8414385665039
208.706443964306
183.889648452542
84.132449117207
26.1483127244212
127.822251014044
64.8567826958712
55.921795557754
323.010208169252
316.041385547004
143.020092582387
339.610319235362
310.182832411991
153.153278030258
550.89406320639
94.0608904307539
101.589819885424
149.408902407088
63.2453518219391
623.973766952774
104.119995279379
274.422106699821
223.62713420583
64.4597930328808
102.859658916904
69.4887654045314
518.917494232766
164.472343380895
24.9638867848694
54.4581510895073
22.5179086373837
55.5548581436672
40.5560024322829
93.0586264420188
40.0605322563683
463.802770072396
120.995558494279
173.743115125958
54.1469015081725
397.740216078491
124.42396757605
104.895549985178
56.4555683278999
31.8126071317856
41.3303673564259
89.3085097039513
420.562496543156
2853.64002543008
77.548579841316
25.1958118274907
266.239913061487
59.6503154654621
45.7255830882456
103.030009267993
32.2937015249873
138.960019932799
281.06259660928
2545.77739011993
1297.20757213337
264.908290178169
194.404732192415
308.419650171968
226.799823195504
268.738240629068
425.339783162781
466.318631431906
36.4151085859207
99.7605713652164
132.401746520575
286.493838990502
207.74690764657
59.084559102966
86.8887504748719
383.987759109135
61.7627108752953
43.4341118950961
94.2078225080655
62.9976904122089
126.921762814576
95.1972939729917
66.727437750267
335.034300641495
32.4922415176971
126.875492582577
220.741277140537
58.6531771952004
35.1617517366046
286.040018042232
67.5247238460348
219.173150886358
169.893500134236
4032.82935902981
171.30225984676
191.599187436062
85.1387615694918
187.655616956989
36.170997635292
83.8642477057592
300.81988291925
168.290473274435
25.8278301909961
159.178723865499
111.612715768628
1573.1442624289
650.306666165222
171.404289046782
204.368998077416
210.274520444909
334.40255055003
127.964302247983
480.913642313077
44.5934685511572
652.922668553268
384.835966329316
256.205818146692
115.515687499612
3602.08421701224
564.832693496098
228.901165362419
60.0546614659498
291.35558249587
845.971195432611
123.215225269059
287.846281575547
174.843400980572
50.3565170226167
40.3409971218895
167.038193632228
48.4007736915214
389.965336868786
277.577842088896
3938.53633589693
487.331784627288
228.808579845072
128.464825885173
512.854200497863
4683.41519177397
3223.60986055312
83.3321482974571
113.761181648821
109.944246324534
105.105086276872
593.056859525428
150.700831123458
18.4320707316863
93.5217694261704
222.688335763008
48.2879548616934
197.301124671051
62.5396685914954
46.5257536977967
377.795845382339
50.1566344817013
73.8241984847313
1591.17535309367
984.928724990227
276.11027286165
301.533678083258
123.205417956903
225.951098019511
41.9954989738481
246.289210748916
57.8507702360494
230.556616089871
171.319187235736
233.485576842996
216.160566342148
364.07245209339
134.86160216853
35.0235483742065
25.9364619566353
122.139561635837
1225.3910586335
139.030773582868
265.276294898214
178.849163703254
101.425042173035
4287.93588190921
969.397388020947
54.8283576507854
93.7381141548905
109.985401134486
33.0121227757032
64.2657684279662
497.434826541663
414.267590890864
630.56632334916
4252.97590927991
236.852080950591
56.2505705251331
29.4508651972212
44.6146301359616
334.271614742183
377.714458573751
105.663174535628
97.7271727657327
267.689056969812
4772.35815604454
2075.94633527326
638.272630633356
1170.62150294341
112.174647109386
387.941744511665
334.015015979608
666.190385562086
2198.52499869
73.6189744326879
384.537372309009
347.663235897678
63.1217426239993
184.075647034315
93.9201108850537
145.941435093815
467.0871521916
82.1134331457487
160.970947900364
997.18558292601
294.349490468475
845.046702869998
3239.85115322225
1662.88000662681
74.5257326322749
388.254483383798
79.5185010097639
336.717130058502
509.875811980755
534.876533538011
103.940626368237
280.242983008332
3483.18841865777
46.247980556613
586.651706501475
482.680429291714
218.361948050643
101.014350594755
198.922685956723
708.488424968538
61.1246120720523
98.7885185408716
100.57960274872
147.357129248339
211.307212342141
322.91965084554
258.387187150702
555.703207212501
89.1985026912652
952.501494540939
24.4253052102233
161.090287233929
114.350226146338
52.2849827384802
54.8153732767555
206.346004004167
65.6575277467103
626.818277453919
17.0304681986965
1571.54911724613
1328.1842278837
426.093582550311
293.602520538212
168.84044315395
89.3685768369416
65.2460301866134
230.319222101681
411.277822420227
94.147403861897
343.641874167052
122.510700035586
82.369201225539
402.18070336643
242.621395976028
292.86287089265
299.498021156838
475.849305021492
549.257379717187
164.918651119185
405.401128288584
242.828304041706
221.387892139419
301.412210115288
115.449853306552
53.2331595233444
273.574814442432
146.166531884845
148.708797830834
183.013740156072
73.0859999719895
58.7046194821597
130.791172639975
649.507176551262
79.5759831622639
2479.54467239112
423.032612013631
16.9560444154353
707.226349104196
53.78751735143
382.489120035087
2479.64043814314
1418.25340545448
82.0024912772968
103.698894490206
69.4347960837397
238.330886780877
59.4313155841645
74.4076678451207
184.406480419442
84.2333586891816
346.590552157998
2209.06071279477
8484.24749700705
677.10790294914
705.918792399803
90.7566279337712
23.9495357298716
103.729209654513
1145.9719857335
792.307103241116
147.225304022318
99.5146773803174
535.835478084416
897.948283244828
5033.19303945348
16.5702164928062
2159.22153768621
88.8083114903985
23.446297439549
346.575357810651
179.925606030717
301.64005018395
254.060663892464
161.090289028079
104.741775395151
6921.76177079301
188.505656387848
50.0932191927198
903.176884253502
35.2097618766129
41.6396655064134
3604.99941277267
201.513941588614
127.621201545085
40.0941415526199
575.492070018568
198.998346765857
174.029266309861
3637.43589212712
233.789631942195
111.362125828862
75.7961728017438
526.652453384524
1769.40370763974
144.322483034014
736.683496484025
4308.3000402104
45.9760159193114
321.685524951413
175.419525342253
3602.13138353359
2757.25351255581
44.3150412068618
520.465126771557
1291.02292968171
419.687022183091
103.424409859108
97.4021681489593
81.544486290239
258.202673571241
117.483039271764
159.227116994898
279.83698806827
594.754863473643
51.4445433007891
819.663661763072
31.3655726628265
34.4909502521553
58.6497195270478
42.0267203362998
64.0247582737921
444.968276939834
110.751583889035
5403.69144173985
394.043238401773
489.123771532771
219.872030599861
75.0848531750115
197.537699460193
95.6296022628067
53.8396972529308
55.3374473356614
84.0937786162337
1449.91452897464
96.0195988727112
164.755010837181
508.185459061328
94.4221635809393
111.697421269548
358.533604888161
437.667104469189
128.544614762314
737.727223729094
68.8859435211529
375.345746844746
75.3887939921256
96.6348684579134
677.735080302517
64.0522224505743
56.6287417211711
207.603949786672
195.260737398018
70.0028635916145
189.154596446138
123.354814605844
82.9102433517674
1026.10318486584
58.4385722472587
195.241012000472
1015.29611712141
208.587331064405
25.4748470477309
49.4187560897377
78.2130766161011
644.566449932415
365.468968603647
51.5341975072568
35.0655141122865
227.117165328166
330.182444470257
632.260688959197
558.077664554006
109.896290302806
482.690827822228
10.2137515120434
148.024279545964
16.398539179167
50.1077893891118
156.051586725382
72.3039718910093
85.1143296987496
831.986735699211
43.9658019436579
155.13357339695
100.984539550193
99.3636717440446
60.9232479989754
204.52319537947
228.827873500713
371.778531851727
306.800201175925
84.964462108797
591.417642672264
427.266046502733
65.3306000327522
67.7385990103976
232.735602752052
3619.53544153838
38.747342580499
245.65410972666
245.160603709766
144.051143342347
225.847887019175
98.3816276566041
61.4348179667511
77.9769848920123
61.9246714672808
79.8022572014651
1496.88097583807
31.7384835972422
73.5950227588641
58.1530370119339
345.090521680586
384.145776365312
74.3775924542129
76.4723224135003
201.334529317803
588.882018068298
19.8351125149056
230.515204493521
278.39873966538
53.8804087808185
125.892094386205
325.485132340991
151.43705397107
69.4868273792619
159.162881170844
61.95398366519
220.397427238157
160.431044782314
152.095294860502
59.8341759404901
28.448365640883
980.197381305651
115.409757569743
49.5107557315266
64.5325255763689
203.604107873994
126.646998064649
511.673331298781
1944.28686857502
3542.67218445272
117.665712138864
709.905629342479
1349.39297394174
139.126844664951
66.1071732618818
264.258904336613
70.2611005406714
66.5317603610173
61.6578538441241
46.9059038102119
71.1832022988378
143.494081540936
94.825684255744
468.783395913931
136.07986370158
2752.33819236324
72.0737032818072
194.89236584032
60.1688598720075
56.0123975265658
43.3489154620364
206.479014396752
31.7091952037123
126.302698267793
12.6247812957418
136.077703071928
80.9894025452774
17.9591639878398
53.0749416124132
615.30287066294
66.2606142381926
78.0806851890503
173.232403294494
2648.34946926503
168.517447657968
327.217743442027
51.9422258439149
448.555285437004
112.652127438648
128.578358250472
29.9555863726419
51.1902042890364
80.5847418395181
534.234570090087
33.8264463456686
55.8921532966196
68.598931812653
36.8553536378524
168.677370951821
38.1132434063563
80.1203982256791
2240.00967900999
80.4920619109815
230.61800195384
6372.49361024963
451.512541496929
284.41374014337
43.2362581633921
43.9109710686077
36.2010056962556
26.4638038091079
155.597946156719
28.8351204289179
169.972116063963
131.776460204415
31.4594294236352
165.558295768283
143.646037813925
92.8655680648305
110.844863295188
368.475095181892
2546.20909035914
150.889030523683
76.0038317308734
28.6291667625069
87.961215540682
123.919461921083
13.9258661641542
129.485693886763
108.865954908091
106.236201320747
1223.32893371334
241.893631556043
179.552101397465
107.04182262651
2262.95839636872
96.627310838889
4663.8427532348
358.172756873382
856.747429029141
149.409897945482
89.2268157527697
232.473204878554
89.0425888572778
55.9207672520512
133.63347702956
96.0418329038799
211.927031316851
484.787030168781
503.098245994181
736.640717375234
431.861732212544
106.110577870838
178.323592697835
122.192800333865
251.833710860207
33.8141292393433
64.2890342980848
282.213069055653
175.616983880684
97.2222660618806
234.954866788096
100.686640370016
82.2447454058706
136.309016788886
46.900777884752
142.865155255337
31.0418815340734
1333.34975465477
2824.0823353496
281.177563057704
346.112311367531
62.9885958935148
3453.08129585929
187.466364431505
596.319696150353
236.769113389154
29.7468369599489
175.517750548368
94.2624751363287
124.267868729111
69.0673754128035
75.0815060898083
70.4407861546233
1897.63915619955
61.4081458749855
182.266608530035
234.353902999961
108.296183515086
3541.98290619798
205.65861473035
264.445258075879
50.0446652978885
338.887763672501
110.474625221369
83.45961084722
1272.52286873173
158.356056982221
79.6207991082955
163.710959834809
46.8509529785775
182.673233562234
803.195366521535
230.631360674531
419.379719710034
3373.42529655036
378.454551307992
208.082586037475
155.77394036912
132.827418312317
294.741249828176
160.357473351795
289.8264828569
2799.3913315401
25.9378658953884
581.467925450341
75.9779297723787
762.304134772582
161.89806367931
50.4176242584928
298.678080744675
198.792766655344
181.549379057815
157.111342347142
741.194528812599
168.196271689411
181.77284965063
238.260964135406
2822.34897076937
1854.61932727695
30.6761671306961
221.480043692684
620.316472907946
341.192782081212
142.402272449863
108.403840091672
56.418907194991
298.692597131047
445.571330342442
56.8547055329281
102.301604445318
391.480099221261
106.456581811675
95.4582964234956
368.69419791016
61.935387022878
488.661171923984
366.004322987953
32.2586439817185
197.634833899044
53.8531304678004
72.438641830686
351.15258167684
118.121581195826
174.111015305826
1995.11781753859
559.985526650205
4884.29861602345
38.7534271516116
925.243291590788
198.237841608059
44.299570844565
47.8448480336899
32.9913507346628
25.8788383863584
164.103583461492
35.0370074811984
63.3524735369014
57.8439268444975
36.0321529929836
265.752185187782
37.0843864864472
125.80153771837
34.9340682193129
69.6580429567081
172.426534705428
58.7146587264301
269.739096186688
399.921460860832
581.299662960157
656.552101714254
39.7009662413179
368.733112631761
420.679805399906
181.964914351025
37.5013144045616
555.097683508365
1356.22156323704
19.928638229203
129.136824586485
311.550484782903
487.27327360337
69.7827744338324
179.747392308531
246.174583738409
204.572196913262
896.21442991529
138.464051305034
143.987947594008
3711.9982852664
571.543784195529
43.2669011750399
43.1956819642164
172.14219160409
526.615636958395
131.074581891185
225.099791847931
70.0009868332101
612.036726338845
123.260403469882
281.836212489726
28.7803000104119
2875.43122549513
5132.27822237222
121.775848901718
1014.7738297005
89.7756485446835
226.640741821117
44.5374700606264
203.538995054635
1709.60435056777
74.7147620506796
54.0853507411243
933.494327444245
46.9982965573895
75.0775728553928
554.382019037211
83.0528323023552
77.5576674754196
348.511959367262
1734.77432917631
340.737356312206
33.3090014465323
61.2044192257647
325.834998682367
291.88927794008
167.246759159377
726.118956796035
2373.55842015623
346.632852414679
223.33007317804
3696.45009477986
2281.34593823041
3725.85059942836
804.788670367216
362.289581677792
324.708101447559
446.161628357473
113.122067741937
29.6866508375388
109.224819383838
33.4342324578797
355.206138509939
681.02221906413
158.132832222724
109.986512709381
153.732996559504
672.842658245089
30.1961222880477
87.9146964139955
38.9937337199791
266.54464965404
27.6718812021004
195.051323626416
346.885505922724
69.3733731863569
128.560175477414
14.9893989156593
559.245791514714
2641.492563983
4575.67918836179
156.636853218389
137.83539337552
647.980175203806
309.362354744875
202.991418584137
325.704028063708
180.338715726764
263.905800428263
442.787612899687
175.127771924927
97.9279843718659
108.052769349691
135.820557921786
274.011548766669
82.4796650159934
297.008783065121
70.2327598264498
77.4622416865137
5289.75998353859
735.157638050863
194.729919051999
169.232745698117
22.6996717089717
202.348712189687
393.209358291503
56.4632488545244
95.5307742186794
90.374358336667
83.7266704792539
251.981629763448
272.166492499827
89.3322174315142
88.3167908998545
149.085161187065
186.354219631793
1638.61352137467
69.7805904898172
250.684162636005
687.827386319038
208.399420790939
61.0442678748884
1455.77846772062
35.284994528262
42.4066039055135
226.347823641658
766.909340899175
89.1700489512565
49.9864178415825
96.3299974904992
66.0260355577268
133.962483593347
87.8086062889039
67.9977316279741
348.567156869466
105.174382447688
591.183224418532
265.406050185814
105.039325034161
27.1433159278593
67.5625346366202
24.5368822109462
56.3112250613895
39.8875762301808
22.9775100685374
46.3898275082818
79.3596881595019
51.2055921043183
96.3018772821931
27.314523170928
9.56200198323295
53.861744210124
40.1531760486012
43.5244836112993
82.6005433137161
105.733575034802
57.3976807183389
32.8818330094994
141.760491052219
463.529028367251
9.28744063086133
415.650232198648
286.40348144584
136.894141981858
56.6772489685453
658.447810516749
45.331316414543
558.832833750082
77.9006910309632
103.272616916901
389.047966203285
214.316811302508
227.974691731573
88.6016147040733
25.8233619389604
54.7278941695888
24.1136147568397
905.963485793655
775.826329191547
366.198349307432
83.7127463722771
216.853954865082
84.6150722220033
69.4698408924142
80.0649214096466
2206.73013426078
888.348671308711
