136.351801120161
304.93350268796
206.551154130872
154.204867530163
212.071605058189
140.044596102569
75.402135622095
241.894582487953
156.854798887574
188.143253554696
300.027094708248
231.889229692427
139.799120979779
149.479414539891
114.753878570049
128.243707640153
155.253570843714
134.508609937222
107.740383878915
147.065316019044
188.756256862431
188.281107720573
137.85619881486
89.7425254847516
98.2361382156836
234.105935407972
128.835353322892
255.879395913474
360.856585707177
142.317102734564
172.782313284775
280.907021706755
189.555133730928
204.157219345822
307.452474770447
349.33642135128
221.102530641623
241.129028244791
147.247079444513
136.080784924639
131.264644171789
202.033319150881
205.80965847014
202.054651306067
145.636531824726
196.64999220461
120.20408756904
570.079872265874
72.1072490409117
95.7366794188592
73.812353045595
95.3775235214411
80.7186719906996
157.482213874319
173.735001426381
312.995337704253
93.6316107392708
68.9690337346754
194.593674060712
231.546586855816
182.840517034472
89.1412541370727
112.147798618979
144.000997309968
190.482272586672
172.128784927003
94.995275713588
187.052638416574
167.505550912384
109.437583110098
171.555137497091
86.2112252330338
162.79954948107
85.6693602219281
206.817140343825
134.065884759706
76.2343716145578
196.790372781681
264.94218825007
203.635384175814
209.605161365686
107.785467740713
297.733692613825
235.930559319613
243.856715856092
367.532157102092
141.041658209658
124.998314707364
120.201297306449
208.594542479284
1492.91870968007
134.290851570743
100.558559584657
84.261108568672
170.324759214778
186.783597235963
63.0237504176965
63.7706222380652
134.615073364228
111.23162909425
142.013616978586
122.251039508074
123.457834502992
116.857549370351
183.796205283813
144.730281696711
179.271920077411
114.39337921199
97.7916043424188
103.43461302047
157.499876329845
107.785940222075
48.3741153274296
291.287152383216
286.912004558878
58.0834424765498
51.312851746736
78.3158279166022
79.4019088007679
131.237213304626
154.119065049528
135.683393084839
153.800915265935
134.349522021571
83.080680025798
95.6196507175425
168.228428953384
104.686655140962
166.98926015048
174.180033758085
213.163260003721
172.775504894865
131.936482594941
53.2822045321209
79.3960043384664
59.019865473817
76.4719908802742
85.4056357071651
65.1412539199898
81.9848414154611
54.3563026335993
122.540243993739
92.9041201669554
159.22936307241
31.7023814300244
45.5191906729544
59.0514037813145
122.502981072264
59.790964462879
175.97450499293
93.5562639842375
101.040258486473
54.2552828399295
73.8214400278292
163.509192017979
146.156649758193
721.876194672237
101.211224833983
61.2132107705428
110.697435572377
93.3403848557817
117.457723285297
73.5044867212348
105.04633071553
76.6873651664761
42.7378204079683
148.891358074161
125.708422208685
166.592970775349
69.3598900365954
75.0011634203521
80.6823153566626
56.5990597511727
115.773947543606
84.0719203575528
38.4971362007782
56.339852784478
172.991434328484
165.109085112979
74.6649246845452
50.0172022787684
77.7013946858546
139.078327318392
117.12950575061
117.656030207759
62.7591528190356
249.484650329341
188.740260815756
78.3378652289904
144.541632748145
82.6098050028932
244.745870207154
46.7392383647631
110.581608601225
53.979379343518
54.6178028908643
136.691575169196
108.923945347546
77.1289378364825
90.0198940271228
65.6583382278102
50.7252654219611
47.4145768383786
34.6562820777692
52.1688854097191
66.7001715803688
66.7033297527003
55.9894116321071
107.272072360787
210.028049836126
81.982933545062
63.51209673071
49.1140748597399
66.9195206597673
64.5016170099773
54.872083281562
130.979067861018
106.799651916471
78.7749052809438
97.137181526191
164.886107606552
396.395784442793
134.280888963378
85.3676340475777
118.308394730401
53.1909912197823
91.7047796704044
79.6449304231245
83.7242343245977
107.335729029679
99.0760664652583
123.985468737012
102.144825365585
503.618496570736
126.198428311442
191.058053070482
89.3248538874993
98.3773923219097
89.6114627575556
50.029984855086
15.8535702502581
40.050260434287
91.4753963234977
156.026402404674
22.7707123424519
48.4048149981677
637.785786559269
154.878637497483
63.955805743593
55.5015709353611
90.9245722473063
195.380513467762
88.341017140132
97.014710852594
87.8121882339262
102.840820668625
70.778339838073
77.7013556647933
94.9387108144831
92.8981205711748
42.0967916425416
1030.20697760071
19.9357231946549
138.809436450854
67.317807236263
102.362747331319
481.703532458339
152.046965979124
71.7983541592151
49.475346537702
93.4738004341948
83.1556623655683
100.15320745912
63.9074074879684
50.6370004456928
75.5895835263373
75.5312620613612
65.7403194680809
12.5758390348461
34.2187677022126
102.295138091244
44.5876965126742
219.154340563257
110.189975135254
104.292806906936
243.827948485896
124.480905146677
103.781730047089
50.4307821779935
76.2148062446804
102.937621646871
111.301146456097
61.6679702943868
103.697169364402
65.8490672934181
79.7330144582825
29.2428444299396
22.640498523424
77.0856839369305
177.126123575635
76.68791813191
68.1617550592742
91.4447581825607
44.5192105520347
42.6934599024879
110.471420596798
31.0311314470389
1251.9032596197
726.056263674276
263.015460569835
82.1858546519582
54.6420575281832
136.267014987993
98.3705373944599
117.609209800393
110.210134018438
763.49715869363
196.455566475676
187.073974832441
51.4128187466977
114.755561888296
154.397641854163
67.0775415175736
49.0563199502896
49.9386075135871
44.2776027690677
99.4876913011963
153.838677816149
530.476873647951
133.525884482332
578.682789214972
88.2899341094449
35.1372080638046
28.9428790112336
58.8196294626052
129.395039197481
72.8022674196541
21.4362624498423
86.9837521455731
86.0579431981526
381.674522038888
117.219569472511
64.3303789336122
154.044033419905
107.27937514095
72.7403992313651
98.4624432236181
122.371801605279
56.5936489469499
948.201602405669
299.976705544685
29.5898558462716
20.0087823272598
38.4642837618788
47.8051608576454
48.5985760569968
66.8654305010357
62.6559532199789
177.308428433696
128.170947969722
153.372595765282
187.042752803811
232.002989786903
90.079454552805
74.71261863783
123.730371643874
152.357339697438
93.9294493766219
49.544556184813
72.6842250020215
96.3484457267278
116.900508962882
180.990672728357
121.440951161651
155.410560587901
129.137077544731
52.5205416647774
89.651544254753
74.4563704169157
121.704633290851
64.3660753162466
73.8193432369453
121.263949654206
87.686652171228
97.697337979359
67.2870641929577
278.766271330437
55.6924224506612
64.2705299651928
70.4307653333032
105.170928834825
114.403667484234
144.957163638238
16.3180070231302
80.1404935103475
85.8113537497014
66.1277259896425
47.9107789339667
41.6742650957948
11.4247332268366
74.3965107002437
116.702536656775
56.7005820331644
60.9056827694276
120.562814774923
70.9444185285406
74.7196485024285
126.346554215884
301.022024627174
257.84505467749
153.043613621478
81.9065645916219
111.058536017899
88.8526918613493
103.027605930738
46.5123988289217
41.7906609350025
47.0147534706772
87.5464024953262
54.6764770715469
78.6742885685103
438.685899706106
75.6582159254079
51.122763603834
50.7582937203009
56.4333794664479
45.5622578146445
202.058678422349
226.381196001792
34.054421204622
52.2256841524081
84.4797789958785
25.2605472982325
61.9316199353021
38.8367976434246
61.5462251035426
65.6694624986936
35.0881944956526
32.336390587727
646.136279215415
46.7462975440378
104.157294287685
50.384748364961
31.3440324778133
45.6354682893408
181.186549407592
91.0890538515241
29.1086902370055
66.9759267394389
57.2839592391287
52.1087126967808
27.5504326654146
47.9007098038935
844.469514139751
59.3058878051851
42.3152557088796
59.7595460138877
24.0629371135975
31.233314665881
108.587091291718
90.560991072237
43.8643991462604
302.642799119719
28.6065368319325
71.1901495142515
68.3770559053078
49.7980581658864
71.2992665506899
75.9468566835364
54.1340971300943
48.1406091575257
95.609479981023
77.0777169900355
117.761718105941
92.7855789223616
948.466104238633
258.715278793013
559.186466718347
126.49421858796
169.359596180278
81.1649778556629
480.689720032454
234.113845146198
543.98459368391
30.7677755013503
32.2833737056124
72.8506824788214
106.956803458291
701.735907628681
34.2919426257511
60.1023005785307
60.2361667283782
91.0278249273472
48.33798426353
89.2998882128829
44.2330474008552
48.8099845926362
42.5192470657992
97.8221304819383
84.9166239418767
55.2587402587982
54.9842783617928
209.471260990411
62.694394210156
32.7864794538879
34.5175032050095
53.6157097957789
64.3090800450706
44.7838694235366
36.8390328151484
637.773663675807
433.437673643796
304.508070908797
58.5673187249763
44.5399457474493
38.3801062695442
67.4721039034652
33.7500102210678
61.8411527769358
145.026625728651
179.15193319013
69.4435010248386
76.9494366037068
115.399504521015
125.623521094521
30.0586895369431
68.7173711176835
45.868876272615
11.1899152654576
40.2699592085485
56.9893325680415
32.2765582985047
18.8206548426639
37.9715071933231
92.2374615997471
62.0107468089766
34.8898369343669
62.7149527614979
48.0598756166345
69.2595271419832
57.4537037057506
34.03339266988
41.2886149766643
101.960906932638
20.7313304780771
45.9362065104318
29.9407639324764
75.5730687371936
47.2084445369387
22.585450092387
23.8679776005165
12.6386424160817
14.438090903367
11.1006250249391
8.19203231743339
51.0894464791724
61.9509013474382
115.606310483746
44.4527031780136
31.9062572357203
35.8470865019216
49.9286599011924
28.781335079845
42.1856393447202
28.7534329209364
13.2990747487003
11.4694484164091
46.2819387251229
20.0648356053809
73.5221404971441
53.1023977436126
46.940698799903
33.1741094976156
54.5818653981286
42.1918899162644
108.901762033135
17.4577299305379
20.1249172191107
311.94666278859
130.753070936764
29.1242570168986
28.6459203853526
48.3901368897465
45.2654416123122
38.3701351470963
17.2821383763838
31.4142980447646
88.5412676363167
28.7179704322903
9.43324847934263
28.1136049732114
43.4854122243581
37.7200474356104
25.415308019739
22.1120789995643
655.094614725447
40.2708224176401
48.9434081443769
47.1522905563188
28.6702756015584
34.3820297355398
75.460134281918
132.834761701432
67.1536072383098
98.9744049590294
49.0203384812074
82.1032466523519
43.95349091822
37.4848775775595
61.6546919233814
89.3672761728028
60.9577387675191
23.021333332992
31.720677990805
27.6686003643554
30.986035115904
26.6210405402958
22.5951322241489
24.2073263833017
30.8925044140073
45.3874943022418
47.9045174064002
69.739282779304
39.447616381994
23.5018817040731
38.5593352888669
51.980848752188
35.4937721137522
79.7692010830241
35.6573688171973
103.70892376258
88.212773484827
33.4367535638087
25.8639863895139
82.7941611702695
20.0802247578448
19.4326303495997
70.8637995243171
79.8723412576895
49.6324373858445
22.0346946623741
16.8653606131221
41.1905633386111
36.883985310426
42.8101099213641
61.5511561167906
60.4931279836279
15.3543672560517
64.0410515058884
17.8169705860994
20.9429096518593
44.2646029817335
17.9258629432456
26.2128396820785
13.6803338993905
18.2280870496267
46.6512269588526
71.2169821827643
55.9843092568106
26.2449446260421
57.2432480133491
102.491948056345
1222.10351217908
24.8915294503624
79.1383928716408
57.9111250601709
82.8011829350709
28.4332387361563
27.4219267594092
31.9561749033164
15.5819928559446
21.1927187398472
62.7926847922023
36.5054122104281
36.7231921752506
34.7115435052423
15.9938068349253
76.8237876728403
51.3576896659903
19.6893794872642
33.4454558962166
132.775497598743
81.2021058900281
1259.16909690156
63.9818442756536
143.046122164889
72.9182265863725
39.8058314475824
36.5294214781924
22.5633138141341
48.7951002649285
35.3492740645765
46.5921431137178
58.769734226647
26.2725264487337
12.5223860031727
28.9013006208521
25.8117861125379
44.1897625452133
71.2207550727904
269.233536544737
16.9772021154887
26.5233708345473
9.22165311067932
33.2229141891003
44.6561155810486
23.7478188421633
26.7017608165501
18.8185871795215
62.1550073937485
40.5213163997061
59.3398891747224
38.4712494475146
36.5552686747502
814.075044211903
95.9664964679008
67.3088092579309
33.1955508714132
17.4992694985333
17.6851107585032
21.169531844641
15.0985020253187
37.5103999853529
69.1784620561608
32.1375453711671
106.531064769394
39.2988110896708
17.7071004714535
49.0223720100793
24.342335506681
40.2610627896802
85.3582456081145
9.91629453105005
78.9945933474228
27.7768896418539
51.4343471084862
27.8474178425686
56.2211676452196
53.378647790121
21.9615105162516
15.38033385064
42.4674591779088
45.2157989082238
31.5097709848461
33.4218557374269
28.899764744706
28.4177091032704
25.063204055391
41.4000607102432
16.4334651973155
45.1296272618752
36.389541481932
27.9530368180536
17.9528787486312
46.5254226415842
20.4649586807655
71.0218604935728
110.305625026425
21.7201612685652
20.7587072783446
42.3497954051815
21.0634667002737
17.2630563282379
112.784900196207
30.5391611501462
48.647254798533
44.4628701876905
21.9841755737805
79.8951750897774
25.9678126455031
21.1850646525113
11.1310870866432
22.625981079471
72.7356905112269
14.0096372748358
20.0631717392385
35.9341990659578
33.3871213132234
18.4200618686155
37.6229923831186
30.7732789971668
155.648005285808
29.815677645334
37.0173229213352
131.889854253947
89.2967679273393
31.5326766921207
48.1162765609439
46.0288089372386
66.4010911395097
35.0485545694828
10.188355035713
61.8913148359367
36.9192137954347
7.73209289585551
34.5838183903728
29.8058787528426
28.8872713527896
29.0454308894943
9.42201399024237
36.2839055229542
31.2727464575208
82.9726409698469
365.620434291971
27.6849453538147
74.5669495740158
72.7904637120382
2218.89075701251
1023.96895076547
41.0678246580064
17.7320898123523
7.71548116288968
20.3303979795186
13.4063727080921
10.5704316441534
7.47299645423437
58.788129515833
43.1695805499895
83.080099500624
24.1260669586729
92.4611403544392
21.9026804800061
24.4052462302022
60.4827591644488
24.267332177581
46.0350564612132
53.9629432316587
11.6795811784933
65.3857250487658
21.3270522524235
18.9735865615534
45.8978019663781
12.5589622261398
29.0217917887493
225.426520015931
94.9715044244164
595.877389803839
41.730952496217
20.5488177164472
54.9775363595197
44.7625661372898
13.0580194728788
44.3693316810003
23.0632925315435
48.8786756588203
14.3599140204659
9.39522946386062
17.0053173472936
32.3880650709015
63.5318113892819
10.4184406628324
44.0163698803182
13.6774112788509
21.5591462609838
62.0786187468999
40.1334684669731
30.4763535326276
48.0071254806085
51.1110403773685
34.554109041572
10.2321218438164
115.143737387561
119.69852296294
27.2309958047487
15.0598208051683
74.5460989461703
170.8179877721
37.5877484424943
38.9137925989643
31.789046280848
62.2305928605015
11.0199331200936
12.1867293440878
19.8688228885559
14.6208972585472
45.1749471169403
40.5080636702196
18.6294303148858
760.030314123991
14.1883597040944
203.356097227696
13.5446231408948
36.8874169220358
9.88829687652601
27.4763763056659
41.6383810926116
53.1415394668778
20.8702249218512
4.61392716552611
7.41893190642199
21.7815398387823
35.7680211700216
152.161841904293
24.8558355753564
33.3726077188992
61.8206275426924
38.4153291492398
11.6854222351403
13.4865066587473
31.0548339796774
23.9144197918023
66.5325506399738
216.238254437026
51.6503292700332
15.4264638500683
32.730756526954
20.4839272194288
22.2000210457622
52.8883460015905
53.8578776673371
68.5952484832061
10.2214372721007
14.5123973863595
15.7632469422833
10.6390237947291
26.1096793456906
80.6459707693042
209.654236955625
233.913264853795
49.4582417077019
616.736469614912
532.421444289048
24.319089005927
24.7599384973221
34.6706963078203
15.9458704948651
205.079506534314
66.9834550658636
27.9537522013892
2.2515404866726
13.5486241336066
15.9396436789045
90.2345942023676
5.77589203543594
21.6519510487489
48.5991048450215
336.367449764727
28.9776413775696
41.1801036961207
9.51572956508165
58.8568198185301
31.7365825795074
13.6559639217219
127.582364242919
75.2786943041861
3.10087440464872
31.1635249870067
70.6571962979805
20.8163411220127
1329.646405347
14.8239162456752
19.6573176285478
52.547866515025
32.8024082553756
35.3233055513225
23.6601600611624
467.160428962585
31.0348019730864
17.5851677073885
35.8171545337942
21.7509700516803
22.3958159217992
11.3548624725504
15.2665188017612
45.9533303280671
22.6308348951015
24.2323800871205
26.7143180068638
107.470950245088
59.1444808683837
24.0705166394455
22.172896611984
14.6169379008087
20.3887116186547
40.0095701509678
13.0198140732492
20.7011420817086
67.9166963624232
21.8528525938534
11.6327760561341
78.4428307356199
68.3447963991343
35.2738130447934
19.3554716774855
41.290509478697
661.017906555589
27.7641839257188
24.5856192106042
29.1560461842596
11.8754484906553
63.2442781839054
31.6031957451593
23.1319670848774
12.184868483268
7.40604102738539
435.241565323576
9.38738761138822
46.7113721183304
12.9084713215954
14.8024300601841
23.513326002426
12.8653228577283
44.0360520309346
17.2039251493177
91.1443123166082
37.2638885831516
44.4680652675699
27.0187992130717
23.2438484854418
8.15376791592235
14.5686527484689
33.6307239253286
13.0092333328035
10.6094098417017
15.0489366590469
25.0557961968254
17.3588015044842
12.7252512021894
37.7028428978766
25.626745580752
14.6810610496411
5.01434082560466
16.6468669513635
50.3741124169619
14.2189581328721
16.0048372305252
12.6532000608065
19.8525606592496
35.6906088546314
10.2138639219162
4.81085604632444
10.3546564202812
24.9216887951743
16.88662689932
304.518769671971
58.9196578149937
30.6508480239039
28.710458218113
21.7257522372247
40.3621478734086
32.1669945084335
577.445794136574
17.8724923909106
146.44424904485
32.4949691258088
55.2770002913293
508.081626837304
34.2699343840041
27.9800381645787
9.30128122287605
25.590420297601
28.7862792254397
21.4702326589349
8.42408820927483
473.868510799391
40.4074415326344
