0
0
0.0233010613633449
0.0419419104540209
0.0128155837498397
0
0.0233010613633449
0
0.0372816981813519
0.0407768573858536
0.0407768573858536
0.0407768573858536
0
0.0128155837498397
0.0314564328405157
0.0314564328405157
0.0233010613633449
0.0407768573858536
0.0233010613633449
0.0233010613633449
0.0314564328405157
0.0372816981813519
0.0372816981813519
0.0233010613633449
0.0233010613633449
0.0407768573858536
0.0512623349993588
0.0233010613633449
0.0314564328405157
0.0372816981813519
0.0279612736360147
0.0419419104540233
0.0407768573858545
0.0314564328405157
0.0594177064765296
0.0407768573858536
0.0594177064765296
0.0687381310218676
0.0407768573858536
0.0559225472720278
0.0407768573858536
0.0314564328405157
0.0407768573858536
0.0372816981813519
0.0512623349993589
0.0372816981813519
0.0594177064765296
0.0419419104540209
0.0419419104540209
0.0512623349993588
0.0372816981813519
0.0792236086353728
0.0407768573858536
0.0314564328405157
0
0.0407768573858536
0.0407768573858536
0.0314564328405157
0.0372816981813519
0.0559225472720278
0.0419419104540209
0.0233010613633449
0.0419419104540209
0.0512623349993589
0.0407768573858536
0.0372816981813519
0.0873789801125435
0.0407768573858536
0.0512623349993589
0.0314564328405157
0.0687381310218693
0.0305052835156657
0.0419419104540233
0.059417706476532
0.0594177064765306
0.0419419104540209
0.0512623349993588
0.0419419104540209
0.0652429718173658
0.0687381310218676
0.0372816981813519
0.0594177064765296
0.0792236086353728
0.0687381310218676
0.0419419104540209
0.0419419104540209
0.0792236086353728
0.0966994046578815
0.0594177064765296
0.0792236086353754
0.0407768573858559
0.0652429718173684
0.0792236086353754
0.0512623349993598
0.0687381310218676
0.0873789801125435
0.0407768573858536
0.0372816981813519
0.0419419104540209
0.0407768573858536
0.0372816981813519
0.0407768573858536
0.0419419104540209
0.0419419104540209
0.0594177064765296
0.0314564328405157
0.0407768573858536
0.0512623349993608
0.0559225472720294
0.0966994046578844
0.059417706476532
0.0687381310218697
0.0512623349993598
0.0687381310218693
0.0419419104540209
0.0413914228793113
0.0792236086353728
0.0594177064765296
0.0407768573858536
0.0652429718173658
0.0687381310218676
0.0873789801125435
0.0792236086353728
0.0792236086353728
0.0419419104540209
0.0419419104540209
0.0966994046578815
0.0652429718173658
0.0687381310218676
0.0838838209080418
0.0594177064765306
0.0419419104540233
0.0873789801125465
0.096699404657884
0.0687381310218676
0.0966994046578815
0.0687381310218676
0.0652429718173658
0.0687381310218676
0.0873789801125435
0.0687381310218676
0.0687381310218676
0.153787004998077
0.0966994046578815
0.0594177064765296
0.0652429718173658
0.0372816981813519
0.0512623349993589
0.0372816981813519
0.0314564328405157
0.0652429718173658
0.0372816981813519
0.0564160637517044
0.0687381310218676
0.0687381310218676
0.0594177064765296
0.0652429718173658
0.0838838209080418
0.0792236086353728
0.0594177064765296
0.0792236086353728
0.0559225472720278
0.0652429718173658
0.0838838209080418
0.0792236086353728
0.0966994046578815
0.111845094544056
0.0873789801125435
0.0792236086353728
0.0792236086353728
0.10718488227139
0.0873789801125465
0.0966994046578844
0.0838838209080441
0.0966994046578815
0.111845094544056
0.124660678293895
0.115340253748557
0.0873789801125435
0.0966994046578815
0.0652429718173658
0.0687381310218676
0.0900627963603735
0.107184882271387
0.0966994046578815
0.0966994046578815
0.143301527384573
0.107184882271389
0.0873789801125465
0.121165519089397
0.0687381310218676
0.0792236086353728
0.0792236086353728
0.0652429718173658
0.0966994046578815
0.0372816981813519
0.0838838209080418
0.0792236086353728
0.0407768573858536
0.0817750748546585
0.0873789801125435
0.0792236086353728
0.0419419104540209
0.0594177064765296
0.0792236086353728
0.0652429718173658
0.0873789801125435
0.107184882271387
0.0687381310218687
0.0950958256148573
0.0932042454533829
0.0873789801125465
0.0873789801125465
0.0966994046578844
0.153787004998079
0.0689986368879097
0.0594177064765296
0.0873789801125435
0.124660678293895
0.0873789801125435
0.0873789801125435
0.0652429718173658
0.0966994046578815
0.105441496860181
0.124660678293895
0.0873789801125435
0.124660678293899
0.0966994046578844
0.125825731362066
0.121165519089397
0.107184882271387
0.111845094544056
0.121165519089394
0.107184882271387
0.111845094544056
0.111845094544056
0.124660678293895
0.135146155907401
0.111845094544056
0.124660678293895
0.0687381310218703
0.0966994046578844
0.107184882271389
0.0978644577260519
0.0873789801125455
0.111845094544059
0.0966994046578844
0.0966994046578844
0.0966994046578844
0.10718488227139
0.096699404657884
0.111845094544056
0.124660678293897
0.0966994046578815
0.149126792725408
0.0966994046578815
0.153787004998077
0.121165519089394
0.143301527384571
0.0966994046578815
0.0966994046578815
0.177088066361421
0.152621951929909
0.124660678293895
0.178979646522898
0.153787004998079
0.10718488227139
0.177088066361426
0.111845094544059
0.143301527384574
0.152621951929909
0.131445481341675
0.124660678293895
0.152621951929909
0.153787004998077
0.111845094544056
0.111845094544056
0.143301527384571
0.111845094544056
0.152621951929909
0.163107429543416
0.111845094544059
0.152621951929913
0.163107429543419
0.177088066361425
0.153787004998079
0.163107429543415
0.152621951929909
0.149126792725408
0.0873789801125435
0.124660678293895
0.124660678293895
0.0966994046578815
0.124660678293895
0.143301527384571
0.152621951929909
0.152621951929909
0.163107429543415
0.163107429543415
0.143301527384571
0.171262801020585
0.153787004998077
0.153787004998079
0.107184882271389
0.111845094544059
0.163107429543419
0.152621951929912
0.111845094544056
0.112711428005545
0.177088066361421
0.163107429543415
0.180583225565923
0.177088066361421
0.158288304032247
0.143301527384571
0.153787004998077
0.208544499201937
0.143301527384571
0.153787004998079
0.152621951929913
0.177088066361426
0.180583225565928
0.208544499201939
0.177088066361421
0.177088066361421
0.180583225565923
0.163107429543415
0.163107429543415
0.135146155907401
0.209709552270104
0.163107429543415
0.163107429543415
0.158288304032247
0.152621951929911
0.152621951929913
0.209709552270109
0.199224074656603
0.111845094544059
0.124660678293899
0.182801020586489
0.153787004998081
0.199224074656603
0.152621951929911
0.199224074656599
0.177088066361424
0.180583225565923
0.149126792725408
0.163107429543415
0.208544499201937
0.163107429543415
0.163107429543415
0.143301527384571
0.195728915452098
0.180583225565923
0.163107429543415
0.180583225565926
0.180583225565927
0.180583225565927
0.199224074656604
0.180583225565927
0.209709552270108
0.152621951929909
0.180583225565923
0.177088066361421
0.172455349341161
0.19588398401547
0.246991250451456
0.180583225565923
0.180583225565923
0.246991250451456
0.177088066361425
0.199224074656603
0.143301527384574
0.163107429543419
0.180583225565926
0.199224074656602
0.177088066361424
0.233010613633449
0.205049339997435
0.199224074656599
0.177088066361421
0.180583225565923
0.246991250451456
0.236505772837951
0.208544499201939
0.205049339997435
0.180583225565923
0.163107429543416
0.246991250451456
0.258669276385539
0.180583225565926
0.199224074656604
0.209709552270108
0.292428320109984
0.195728915452101
0.236505772837955
0.20504933999744
0.177088066361424
0.233010613633449
0.199224074656599
0.283107895564641
0.209709552270104
0.246991250451456
0.246991250451456
0.288933160905477
0.283107895564641
0.246991250451458
0.209709552270108
0.209709552270108
0.246991250451461
0.26446704647397
0.209709552270108
0.246991250451459
0.264467046473967
0.246991250451456
0.209709552270104
0.246991250451456
0.208544499201937
0.177088066361421
0.208544499201937
0.208544499201937
0.177088066361421
0.177088066361425
0.307574009996159
0.246991250451461
0.199224074656603
0.209709552270108
0.195728915452099
0.180583225565923
0.209709552270104
0.246991250451456
0.233010613633449
0.208544499201937
0.283107895564641
0.246991250451456
0.236505772837951
0.208544499201937
0.209709552270104
0.236505772837951
0.199224074656599
0.209709552270104
0.208544499201937
0.233010613633453
0.246991250451461
0.199224074656603
0.260971887269467
0.246991250451461
0.292428320109984
0.264467046473969
0.25514662192863
0.264467046473965
0.236505772837951
0.246991250451456
0.246991250451456
0.307574009996153
0.264467046473965
0.246991250451456
0.246991250451458
0.246991250451459
0.255146621928632
0.288933160905483
0.246991250451461
0.180583225565926
0.292428320109982
0.209709552270104
0.246991250451456
0.209709552270104
0.288933160905477
0.208544499201937
0.264467046473965
0.236505772837951
0.302913797723486
0.199224074656599
0.246991250451461
0.232765952489141
0.288933160905483
0.286630550021557
0.278148963685299
0.246991250451456
0.246991250451456
0.246991250451456
0.292428320109979
0.283107895564641
0.246991250451456
0.221480782449639
0.223690189088111
0.307574009996153
0.311069169200655
0.283107895564641
0.288933160905477
0.283107895564641
0.288933160905481
0.288933160905477
0.341492316475014
0.332028473896992
0.255146621928632
0.283107895564646
0.20504933999744
0.251651462724128
0.209709552270104
0.292428320109979
0.292428320109979
0.348350867382007
0.307574009996153
0.348350867382007
0.233010613633449
0.283107895564641
0.246991250451459
0.264467046473969
0.307574009996159
0.307574009996159
0.288933160905482
0.288933160905482
0.25514662192863
0.293593373178146
0.288933160905477
0.288933160905477
0.288933160905477
0.283107895564641
0.292428320109979
0.348350867382007
0.288933160905479
0.348350867382011
0.26446704647397
0.295298544848722
0.292428320109984
0.288933160905481
0.264467046473968
0.320389593745993
0.333892558806052
0.307574009996153
0.377477194086188
0.348350867382007
0.348350867382007
0.32155464681416
0.344855708177505
0.292428320109979
0.292428320109979
0.288933160905477
0.264467046473965
0.330875071359498
0.348350867382007
0.34485570817751
0.307574009996159
0.320389593745999
0.283107895564646
0.288933160905481
0.330875071359502
0.37747719408619
0.283107895564643
0.283107895564641
0.348350867382007
0.377477194086188
0.307574009996153
0.288933160905477
0.348350867382009
0.292428320109982
0.283107895564645
0.400778255449539
0.307574009996159
0.292428320109984
0.348350867382011
0.307574009996153
0.255146621928627
0.358836344995512
0.348350867382007
0.307574009996153
0.348350867382007
0.315710274603006
0.292428320109979
0.292428320109982
0.25514662192863
0.264467046473969
0.348350867382012
0.307574009996159
0.311069169200661
0.348350867382007
0.344855708177505
0.394952990108697
0.330875071359498
0.400778255449533
0.330875071359498
0.400778255449533
0.311069169200655
0.372816981813519
0.400778255449533
0.348350867382007
0.344855708177507
0.330875071359498
0.432234688290051
0.400778255449538
0.391457830904201
0.432234688290055
0.400778255449539
0.330875071359503
0.330875071359502
0.307574009996156
0.348350867382009
0.400778255449533
0.400778255449533
0.348350867382007
0.307574009996153
0.292428320109979
0.292428320109982
0.330875071359503
0.400778255449537
0.400778255449539
0.348350867382013
0.348350867382013
0.348350867382011
0.348350867382007
0.348350867382007
0.348350867382007
0.414693183274495
0.394952990108697
0.348350867382007
0.293900481166915
0.330875071359498
0.335535283632172
0.38679761863153
0.330875071359503
0.348350867382011
0.330875071359503
0.339030442836674
0.460195961926062
0.400778255449533
0.488157235562076
0.399873708247408
0.41475889226754
0.489322288630244
0.47068143953957
0.488157235562079
0.460195961926062
0.414758892267542
0.432234688290052
0.48932228863025
0.432234688290052
0.460195961926068
0.422914263744717
0.400778255449539
0.414758892267546
0.394952990108702
0.394952990108699
0.400778255449533
0.394952990108699
0.400778255449533
0.394952990108697
0.531264199084265
0.391457830904195
0.46136101499423
0.400778255449535
0.377477194086194
0.432234688290055
0.414758892267546
0.394952990108703
0.432234688290055
0.377477194086193
0.460195961926068
0.432234688290049
0.400778255449533
0.330875071359498
0.394952990108697
0.394952990108697
0.394952990108697
0.400778255449533
0.339030442836669
0.330875071359503
0.348350867382011
0.348350867382011
0.316894434541497
0.307574009996159
0.400778255449539
0.456700802721565
0.489322288630248
0.432234688290051
0.461361014994234
0.432234688290049
0.526603986811598
0.48932228863025
0.559718989199961
0.512623349993593
0.48932228863025
0.516118509198098
0.531264199084271
0.432234688290055
0.489322288630251
0.562720631924786
0.489322288630248
0.572041056470125
0.3949529901087
0.432234688290049
0.51611850919809
0.41475889226754
0.489322288630244
0.488157235562076
0.400778255449535
0.516118509198094
0.489322288630248
0.48932228863025
0.450875537380731
0.400778255449539
0.414758892267546
0.460195961926068
0.489322288630248
0.400778255449535
0.460195961926065
0.348350867382007
0.400778255449533
0.377477194086188
0.460195961926062
0.460195961926067
0.400778255449535
0.432234688290051
0.432234688290051
0.394952990108702
0.460140039378797
0.394952990108703
0.375827012920442
0.394952990108702
0.432234688290053
0.489322288630251
0.531264199084272
0.64660445283283
0.572041056470126
0.531264199084272
0.572041056470126
0.48932228863025
0.568545897265623
0.531264199084272
0.442281639928701
0.460195961926066
0.572041056470122
0.582526534083629
0.489322288630248
0.484662076357575
0.531264199084265
0.43137674321065
0.568545897265616
0.460195961926062
0.488157235562079
0.494942038609856
0.531264199084267
0.53126419908427
0.48932228863025
0.394952990108703
0.432234688290055
0.400778255449539
0.53126419908427
0.488157235562082
0.489322288630248
0.394952990108697
0.531264199084265
0.394952990108697
0.531264199084265
0.460195961926062
0.488157235562079
0.489322288630244
0.394952990108699
0.48932228863025
0.394952990108702
0.48932228863025
0.394952990108702
0.460195961926069
0.531264199084272
0.414758892267546
0.394952990108702
0.400778255449535
0.348350867382007
0.643109293628325
0.450875537380728
0.638449081355656
0.600002330106135
0.489322288630248
0.646604452832826
0.671070567264334
0.65592487737816
0.582526534083626
0.572041056470118
0.610487807719637
0.531264199084265
0.646604452832822
0.489322288630244
0.540584623629603
0.568545897265621
0.531264199084267
0.488157235562079
0.624468444537651
0.638449081355659
0.48932228863025
0.600002330106139
0.638449081355659
0.638449081355659
0.596507170901637
0.53126419908427
0.531264199084267
0.488157235562076
0.51611850919809
0.544079782834104
0.51611850919809
0.488157235562076
0.489322288630244
0.638449081355654
0.53126419908427
0.48932228863025
0.400778255449537
0.48932228863025
0.460195961926069
0.531264199084271
0.562720631924788
0.456700802721568
0.489322288630248
0.489322288630248
0.452754884484991
0.366991716472685
0.428739529085547
0.531264199084264
0.638449081355654
0.600002330106132
0.754954388172381
0.646604452832826
0.572041056470121
0.624468444537647
0.600002330106138
0.610487807719643
0.716495986392183
0.568545897265621
0.657089930446334
0.638449081355659
0.68388615101418
0.572041056470125
0.56987825195438
0.711847424650196
0.711847424650196
0.572041056470126
0.624468444537651
0.624468444537651
0.54407978283411
0.572041056470123
0.601167383174299
0.600002330106132
0.600002330106132
0.512623349993589
0.531264199084264
0.531264199084267
0.565404448172613
0.531264199084267
0.53126419908427
0.48932228863025
0.48932228863025
0.512623349993595
0.531264199084271
0.48932228863025
0.531264199084271
0.48932228863025
0.484662076357577
0.484662076357577
0.400778255449535
0.489322288630248
0.531264199084266
0.488157235562078
0.489322288630246
0.489322288630246
0.529334405182156
0.48815723556208
0.711847424650196
0.711847424650196
0.683886151014182
0.544079782834111
0.638449081355659
0.671070567264342
0.736313539081706
0.624468444537651
0.711847424650196
0.711847424650196
0.600002330106137
0.671070567264339
0.657089930446332
0.624468444537649
0.71184742465019
0.610487807719639
0.638449081355652
0.596507170901632
0.638449081355654
0.711847424650192
0.736313539081704
0.506685773536985
0.610487807719641
0.531264199084268
0.646604452832826
0.600002330106136
0.600002330106136
0.489322288630247
0.572041056470122
0.572041056470122
0.544079782834108
0.600002330106136
0.624468444537648
0.600002330106136
0.531264199084268
0.544079782834108
0.531264199084268
0.600002330106136
0.531264199084269
0.531264199084269
0.531264199084269
0.596507170901635
0.572041056470122
0.516118509198094
0.489322288630247
0.489322288630247
0.531264199084268
0.516118509198094
0.572041056470122
0.531264199084268
0.711847424650194
0.62446844453765
0.711847424650193
0.711847424650194
0.624468444537649
0.683886151014179
0.711847424650194
0.67107056726434
0.711847424650192
0.600002330106136
0.736313539081705
0.711847424650193
0.786410821012896
0.671070567264338
0.711847424650192
0.624468444537648
0.711847424650194
0.68388615101418
0.646604452832827
0.610487807719642
0.629128656810318
0.489322288630247
0.646604452832826
0.646604452832826
0.624468444537648
0.711847424650192
0.600002330106136
0.577042745797076
0.572041056470123
0.600002330106137
0.544079782834108
0.544079782834108
0.607532767117542
0.694371628627683
0.531264199084269
0.600002330106136
0.531264199084268
0.610487807719641
0.531264199084268
0.600002330106136
0.646604452832827
0.67107056726434
0.610487807719642
0.531264199084268
0.600002330106136
0.516118509198094
0.624468444537649
0.646604452832826
0.637451329908076
0.638449081355656
0.531264199084268
0.624468444537648
0.568545897265621
0.56251511656356
0.736313539081706
0.600002330106137
0.625987207717313
0.624468444537649
0.655924877378166
0.638449081355656
0.638449081355655
0.624468444537648
0.600002330106136
0.540584623629606
0.489322288630247
0.643109293628325
0.646604452832826
0.711847424650193
0.646604452832827
0.638449081355656
0.596507170901635
0.638449081355656
0.683886151014179
0.711847424650192
0.75495438817238
0.600002330106136
0.638449081355655
0.657089930446332
0.711847424650192
0.736313539081704
0.62446844453765
0.67107056726434
0.531264199084269
0.711847424650193
0.646604452832826
0.711847424650192
0.660573439120155
0.646604452832826
0.646604452832826
0.624468444537648
0.736313539081706
0.672223969801823
0.711847424650193
0.638449081355656
0.806216723171739
0.95068330362448
0.851653792830262
0.876119907261776
0.851653792830262
0.795731245558234
0.768935024990388
0.736313539081705
0.711847424650192
0.624468444537648
0.646604452832827
0.489322288630247
0.618643179196813
0.600002330106137
0.572041056470121
0.610487807719641
0.711847424650193
0.554565260447613
0.56854589726562
0.489322288630247
0.671070567264338
0.624468444537648
0.646604452832827
0.646604452832827
0.76893502499039
0.754954388172382
0.711847424650192
0.795731245558234
0.736313539081704
0.851653792830262
0.768935024990389
0.711847424650194
0.814372094648911
0.851653792830264
0.862139270443769
0.795731245558235
0.795731245558236
0.876119907261776
0.806216723171739
0.736313539081704
0.806216723171739
0.75495438817238
0.795731245558235
0.814372094648912
0.683886151014178
0.671070567264338
0.62446844453765
0.629128656810319
