264.74
323.72
35.141
189.65
99.889
719.9
472.18
326.8
272.5
289.9
412.98
898.28
92.407
86.002
510.38
124.32
290.08
15.418
25.802
1112.4
551.95
56.024
41.482
210.13
429.77
55.603
198.85
77.429
419.64
233.67
192.13
64.42
475.63
627.22
198.75
4019.1
1188.6
89.299
159.82
172.33
274.96
323.05
256.53
93.271
283.21
173.31
50.93
227.5
6823.1
192.3
76.208
275.19
5027.6
44.271
84.707
2504.7
151.14
15.66
278.87
74.074
163.66
111.48
103.39
117.86
63.614
144.33
196.95
196.24
311.29
128.95
103.06
79.163
206.33
299.31
107.49
106.24
290.96
49.004
128.71
401.82
88.095
130.3
144.48
273.54
56.121
129.63
424.77
71.743
174.49
385.12
704.61
396.77
175.7
91.107
270.27
1072.3
3852.5
137.56
37.476
35.833
1486.5
77.022
178.34
295.08
361.24
35.677
1043.7
560.78
134.79
76.757
21.097
61.954
78.885
93.668
104.62
112.94
286.41
176.17
376.3
249.1
52.558
76.006
14.206
163.62
199.4
103.76
555.98
26.563
26.707
637.66
80.85
106.97
347.32
167.72
171.65
147.35
174.29
75.27
495.92
108.54
80.844
304.96
620.38
71.579
411.21
89.301
64.931
288.98
290.68
163.15
37.951
80.749
254.97
196.77
396.62
115.49
454.33
149.61
814.52
2247.5
435.04
90.78
191.54
105.67
83.201
442.23
1311
397.4
38.225
52.682
288.27
126.87
808.32
318.99
951.74
113.63
320.72
91.048
155.83
110.21
49.289
111.62
101.63
170.99
73.464
64.657
627.01
63.62
493.89
239.3
59.672
483.41
47.708
178.99
646.61
565.65
247.04
157.71
771.75
250.75
40.583
246.75
194.46
161.36
123.69
218.8
1274.5
2490
930.39
348.04
129.65
38.161
262.96
43.16
176.29
199.29
382.19
94.224
240.59
157.24
159.65
153.22
113.22
125.64
188.4
134.49
432.29
605.02
687.48
265.22
168.73
116.84
126.04
332.66
705.39
313.14
203.62
290.89
20.986
582.32
153.51
6874.4
697.55
341.79
224.12
60.36
86.664
233.44
323.31
132.28
597.35
85.448
1488.5
287.21
36.13
30.804
137.88
488.1
1280.6
79.475
91.501
211.13
158.87
1144.4
779.07
139.4
32.904
84.498
58.035
59.261
125.73
62.439
81.512
125.01
91.076
134.71
3774.7
65.898
224.36
211.7
546.04
200.93
126.81
553.9
80.813
44.777
387.33
344.52
102.73
133.18
77.183
370.15
196.37
363.27
84.737
65.288
39.099
419.84
59.917
328.62
8537.2
326.15
224.44
84.824
349.34
69.85
258.68
575.12
495.86
67.05
122.88
456.47
3032
5839.6
92.719
170.18
676.31
68.772
664.46
174.84
376.34
199.05
143.63
1108.9
108.06
131.42
106.6
152.97
558.77
92.315
1006.1
206.73
503.37
495.64
98.429
258.67
186.07
291.58
80.875
9539.9
3245.5
263.85
442.28
219.13
142.21
68.607
498.87
109.56
842.59
1269.2
98.393
454.64
93.325
305
54.724
58.4
19.347
25.715
64.948
35.712
131.38
180.31
73.276
73.226
626.34
115.3
48.907
321.22
1249.4
130.55
1368.7
953.46
7923.6
23.822
423.07
159.63
582.09
195
222.32
96.438
347.59
46.885
108.14
174.69
106.36
1329.7
359.48
339.56
118.06
55.671
314.32
138.4
45.795
818.26
52.491
352.72
127.22
119.33
663.11
46.234
112.47
90.833
7686.4
351.3
364.22
276.57
61.348
89.55
775.73
393.69
198.35
136.15
427.82
3413
194.12
164.13
106.59
87.577
72.881
79.621
40.513
38.755
245
97.586
69.445
129.84
553.57
117.49
67.478
229.04
59.368
530.55
1093.5
606.61
142.06
101.62
107.48
244.83
502.86
190.05
77.912
77.532
178.4
199
301.93
1036.4
622.49
190.4
591.04
231.59
116.25
64.423
152.1
284.73
333.58
225.38
159.35
111.15
1165.9
461.89
158.91
148.59
166.07
191.43
109.24
429.85
113.91
165.75
413.49
1082.4
5251.9
199.84
161.56
76.104
119.06
568.93
83.163
358.52
889.16
506.16
198.85
977.34
165.1
72.892
486.82
333.32
85.781
541.47
255.8
414.8
541.99
199.38
1136.3
149.24
336.63
152.42
586.09
189.02
61.589
380.24
107.47
102.44
62.038
225.78
116.39
106.83
649.85
164.3
44.673
35.168
60.305
5016.7
32.363
164.98
188.5
79.299
128.45
153.52
109.95
414.11
162.27
189.19
252.14
643.98
627.1
350.82
4775.1
560.47
182.13
96.27
141.05
88.14
359.88
198.47
1154.4
6335
76.363
252.96
197.24
74.312
571.11
132.3
60.191
244.67
153.04
80.626
187.91
153.87
43.27
141.66
3739
779.21
387.8
36.982
154.57
66.994
659.39
116.94
114.57
444.77
353.27
72.867
378.64
94.365
179.8
166.69
109.65
120.88
96.885
222.13
156.92
357.76
155.12
248.05
382.57
371.68
116.38
61.359
150.44
124.7
123.2
205.79
229.41
64.414
45.833
36.237
181.75
932.46
445.64
325.34
523.32
374.9
2126.7
150.43
206.91
253.92
51.972
80.553
99.667
509.98
226.84
121.73
147.92
138.68
187.06
633.52
366.96
1181.9
48.469
44.97
130.5
117.37
208.12
388.41
291.37
389.55
87.667
267.99
148.68
4289.3
7523.4
188.33
459.61
100.76
124.71
90.464
113.01
77.083
8544.5
9461.6
364.87
9421.5
417.28
800.13
121.12
231.71
42.389
250.92
573.35
53.105
240.05
631.38
79.011
146.73
311.93
2180.8
83.882
95.337
77.576
256.26
203.57
144.07
520.77
1212.3
210.01
46.902
199.57
624.07
283.46
50.341
278.97
499.04
351.7
1156.1
258.69
277.28
209.86
217.72
409.71
158.96
196.34
32.389
274.76
450.5
634.28
621.03
303.75
151.1
157.78
66.787
153.14
129.76
278.66
608.13
34.454
42.784
58.818
122.61
219.63
443.97
190.43
149.28
289.31
406.15
1230.8
30.234
36.686
67.448
97.366
320.24
487.39
90.585
941.7
5057.4
291.27
323.8
363.12
77.409
384.45
191.65
98.432
91.747
54.355
1138.5
443.2
358.83
1055.2
152.68
18.639
108.71
401.9
92.663
179.66
746.51
96.239
346.3
43.194
135.89
569.09
282.76
633.1
853.75
419.62
86.84
76.299
61.759
80.329
32.884
149.06
117.64
347.34
114.06
63.015
158.5
533.5
426.73
125.77
122.22
197.16
269.28
463.37
385.35
103.76
230.1
242.09
58.151
70.384
70.841
36.251
546.82
151.55
29.877
341.26
106.23
207.44
89.208
144.57
310.85
108.07
161.58
142.66
1897.6
77.358
268.19
304.76
1184.5
415.72
546.29
48.746
2697.4
52.203
863.71
282.87
325.42
256.79
143.02
266.48
352.58
9087.7
94.45
101.24
65.487
52.884
88.113
30.687
484.67
85.023
109.12
54.334
144.42
337.91
3287.8
9159.1
59.958
232.86
2306.9
29.488
424.03
1095.3
683.98
317.26
126.48
38.759
133.52
750.31
48.051
246.77
580.54
179.23
937.87
283.91
121.77
351.51
41.811
40.999
62.869
319.28
647.01
131.56
216.16
91.683
299.28
278.7
1862.8
150.16
333.96
258.67
52.191
3809.4
720.15
270.81
116.25
190
298.74
66.758
86.638
1008.3
278.41
504.48
777.74
92.915
302.93
137.97
6.209
278.37
176.95
146.49
161.22
278.11
51.177
62.055
139.49
183.43
95.122
197.14
100.82
32.588
116.25
4031.8
428.69
21.144
38.482
155.65
125.28
4125.9
3685.6
174.4
500.91
321.39
273.4
94.359
536.06
177.85
32.626
158.92
3338.4
906.97
190.7
583.5
146.07
353.48
72.892
108.48
163.6
246.22
226.38
5462.9
126.48
444.33
184.94
311.55
583.83
186.88
218.96
892.87
386.36
41.147
69.741
112.89
162.46
59.537
236.47
636.19
263.95
171.28
91.012
51.442
69.099
296.14
797.85
465.35
55.492
290.09
639.62
49.415
133.49
181.04
51.928
123.77
57.439
271.73
291.83
186.71
420.75
242.41
110.77
91.938
4370
29.773
138.41
477.46
461.4
384.9
162.53
89.521
86.515
867.95
2569.6
85.836
56.48
128.01
1021.5
3048.4
0.75701
285.33
260.56
265.12
125.11
487.01
2553.8
207.17
331.07
120.7
36.727
7975.8
51.669
108.3
408.2
101.89
270.19
49.086
460.28
136.71
266.43
40.707
231.72
172.4
54.658
152.18
329.8
122.49
193.46
69.545
193.15
199.98
34.031
159.99
84.74
55.623
90.342
113.09
80.365
25.078
67.435
101.39
51.377
28.223
78.866
119.06
120.88
101.62
170.5
24.902
371.09
226.81
31.121
670.84
806.87
270.03
50.501
181.15
436.65
232.41
4334.2
293.8
110.58
69.206
33.558
34.495
223.31
71.095
43.825
90.288
5031.3
35.91
782.95
203.85
89.442
65.822
315.97
313.5
295.28
214.49
346.85
