0.040776857385854
0.0792236086353737
0.05941770647653
0.0407768573858548
0.0256333811005087
0.180583225565925
0.111845094544057
0.236505772837954
0.0699031840900348
0.0817255600992613
0.0687381310218684
0.0372816981813518
0.0407768573858536
0.0314564328405166
0.0377033308867214
0.0419419104540209
0.0128155837498397
0.0687381310218683
0.0314564328405157
0.0407768573858536
2.15143883242094e-31
0.040776857385854
0.0407768573858536
0.0407768573858536
0.0128155837498397
0.037281698181353
0.0233010613633449
0.0559225472720286
0.0233010613633449
0.0687381310218687
0.0792236086353727
0.0372816981813519
0.107184882271387
0.124660678293897
0.0512623349993588
0.0649748931063799
0.152621951929911
0.0966994046578814
0.037281698181353
0.096699404657883
0.0652429718173663
0.152621951929911
0.0512623349993588
0.0873789801125435
0.0419419104540221
0.0873789801125435
0.0407768573858536
0.121165519089395
0.0128155837498397
0.191002994186385
0.135146155907401
0.115340253748557
0.0594177064765296
0.0314564328405157
0.0128155837498397
0.0314564328405157
0.0314564328405157
0.0594177064765296
0.0458056924492921
0.0594177064765295
0.0407768573858536
0.0966994046578821
0.0314564328405157
0.0873789801125434
0.0407768573858536
0.0559225472720278
0.0372816981813519
0.0233010613633449
0.0652429718173658
0.0407768573858536
0.0687381310218676
0.0873789801125435
0.0361514801999222
0.0512623349993588
0.0699031840900354
0.0594177064765295
0
0.0372816981813519
0.236505772837952
0.111845094544057
0.0407768573858536
0.0966994046578821
0.0372816981813519
0.0559225472720286
0.0559225472720278
0.0407768573858536
0.0233010613633449
0.0687381310218676
0.037281698181353
0.0873789801125435
0.0419419104540208
0.152621951929909
0.0966994046578828
0.152621951929911
0.0792236086353728
0.0652429718173663
0.386797618631529
0.0419419104540209
0.0413542576864387
0.139806368180072
0.043634849067373
0.0792236086353728
0.0966994046578826
0.0932042454533814
0.0233010613633449
0.0594177064765301
0.08279286521501
0.0233010613633449
0.0372816981813519
0.0407768573858536
0.0687381310218682
0.0792236086353741
0.0233010613633449
0.0233010613633449
0.0372816981813519
0.0314564328405156
0.0314564328405156
0.0687381310218675
0.0407768573858541
0.0281163421993871
0.0407768573858548
0.107184882271388
0.038614052870108
0.0932042454533808
0.0407768573858536
0.0512623349993589
0.0687381310218675
0.073386692763854
0.0407768573858536
0.112338611023732
0.0419419104540221
0.135146155907403
0.0687381310218675
0.0699031840900362
0.0594177064765296
0.115340253748557
0.135146155907402
0.0792236086353727
0.0509170132699541
0.0699031840900348
0.124660678293897
0.115340253748558
0.0843773373877185
0.0687381310218675
0.183360246059208
0.0792236086353737
0.0873789801125445
0.0699031840900348
0.037281698181353
0.0314564328405166
0.0512623349993588
0.0687381310218675
0.0652429718173665
0.0383641489869858
0.0419419104540221
0.121165519089394
0.0372816981813518
0.139806368180071
0.0128155837498397
0.0687381310218676
0.0407768573858536
0.0407768573858536
0.0233010613633449
0.0355959828970207
0.0314564328405157
0.0372816981813519
0.0838838209080429
0.124660678293897
0.0314564328405157
0.0559225472720278
0.0594177064765296
0.0594177064765296
0.0419097549893401
0.143301527384572
0.0768155604487809
0.107184882271388
0.0314564328405157
0.037281698181353
0.0372816981813519
0.0128155837498397
0.0233010613633456
0.0419419104540209
0.087378980112545
0.0966994046578828
0.0407768573858536
0.0512623349993598
0.0372816981813519
0.0233010613633456
0.0233010613633449
0.0512623349993593
0.0512623349993599
0.0873789801125435
0.083883820908043
0.0792236086353728
0.135146155907402
0.115340253748558
0.0407768573858548
0.0407768573858536
0.0594177064765301
0.177088066361423
0.143301527384571
0.040751109713048
0.0873789801125434
0.0246146586977041
0.0407768573858548
0.0687381310218684
0.0652429718173658
0.0932042454533813
0.0372816981813518
0.0715961227033899
0.0314564328405157
0.0407768573858536
0.0372816981813519
0.0372816981813519
0.163107429543415
0.152621951929911
0.0232842845991634
0.0559225472720278
0.0652429718173672
0.189880815071129
0.0239417240455303
0.0594177064765308
0.0594177064765296
0.0314564328405157
0.0407768573858544
0.0407768573858536
0.0233010613633456
0.0792236086353738
0.0233010613633449
0.0687381310218687
0.0594177064765296
0.0687381310218676
0.0594177064765308
0.107184882271387
0.114396560763344
0.0792236086353728
0.0652429718173658
0.0279612736360143
0.0699031840900354
0.0873789801125451
0.6793932403621
0.107184882271387
0.0792236086353727
0.0687381310218676
0.0630819148812207
0.124660678293895
0.0873789801125434
0.0873789801125434
0.180583225565923
0.292428320109981
0.068738131021869
0.0594177064765306
0.0233010613633449
0.152621951929909
0.0594177064765308
0.0838838209080417
0.0652429718173671
0.0512623349993588
0.0314564328405157
0.0792236086353727
0.0128155837498397
0.107184882271387
0.0937313154614189
0.0407768573858544
0.0687381310218676
0.0407768573858544
0.0932042454533808
0.0390041126373314
0.0512623349993593
0.135146155907403
0.0687381310218676
0.0128155837498397
0.0128155837498397
0.0638127526708849
0.0372816981813519
0.0687381310218676
0.0740316661423936
0.125825731362063
0.0407768573858544
0.0407768573858541
0.0372816981813519
0.028331644006385
0.124660678293897
0.107184882271388
0.0407768573858548
0.0792236086353727
0.0594177064765296
0.0512623349993599
0.208544499201938
0.0941786958395969
0.0407768573858536
0.0966994046578821
0.0687381310218676
0.0407768573858536
0.0652429718173672
0.037281698181353
0.0233010613633449
0.125825731362064
0.0407768573858536
0.0560776158354006
0.0687381310218676
0.0594177064765308
0.0699031840900348
0.0687381310218675
0.0407768573858544
0.0128155837498397
0.0233010613633449
0.0687381310218687
0.0233010613633449
0.0687381310218682
0.0792236086353728
0.0407768573858544
0.0873789801125435
0.0594177064765295
0.0407768573858536
0.0314564328405157
0.0233010613633449
0.0128155837498397
0.0128155837498401
0.0372816981813519
0.0314564328405157
0.0559225472720278
0.0419419104540221
0.0357247212610542
0.0419419104540209
0.0862605291671015
0.0314564328405157
0.0653636713152286
0.0372816981813519
0.0407768573858541
0.0407768573858536
0.0391732783428283
0.0699031840900348
0.0469465124136408
0.0128155837498401
0.0966994046578815
0.170155534584601
0.0407768573858536
0.0792236086353728
0.0305266039868113
0.083883820908043
0.0873789801125435
0.143301527384571
0.037281698181353
2.15143883242094e-31
0.0699031840900362
0.0128155837498397
0.0407768573858536
0.0512623349993593
0.0792236086353741
0.0314564328405157
0.0233010613633449
0.0512623349993593
0.0314564328405166
0.0128155837498397
0.0366920648235529
0.0337674321065327
0.0687381310218686
0.0372816981813519
0.0372816981813518
0.0128155837498401
0.0407768573858541
0.0407768573858536
0.0687381310218675
0.0314564328405157
0.0594177064765308
0.0687381310218675
0.0314564328405157
0.0407768573858548
0.0372816981813519
0.0128155837498397
0.0407768573858536
0.0279612736360143
0.0407768573858536
0.0314564328405166
0.0233010613633449
0.0792236086353728
0.0966994046578814
0.0687381310218675
0.0236044411822961
0.0346272412708411
0.0798913005487387
0.0233010613633449
0.0407768573858536
0.582616359675181
0.0687381310218687
0.0652429718173671
0.068738131021869
0.0279612736360143
0.0314564328405156
0.0233010613633449
0.0699031840900348
0.0233010613633456
0.0963353255740799
0.0687381310218687
0.122345834352753
0.0687381310218681
0.0792236086353741
0.0414777533116636
0.0726336024605913
0.0070178136614124
0.087378980112545
2.15143883242094e-31
0.0559225472720278
0.0314564328405157
0.0419419104540209
0.0386140528701091
0.0512623349993588
0.0932042454533813
0.0314564328405157
0.0687381310218685
0.107184882271387
0.0128155837498401
0.0652429718173658
0.0407768573858536
0.0699031840900362
0
0.0128155837498397
0.0594177064765296
0.0652429718173663
0.0279612736360139
0.0965981615462588
0.0314564328405157
0.0792236086353727
0.0594177064765301
0.0424293686577423
0.0559225472720286
0.0559225472720278
0.0279612736360143
0.0652429718173672
0.0128155837498397
0.0372816981813519
0.181782181678375
0.0233010613633449
0.0687381310218682
0.0867651136509281
0.0233010613633449
0.0372816981813519
0.0391732783428283
0.0314564328405156
0.0233010613633449
0.0233010613633449
0.0128155837498397
0.0512623349993588
0.0594177064765301
0.0419419104540221
0.0407768573858536
0.0652429718173658
0.0372816981813519
0.0407768573858536
2.15143883242094e-31
0.0407768573858536
0.0559225472720278
0.0128155837498397
0.0512623349993593
0.0419419104540208
0.0128155837498397
0.0594177064765296
2.15143883242094e-31
0.0279612736360143
0.0128155837498397
0.0652429718173658
0.0233010613633449
0.0314564328405157
0.0372816981813519
0.0687381310218676
0.0512623349993598
0.0407768573858548
0.0314564328405157
0.0966994046578828
0.0372816981813519
0.0407768573858536
0.0407768573858544
0.0324223783393323
0.0314564328405166
0.0233010613633449
0.0792236086353727
0.0407768573858536
0.0407768573858536
0.0407768573858536
0.562720631924784
0.0128155837498401
0.0407768573858544
0.0687381310218675
0.0128155837498397
0.0128155837498397
0.0314564328405157
0.0372816981813519
0.083883820908043
0.0976196800764259
0.0314564328405166
0.0951702725059119
0.0314564328405157
0.124660678293897
0.0233010613633449
0.0652429718173658
0.0233010613633456
0.0314564328405157
0.0314564328405157
0.0548315915789961
0.0396503675742437
0.0233010613633449
0.0314564328405157
0.0792236086353727
0.0314564328405156
0.0512623349993588
0.0369140074330386
0.0687381310218675
0.0407768573858536
0.0407768573858536
0.0279612736360139
0.0594177064765296
0.0233010613633449
0.0407768573858536
0.0279612736360143
0.037281698181353
0.0233010613633449
0.0559225472720278
0.0407768573858536
0.0314564328405166
0.0279612736360139
0.0407768573858548
0.0233010613633449
0.0233010613633449
0.0407768573858536
0.0652429718173658
0.0233010613633449
0.0550860391690879
0.288933160905479
0.0652429718173671
0.0419419104540209
0.0395152214183361
0.0128155837498397
0.0314564328405157
0.0407768573858536
0.0372816981813519
0.0419419104540221
0.0978644577260493
0.037762981603812
0.0233010613633449
0.0293046963289161
0.0612626845152806
0.0279612736360139
0.0372816981813518
0.037281698181353
0.0512623349993588
0.0233010613633449
0.0512623349993588
0.0419419104540209
0.0233010613633449
0.0559225472720286
0.122449291065208
0.0792236086353728
0.0407768573858536
0.0314564328405156
0.0407768573858536
0.0233010613633449
0.0279612736360143
0.0128155837498397
0.0314564328405157
0
0.0233010613633449
0.0233010613633449
0.0792236086353737
0.0407768573858536
0.138715412487039
0.0233010613633456
0.0594177064765295
0
0.0599415143359777
0
0.0559225472720287
0.0407768573858541
0.0407768573858536
0.0407768573858536
0.0699031840900354
0.203903393799588
0.0372816981813519
0.0233010613633449
0.0279612736360139
0.0372816981813518
2.15143883242094e-31
0.0233010613633449
0.0792236086353727
0.0873789801125445
0.0487849661552084
0.0279612736360139
0.0966994046578815
0.0966994046578831
0.040776857385854
0.0407768573858536
0.0559225472720278
0.0372816981813519
0.0559225472720278
2.15143883242094e-31
0.0512623349993588
0.0233010613633449
0.0372816981813519
0.0233010613633449
0.0687381310218676
0.0233010613633449
0.0308617897545228
0.0407768573858536
0.0364115200447395
0.0370370370370372
0.0233010613633456
0.0419419104540209
0.0233010613633449
0.0128155837498401
0.0512623349993598
0.0233010613633449
0.0233010613633449
0.0314564328405157
0.0419419104540209
0.0559225472720286
0.0407768573858536
0.0372816981813519
0.0594177064765308
0.0407768573858536
0.0407768573858536
0.0407768573858536
0.0687381310218675
0.0512623349993593
0.0372816981813519
0.233010613633451
0.0419419104540208
0.0314564328405156
0.0384759940815303
0.0617287057425463
0.083883820908043
0.0128155837498397
0.0407768573858544
0.0775239127142245
0.0687381310218682
0.0279612736360139
0.0594177064765296
0.0128155837498397
0.0372816981813519
0.0652429718173658
0.111845094544057
2.15143883242094e-31
0.0892583272168075
0.0129576037188497
0.0279625551943889
0.0253790500157286
0.0687381310218675
0.0314564328405166
0.0559225472720278
0.0372816981813519
0.0372816981813519
0.0372816981813519
0.0407768573858544
0.0229557396339401
0.0233010613633456
0.0512623349993588
0.0372816981813519
0.0314564328405157
0.0687381310218684
0.0687381310218687
0.0512623349993588
0.0792236086353728
0.0372816981813519
0.0407768573858548
0.0407768573858536
0.0233010613633449
0.037281698181353
0.0314564328405157
0.0508395372409209
0.0372816981813519
0.0687381310218687
0.0279612736360143
0.058093740169865
0.0282124590775115
0.0407768573858536
0.0792236086353737
0.0407768573858548
0.0687381310218687
0.0128155837498401
0.0372816981813519
0.0407768573858536
0.0407768573858544
0.0652429718173672
0.0699031840900354
0.0407768573858541
0.0128155837498401
0.111845094544056
0.0372816981813519
0.107510631109247
0.0128155837498401
0.0687381310218675
0.0559225472720286
0.0372816981813519
0.0407768573858548
0.0687381310218675
0.0687381310218689
0.0279612736360139
0.0419419104540209
0.116156256917502
0.0279612736360139
0.115340253748558
0.0233010613633449
0.0279612736360143
0.0407768573858536
0.0407768573858536
0.0419419104540209
0.0372816981813519
0.0407768573858544
0.0512623349993593
0.0128155837498397
0.0279612736360139
0.0314564328405157
0.0279612736360143
0.060649284074891
0.0687381310218676
8.60575532968376e-31
0.124660678293897
0.0407768573858536
0.0699031840900354
0.0407768573858536
0.0652429718173665
0.184478697004647
0.0512623349993598
0.0128155837498401
0.0279612736360143
0.0128155837498401
0.0699031840900348
0.0594177064765296
0.0372816981813519
0.0233010613633449
0.0932042454533804
0.0407768573858536
0.0279612736360139
0.0512623349993589
0.0699031840900348
0.0419419104540209
0.107184882271388
0.0932042454533797
0.0652429718173658
0.0397482320319683
0.037281698181353
0.0233010613633449
0.0233010613633449
0.0271615812100238
0.0314564328405157
0.0652429718173663
0.0687381310218676
0.0128155837498397
0.0372816981813519
0.0314564328405166
0.0652429718173664
0.124660678293897
0.0419419104540209
0.0687381310218675
0.0372816981813519
0.171262801020586
0.0512623349993588
0.0966994046578831
0.0792236086353741
0.0314564328405156
0.0792236086353727
0.0407768573858536
0.125825731362064
0.0314564328405166
0.168261158295762
0.0932042454533797
0.0978644577260493
0.083883820908043
0.115340253748558
0.124660678293895
0.0372816981813519
0.0314564328405156
0.0407768573858536
0.0407768573858536
0.0407768573858536
0.0372816981813519
0.0687381310218676
0.0314564328405157
0.115340253748559
0.0419419104540209
0.0341402490883456
0.0559225472720278
0.0971107848962507
0.037281698181353
0.0699031840900348
2.15143883242094e-31
0.0792236086353727
0.0279612736360139
0.0594177064765296
0.0652429718173672
0.0372816981813519
0.0872666689967724
0.0419419104540209
0.0279612736360143
0.0233010613633456
0.0233010613633456
0.153787004998077
0.0594177064765308
0.0680170796779764
0.0966994046578827
0.0687381310218684
0.0978644577260493
0.208544499201939
0.163107429543417
0.0279612736360139
0.0372816981813519
0.0687381310218675
0.111845094544056
0.115340253748559
0.096598161546259
0.121165519089395
0.0407768573858544
0.180583225565925
0.0966994046578828
0.0407768573858536
0.096699404657883
0.0978644577260487
0.49931040508895
0.124660678293897
0.0419419104540209
0.0687381310218676
0.0314564328405157
0.0686769657357898
0.0652429718173671
0.0803770111728617
0.0932042454533797
0.0305127398553002
0.0594177064765296
0.0966994046578828
0.0357247212610532
0.0484302074959506
0.0314564328405166
0.0687381310218687
0.0407768573858536
0.0407768573858536
0.0873789801125435
0.0512623349993588
0.0932042454533812
0.0687381310218687
0.0349790872974263
0.0128155837498397
0.0128155837498401
0.0792236086353741
0.0128155837498397
0.0687381310218687
0.0407768573858536
0.0687381310218681
0.0792236086353728
0.233010613633451
0.0873789801125435
0.152621951929911
0.0873789801125435
0.135146155907401
0.0966994046578814
0.180583225565924
0.199224074656601
0.124660678293896
0.0932042454533813
0.0966994046578821
0.0512623349993599
0.180583225565924
0.0852272436009487
0.0792236086353727
0.152621951929911
0.143301527384572
0.641995968916386
0.0559225472720286
0.0233010613633456
0.163107429543416
0.0407768573858541
0.0372816981813519
0.0291636084023636
0.0407768573858541
0.0966994046578814
0.0978644577260493
0.0594177064765296
0.0792236086353728
0.0128155837498401
0.0559225472720278
0.0358159449162916
0.0873789801125446
0
0.0462688010438888
0.0559225472720278
0.0932042454533808
0.0512623349993593
0.124660678293895
0.087378980112545
0.149126792725409
0.0687381310218675
0.0594177064765296
0.0419419104540209
0.0792236086353727
0.0512623349993589
0.180583225565925
0.0792236086353727
0.154474386308297
0.152621951929909
0.176380995654356
0.121165519089395
0.201685948294941
0.177088066361423
0.124660678293897
0.163107429543415
0.23767082590612
0.163107429543416
0.223690189088113
0.124660678293897
0.180583225565925
0.0896899793785617
0.205049339997436
0.181748278634093
0.292428320109981
0.135146155907401
0.0233010613633449
0.0687381310218675
0.0932042454533797
0.0664232870807249
0.0838838209080418
0.0512623349993593
0.0792236086353735
0.0407768573858536
0.348350867382008
0.0838838209080429
0.121165519089395
0.078878286905968
0.0407768573858536
0.176183519159297
0.199670989013551
0.0407768573858548
0.0699031840900348
0.0594177064765308
0.0407768573858536
0.0372816981813519
0.163107429543417
0.0594177064765296
0.0864352871273295
0.163107429543415
0.0966994046578815
0.0873789801125435
0.0966994046578815
0.121165519089395
0.171262801020587
0.107184882271387
0.135146155907402
0.121165519089394
0.159674134656837
0.0981695851246021
0.264467046473967
0.115340253748558
0.163107429543414
0.0966994046578814
0.274952524087472
0.177088066361422
0.156990900935538
0.191068703179429
0.320389593745996
0.149126792725408
0.293593373178149
0.265632099542133
0.404273414654038
0.972624864562572
0.124660678293896
0.0966994046578828
0.0687381310218676
0.121165519089395
0.0407768573858548
0.0792236086353737
0.120972003774776
0.0512623349993593
0.0687381310218685
0.121165519089394
0.124660678293895
0.0512623349993593
0.15262195192991
0.0279612736360143
0.0407768573858536
0.0966994046578829
0.139806368180071
0.0966994046578829
0.14912679272541
0.119608542169096
0.124660678293896
0.143301527384572
0.0699031840900354
0.143301527384573
0.152621951929909
0.150280195262895
0.096699404657882
0.177088066361423
0.181748278634092
0.236505772837953
0.316894434541494
0.165837847913974
0.274952524087472
0.172455349341163
0.236505772837953
0.107184882271388
0.083883820908043
0.255146621928629
0.265632099542135
0.264467046473968
0.251651462724128
0.152621951929911
0.208544499201939
0.152621951929911
0.208544499201938
0.236505772837953
0.405438467722205
0.411803851665443
0.171262801020587
0.236505772837953
0.237670825906121
0.320389593745994
0.205049339997438
0.422914263744715
0.29242832010998
0.260971887269466
0.208544499201939
0.42873952908555
0.48815723556208
0.367845816876962
0.572041056470122
0.283107895564642
0.290086563442965
0.29242832010998
0.321554646814162
0.494569221628046
0.405745575710973
0.34835086738201
0.237670825906121
0.292428320109982
0.14912679272541
0.199224074656601
0.125825731362064
0.209709552270106
0.376312141018024
0.348350867382009
0.0652429718173658
0.083883820908043
0.163107429543415
0.260971887269465
0.236505772837952
0.124660678293895
0.167767641816084
0.205049339997435
0.180583225565925
0.205049339997438
0.121165519089394
0.115340253748557
0.152621951929911
0.056788880733517
0.143301527384573
0.227185348292614
0.115340253748559
0.209709552270104
0.260971887269465
