11.9429590017825
0.560669672503588
1.18600293593373
9.8383459741591
0.582526534083627
2.13903743315507
1.3269954446425
1.21515035009844
9.83924073491547
4.13360828585742
7.89789474910582
7.24274533104982
9.3250847576107
0.526969696969694
0.922391620938336
2.3793267158319
0.401502801952626
2.73554460405671
0.848158633625762
0.7223329022637
19.060556662356
2.13549567182785
12.5080097398436
21.9449395919984
13.3887898593781
13.6124800484662
15.3915160835576
13.4393177449233
21.0583342071231
10.7749811843929
0.404320016776763
12.7223795043864
12.0393064439085
1.95193969685319
19.0259336152762
18.1715675789032
15.9472673680286
16.6244147355912
15.4552859622756
12.6204490114525
1.88738597043095
2.28286777812729
2.4841703074575
12.9029627299524
2.07845467361039
1.88554285647711
4.19723835820721
15.0857945079398
15.3880209243531
12.2423776403015
16.6259872077173
12.3903393799587
9.74333880908275
22.7558165274428
13.4342269290366
1.02040881712162
12.2563582771195
12.6979133899549
1.61016520452507
1.01942143464635
18.4858970326098
10.0940197826011
0.79573124555823
2.72505912644322
4.02991856279053
1.31767502009717
9.37380017009774
1.81144070462408
3.5511092470262
14.3581140120933
11.7111134412172
2.12297088532382
14.245103864481
16.2489951417287
12.3064555590507
1.38566041033168
18.3864642969487
2.98276886512181
0.739808698286209
0.51451947386204
17.191523073876
2.75302040007922
1.41217247445621
10.9002365057728
13.7025503011662
0.764274812717717
9.00447333776054
18.5791012780632
1.79636491792203
11.2519222210572
30.2354572250766
15.4381182062843
1.46796686589074
2.64344436289073
2.93127351950882
12.9707542553563
2.10991110645089
7.77323407081192
20.0435729847495
13.9480153320984
1.91534724406697
1.77437582281873
19.4785514895206
13.5460720235807
1.1312665291904
12.8202439621125
12.6792725408642
16.3714584134307
0.531264199084268
17.1437558980811
16.1709365861615
0.973984364987823
14.6190858993627
12.3996598045041
9.66994046578821
5.84101872240287
15.460382370417
17.0834709261007
13.0986916454045
14.9825824566309
11.4386395675323
10.6625656798667
13.7745338040148
25.9690201903695
36.2759959456153
14.7728729043608
10.218680460895
11.3091701326995
11.7949972621253
1.1277713699859
16.6778860112078
9.35188097817855
10.6392646185034
0.470681439539574
3.45488786364218
15.557472184358
7.12606328568266
4.64506658278284
24.0420351146995
19.2501718453275
19.0371884939359
2.28816422588049
21.7573660480235
15.868022788438
11.7390747148533
9.00702527000105
0.879615066466278
11.4203809723533
8.34177996807754
7.30190893945219
7.77672923001643
3.48051157480222
20.5803589528503
1.21519450560972
11.9522794263279
6.68623955821187
13.137138396654
9.40896857851876
0.786410821012896
1.4793232206727
9.15890671420084
22.3538732189251
11.926369112113
14.3023196206587
14.6923829995456
17.177542437058
12.6349888737432
0.227185348292613
12.5546118625703
3.5650623885918
1.60772663194808
2.9033122458728
20.5550312816749
14.8565120641245
9.34256055363322
6.02786294315706
15.7089318793471
20.0761944706581
3.56040217631913
5.81128470401827
14.822970186292
1.76505539827339
2.70804935164796
2.59573823587664
28.7308306828376
19.796581734298
11.869560658488
1.028730208661
18.7358703528946
18.4411473442615
2.03409830717789
2.13469597940186
22.8292148707374
1.68904360793634
0.527198163876365
0.938911141402492
12.9274288443839
8.52907576340102
10.9736348490674
1.10330525555439
15.7270513671898
32.5189612386844
12.8470401826803
2.20680286137034
11.3317184532755
15.0396360374215
13.7243251430103
1.89670639497629
14.0179185161884
12.9600503302926
9.93220917362787
18.6419604347978
23.37934116249
14.8407604301376
0.59098202323116
5.80249507765079
28.8234129064579
14.1546840958606
1.45748138827723
0.972448708538675
2.22547272028242
1.16039285589459
0.743969801824472
17.3541919774446
21.0869660853052
0.646604452832829
16.5042461524122
10.7499446599793
17.9950718255217
0.572041056470123
20.8069269395221
21.9449395919984
18.5243437838594
2.05820092505214
0.618643179196808
7.31363589761514
17.3976326121655
0.576705462933838
16.3387042279776
11.1827963603742
7.53439819183764
8.98279158365661
3.51277236028101
2.05049339997437
9.74333880908275
8.20197359989747
15.8563642188902
0.372816981813524
17.3156174198735
10.5274195239593
9.69132746146586
9.27301375927674
1.01592627544185
1.94026772919507
9.51615346079015
13.9839040928314
25.1966027052532
16.6891237635874
14.1157829739145
1.0519380657789
17.4229001666026
10.5684009646639
6.33206342548903
20.4188482285368
11.4602424475435
9.49168734635862
9.44125219903771
3.23497244649492
22.2030616429578
21.4917967448417
1.65321030372934
0.823692519194253
14.5068767257349
21.0689356075169
3.20040077825545
0.674565726468839
19.1810537905002
20.3406615171321
1.35146155907402
0.922722029988468
3.66877028648656
22.6160101592627
1.69049200191069
0.582526534083627
1.15812053639043
12.3122808243915
14.0878217002785
16.1056936143441
6.3227430009437
11.7441152004474
11.873409527804
0.880780119534447
8.50372234455279
14.2742301911852
15.8923840480934
0.674565726468838
12.9134482075658
15.8948190090058
22.2161335383827
15.0385050039029
2.29797618631528
1.78486130043223
13.8852398261741
8.83110225670781
4.87807719641631
12.4101452821176
31.6330194680368
0.358836344995512
10.3140465788217
2.33476634860718
0.711847424650195
0.956030897207363
12.6478161080237
15.531665443361
14.6086004217492
5.77177728845549
17.6004567008027
10.0613982966924
22.8662750923304
23.1927114280055
17.0081366141228
16.6199499027181
9.56625074272132
20.5521302995351
11.0854799436114
12.3157759835961
7.14458762946653
12.2930969440658
17.9824937960924
15.3618953083313
1.58294595318817
0.448866403364668
4.25943401721948
14.7123367469388
10.7883914112288
12.2144163666655
0.656379248074752
16.2268591334335
0.638047837078978
17.6670786294316
12.7402747195135
13.6544219589202
13.3235468875607
3.61632472359116
11.6412102571272
3.73166497733971
21.8584921883192
10.2711078489625
12.3650325632333
17.6389034520522
17.4047277853506
3.3632863816947
1.49126792725409
2.05276979716426
11.7056492258222
2.26565120641246
20.1356121771347
13.4127783020516
24.0154397492806
13.9375298544849
12.0920857945079
14.039124346114
1.52388941316277
0.478932811389556
16.5141234723242
17.8800694371629
4.47271608821782
0.559353628557775
26.2125289806951
26.9161999464075
13.0614099472231
41.9372502417485
17.5270583575082
19.0482097794555
13.677094357649
16.3309984504794
16.0457319445901
17.1648986986358
20.3296815909965
18.2994885417031
15.9910239651416
15.5220020271923
3.93577575058543
8.16073666305501
7.59032073910967
4.49367679097783
0.773108128575258
1.7895215127049
7.6612252863118
9.74333880908275
1.03806228373703
13.7194500949518
8.86372374261647
28.8831284004986
15.1410296739016
7.25011347616884
15.8913238498014
9.43703925063787
16.9618212109561
0.572041056470124
0.568545897265616
1.71544464250351
17.6715249379609
3.73166497733972
13.8643346964454
22.3259119452891
0.366991716472687
0.643109293628327
14.0057668961821
14.6189642678224
36.9705241573754
1.1312665291904
18.3786147519019
21.1274316405112
5.16739191220162
0.711847424650195
12.4628033506926
11.165868605315
15.3320983770811
1.23677035638974
13.8348815723556
20.7041580744003
2.86603054769146
0.768578052730301
26.8478206517307
12.5236098004264
1.81274614658698
1.60311302179814
0.624468444537651
1.0412494029103
0.883778849626609
16.202393019002
2.84038819568231
0.502298649703489
4.18289282676825
15.5779245744644
13.8256847599408
1.35495671827852
12.6824576794473
6.72342758612654
9.83456665851128
14.9965630934489
9.67752496126199
1.88272575815829
2.48421224936796
1.93282304008947
1.83029837009076
1.68117157736535
0.646604452832829
1.17437349271259
2.5809537124416
21.7014435007515
5.28443593955703
15.8379527687486
10.3345765614624
19.5577458553237
19.0811994221337
23.8078594479978
1.72893875316021
0.683886151014177
17.7270209593047
14.3289876853891
2.36884869455804
0.68287535097224
1.04388754907786
14.1439609474212
0.582526534083629
24.8855335360526
2.67871051926418
17.23346498433
8.59183985180525
0.404273414654037
15.9693824053686
13.1089324618736
5.0135360525672
2.80894294735125
11.6447054163317
6.42643272401057
0.393827432339544
6.01516899094753
5.9839617629583
0.400778255449537
0.503532557407995
9.18132781098176
10.6625656798667
13.5076900492817
5.94680880314098
14.2984348677082
16.0011655190895
17.83848869316
5.14602775156408
0.817480922256009
1.26175247282514
4.37658056924494
0.694371628627684
1.11845094544057
13.6579171181247
0.973984364987827
18.3554110889751
5.22234804795358
13.0252933021099
13.5181107499447
5.54680600701363
2.68777742826185
10.3761602180979
3.03421050178836
1.97618351915931
0.512623349993591
6.22021833094498
0.767769971922219
5.41934908485083
14.6228788461314
8.69212354222734
0.274952524087474
2.24622231542647
0.638449081355658
5.10781401092821
10.6259713629956
2.55602518844734
0.302913797723489
1.24311162373446
12.1789223259119
0.564181491966965
1.38980764973844
5.69943960947421
1.14135076252723
7.37711602763506
37.8313864131511
15.5592837253737
0.907576340102292
3.56389733552364
1.77437582281873
10.6992862884904
2.09348572227466
2.54279111763541
0.949005627206313
1.2969066675987
8.79265550545827
3.07574009996155
1.43269092307155
0.680390991809676
1.10330525555439
2.99272261251499
13.0840581128471
15.5033611781017
12.7249979611571
1.79884193725024
0.456700802721561
0.363042070066288
18.5745524448639
1.8391061712861
0.599804154579237
0.432234688290051
15.421487772768
2.77847634359745
1.42602495543672
2.02602728554286
0.954178462828982
1.66369578134284
2.3541410646255
2.15301806997308
11.8735101883891
2.81942842496476
0.265632099542136
16.471531811774
22.2909905281186
1.09981009634989
3.93787937040532
0.77825544953573
2.08311488588306
1.7755408758869
14.161220043573
16.4927171367656
9.40430836624609
2.71842997448534
1.19767455407594
7.97257092260552
0.245348525625345
2.26702305640021
1.71961832861486
1.63235806740997
13.3140078990598
11.7015483555276
1.09981009634989
13.7045192408514
17.7647291834143
14.245103864481
2.20894061724512
1.1137907331679
0.978644577260494
2.36156256917503
0.985355282933144
15.5977304766232
9.93906772453486
10.6426409422949
0.879615066466279
2.94991436859949
18.187643447159
0.883704402735542
8.8746914356949
1.15922780282642
16.780259340813
2.53049526405928
1.68117157736535
7.39636223829996
0.764274812717718
1.2825551943891
21.7283044982699
0.879615066466275
1.07534398191838
17.5405804294386
2.10059068190557
1.37359756736919
16.1091887735486
1.00194563862384
1.64971514452484
14.0888791024431
4.3887748301935
9.65595982897022
1.91299570095419
0.57320610953829
2.65632099542134
3.34859774212715
5.14658592848905
0.62796360374215
1.68117157736535
7.2856914007433
0.493439469667837
16.8032989642678
1.52272436009461
1.26503081565365
1.71730441671618
12.5455173418149
19.9899268346673
0.503302925448257
27.5733109643144
0.934365453846423
0.742675194855131
0.596507170901632
0.694371628627681
3.12700243496091
27.4987475679517
22.4747847564456
5.50700208544499
2.9193899782135
17.9975826313889
6.21271771929213
1.06359500425245
0.462262649563693
0.236505772837951
1.35612177134668
0.0966994046578815
1.81372618922792
5.30866438316266
3.86215092097446
0.824857572262419
1.32305045844838
17.8455722158144
21.713319935223
0.841885521885521
3.72962135775284
4.76175829809087
0.323169293861338
2.6084106346044
2.29631959735766
12.0770542798225
18.131720899887
8.31731385364604
5.266039868116
1.7755408758869
1.42136474316406
1.95601819812893
1.05374051938067
1.70913285100137
12.5659543532208
10.3456712453252
11.2319410949169
2.27418358906249
11.3310138291799
1.49030745750469
1.14175200680391
2.81942842496476
22.6299907960808
17.3127513893258
17.6440012582573
15.7022752321368
4.44118229585357
4.76109421784163
2.09738387333543
21.2692408514208
1.34909638484033
0.212104435357029
0.503302925448252
2.04925133689839
1.26726596996493
0.414104015937926
1.68117157736535
19.4408764694232
2.97671058916734
0.545134272366105
1.27107289737047
4.13041091421715
2.21243577644961
6.10068388615101
1.34563629373318
0.180583225565927
3.67574243006769
0.611753521372905
22.6998939801708
3.20407255950506
0.432234688290053
0.683886151014182
2.09333892558806
1.38291799191453
1.04830729439726
0.3308750713595
7.63818799296308
0.292428320109983
5.44947456106625
4.51458063914811
10.0695536681696
1.56117111134412
3.19129134482076
2.47154486036839
0.82485757226242
1.3269954446425
0.935537613738307
3.78409236540725
25.0632157794788
22.5123204361959
0.626024489415492
2.96755047592418
13.9095685808489
1.94214346463481
1.82680321088626
1.12194610464507
0.627963603742153
1.35495671827852
0.287197231833907
14.9704140598604
1.62175387088882
1.28155837498398
1.42984819358522
1.10330525555439
1.26175247282514
10.9701396898629
0.766662705486232
2.38602868360654
1.04388754907786
1.21515035009845
2.10991110645089
0.870294641920942
1.49397958827025
1.73606468374635
0.879615066466275
0.405438467722206
0.954847086784797
0.634748406789933
1.07534398191838
0.768935024990388
0.372967972691158
0.674565726468842
1.39860088777044
1.37942283271003
1.75690002679622
0.694371628627682
18.6909463726073
1.9972517563175
1.37359756736919
12.5918935607517
2.33360129553901
0.554565260447616
1.38291799191453
1.90136660724896
0.55456526044761
0.219933591975113
4.90603847005231
11.4698426013305
3.33315671128819
0.587186746356298
12.231892162688
20.4914403551082
1.92932788088497
1.39475679517202
1.3269954446425
9.5687881117985
1.26876749035918
21.5379020889401
2.72156396723871
28.4749571842997
5.81871261635968
12.7072338145003
1.56487877622826
8.70421155033612
1.64794088520732
6.46891184043433
12.1486340917829
17.0945324059511
4.60120687847331
0.255146621928627
0.488157235562081
1.53341710064894
1.2023347663486
4.75545023475819
12.5825731362064
0.498642713175582
0.853771859308183
3.26010683536634
0.870294641920943
1.88738597043095
5.07497116493656
0.962867312106062
13.1358060419652
9.32431302645836
7.94151433597804
19.1255111670337
1.19918201624084
7.08593885801498
9.51386005382543
16.8409021005906
6.0417876574281
5.26325119709203
0.348350867382007
0.982139736464998
15.5653792830263
6.90880418953083
10.361049945825
10.1254762154416
0.71301247771836
2.37300467186281
1.89104703319236
2.68112951894959
1.63082019735998
0.965464914426853
10.0222427271562
1.54317744923281
8.69945126000489
15.049444852213
2.03903149138443
0.995833653722935
5.00091293558421
2.17951790104039
1.06252839816853
8.05204525066117
0.876119907261776
12.5499516502977
3.49865436370627
0.219029976815445
15.9778225158156
15.8074400288933
2.86486549462327
9.56625074272133
6.27924213297915
1.83029837009076
2.9207880418953
3.81671385131592
2.76204664872485
16.6218121235422
11.3837335290622
5.35673820092506
11.215145223865
5.57994465997926
5.4459888387916
12.28781470996
1.27107289737048
9.18411333636246
10.6660608390712
7.43632344203279
13.4409575571167
15.3076322626496
8.46359081006137
1.14641221907658
15.3635548099216
12.1448785432176
0.731065674041454
1.39114979087297
8.14954621182994
1.46250276700104
11.0888161895774
3.35884799552619
13.3914157724884
4.1662297717661
7.82891195693965
7.44062307038086
18.7838536460336
11.8294701338646
6.01167383174304
7.70076532336048
10.4932064590542
8.70877168455022
0.560318758519447
2.27418358906248
18.671691657055
26.9861242179581
0.283107895564643
5.54040473943588
13.1977211561987
16.7208416343364
16.2210338680927
0.995062039075874
2.24039705008563
0.823692519194251
10.8873383197605
9.65013456362938
13.4621882026726
2.19029976815444
4.8780771964163
0.823692519194243
6.32877564573065
0.567742010648587
5.19613668402595
6.29281278762247
3.27571586685774
2.85554507007795
3.4800582526534
1.75285682662845
5.40440378409234
9.66994046578821
1.58913238498014
2.2084857805273
20.8125080097398
1.76156023906889
4.76623210187224
1.41087926555055
1.07184882271387
4.79062586650822
1.07534398191838
1.24427667680263
1.39687660922955
0.488157235562076
4.4971048431256
10.9456735754314
1.94903347197465
2.02602728554286
0.708352265445691
2.99401617093659
3.50618107254787
12.1771346684842
1.01942143464635
0.814372094648913
0.348350867382011
2.68777742826186
1.10330525555439
1.19767455407594
0.699513124322814
5.20079689629862
0.544079782834107
1.45887945195904
1.13037398203489
4.17055211864901
1.09048967180455
7.74915894819014
8.81712161988979
8.33589878018943
0.422914263744716
0.456700802721561
10.5030046718628
3.29943028904966
1.1965955984295
4.58914403551082
13.1158295760372
11.3144523668053
5.87957498864073
1.98059021588434
10.9949301550686
0.795731245558229
6.79458949355143
13.7556743909685
1.1277713699859
10.3549916698706
2.3789231414491
6.18293663276362
1.53426118159681
18.4392949098832
1.14641221907658
1.41087926555055
1.74641454918271
0.870294641920942
8.7099367376184
13.5951835541109
5.08348770286486
9.66089254715553
1.42602495543672
0.824863514033072
17.1717171717172
0.471376277189433
0.750294175899715
12.5753381566531
1.16971328043993
3.93787937040533
2.80266785502081
4.62642573369217
1.54136520918528
0.963498887374318
1.0245360176156
11.7116422588049
2.48504654387007
0.572041056470123
6.66310847809119
1.6470209593047
1.23029603998462
0.90757634010229
0.590681905560801
0.918061817715794
1.71961832861487
0.404273414654039
3.9929532930225
8.99886989852388
0.180583225565923
0.9941514335978
0.568545897265619
0.738589936271589
0.596507170901637
0.460195961926068
0.366991716472683
0.498241468898906
0.404273414654035
1.90615497535913
0.786522200086215
0.292428320109979
0.851653792830259
0.320389593745997
2.05398855917888
0.338459566833272
10.9886151014178
8.56896531637016
0.540584623629608
10.5768479489241
10.9736348490674
11.8421935619167
0.254575745925224
0.600002330106134
2.86137033541878
1.01942143464635
9.99499027180689
0.531177868651916
1.8905688954132
0.572041056470118
0.405438467722207
7.89245383477218
1.38209907611291
2.49204851280976
0.774566775016598
0.61004928174478
12.062621602414
5.66539163258886
11.7558976151364
0.876119907261779
6.73866694627941
1.52382824787669
2.28736033926346
3.95186000722333
5.04809327414864
6.83187119173278
8.4396444258036
1.90077231367888
