0.512623349993595
1.30030862255776
1.11578297391446
0.820197359989747
1.15922780282642
2.71573870189787
1.18820313865297
1.35495671827852
1.97010473827083
0.890100544079785
2.54994652406418
0.48815723556208
1.07184882271388
0.929495532021477
4.6640984236832
1.79301667190941
1.75690002679623
0.922722029988468
0.655924877378167
0.999300502137879
1.426735521303
0.926217189192967
0.524961261985479
1.18369391725793
1.40738410634605
1.83146342315892
1.67687253154381
2.67844535318583
1.60578751762143
0.880780119534443
3.28078943995899
0.939190754138854
1.63389139375298
4.74875630584973
0.606752531077782
7.15342583854694
0.348350867382011
1.75621916978319
1.9246676686123
3.63846073188634
1.02990691225986
4.89555299243881
1.16971328043992
1.22678923024944
2.16053918655995
3.30617594631437
0.135146155907401
1.98059021588434
11.5869630561672
7.98736663055004
4.51574569221628
1.7009774795242
0.632629757785466
1.1742265795207
0.488157235562081
2.09243531042839
3.54254645649109
0.460195961926063
0.376312141018021
0.680390991809679
1.54401442335699
0.243885102466422
1.12084582852749
2.22722484359163
0.655924877378168
1.01592627544185
1.04738270828236
0.422186804608952
2.63881479151377
1.14990737828108
1.23379119918912
0.838838209080425
1.2709912271504
1.74641454918271
3.4004938659956
1.25359710134796
0.587186746356292
2.83072233290229
0.680390991809681
0.405438467722209
1.96660957906632
2.06989607726631
1.10330525555439
0.919569279880701
0.600002330106132
3.20355807207018
1.47415329768271
1.21507532068086
0.861950531846726
3.44273181643423
1.69414514231124
1.11882131581093
2.17631913133644
1.61709365861615
1.38291799191453
2.9989093938229
0.610487807719637
1.22563582771195
32.084396444258
0.72699311453637
0.404273414654035
1.82111064508988
0.778255449535726
0.820197359989746
0.562720631924784
1.15913413255973
1.21515035009845
2.26486316451715
3.67100520778721
2.52000978644577
0.432234688290054
1.5192292008901
0.665215476564961
0.311069169200658
2.03039623454849
2.47340766371909
0.478836811016745
0.419419104540213
1.1290855498468
2.9268346673191
1.01942143464635
1.19767455407594
3.35594701338646
0.683886151014182
2.04466813463353
0.545244835902276
1.93282304008947
1.43534537998205
0.708352265445692
0.946023091351812
0.646604452832826
2.08194983281489
0.802043503081567
0.865114699474562
1.14175200680391
0.973984364987823
7.81401092819778
0.904081180897791
1.56117111134412
1.79187258979647
1.34646348141158
2.56777696224063
1.63107429543416
2.95923479314483
1.1883541295306
1.45398622907273
0.70270630177204
5.80898954947395
1.10132186921114
1.29553901180198
0.907576340102292
2.02602728554286
0.404273414654035
0.205049339997435
1.74757960225088
1.02454988174712
2.55729148462712
0.81437209464891
1.23029603998462
1.15443291041907
2.305640021903
2.86486549462328
5.80196427947293
1.94214346463481
0.926217189192971
1.04738270828236
2.08194983281489
0.366991716472685
0.680390991809679
7.19886290820546
2.22175620099496
1.6531054489532
1.44932601680006
1.57515174816213
6.35652953992053
1.17322661447229
1.06602355737303
4.47982524203978
0.292428320109984
0.849176773502033
0.655924877378164
0.376312141018026
0.586900026796225
2.50343562499272
0.582526534083631
1.38291799191453
2.35806740997052
1.43093635315088
2.52000978644577
1.14990737828108
1.86114186851211
0.618643179196813
7.80118788810831
1.51225985343633
0.793254226230007
0.739808698286207
0.76269162210339
0.437593932403623
6.0590769284541
3.13515780643809
1.97466009576737
1.37942283271003
2.02602728554285
3.78672258921393
0.816597346009103
1.91217492106767
1.77373457761002
0.572041056470119
0.730488273740868
0.493796092412017
2.38952384281104
10.6369811144898
1.44932601680007
5.00040776857386
0.598243565994431
1.03806228373703
1.49476308645859
0.823692519194251
0.405438467722203
1.98762002959235
1.28155837498398
0.963498887374321
4.00700849323687
1.02211725094077
0.366991716472687
0.456700802721563
0.80340416855988
0.712145212214417
0.425314739086369
1.18484731979542
1.67767641816085
1.96078431372549
0.20854449920194
2.09243531042839
0.171262801020585
3.17823634266541
1.38291799191453
0.681667423951161
1.63449442522107
2.49787377815059
0.484662076357578
1.51024943786189
4.29089045006
2.21987161115189
7.22684235666935
0.561017324339125
36.6164114035394
0.526603986811597
2.15301806997308
1.09981009634989
0.465310544895318
1.41087926555054
3.38680926916221
0.638449081355658
1.39149278249624
1.62100823692519
2.35224214462969
1.49126792725409
2.34874698542518
3.45205224097958
1.02990691225986
0.460195961926065
0.667686787133155
2.11107615951906
1.42602495543672
0.177088066361421
0.76427481271772
1.08673307469155
3.64627823797374
14.1676693113371
4.79419337550826
1.30951964862
1.50524856407209
0.982139736464998
2.49806018664151
2.79962252280592
2.74952524087472
0.778255449535729
1.15922780282642
0.973984364987827
0.703756830123614
2.05652324863398
1.85244125219903
2.01670686099752
0.582188668693861
1.56117111134412
1.82236435869654
1.68117157736535
0.572041056470122
2.60389360735382
2.75302040007922
0.638449081355658
0.562720631924785
2.24487085386739
2.21243577644961
0.666410354991665
5.45168921044354
1.69049200191069
1.67301620588818
1.70913285100136
0.344855708177505
0.736313539081707
0.711847424650193
0.665098039215684
0.356051402141366
0.655924877378164
13.0571803385644
0.239879300502141
2.52583505178661
0.722211270723384
1.09981009634989
1.36308366246083
1.9607843137255
1.55185068679879
1.65321030372933
0.610086563442963
0.913040322486691
7.61828201274568
1.74877483019351
15.8109351880978
0.617307911875387
1.70097747952419
1.09677385154894
1.57864690736663
0.876119907261777
0.767769971922223
0.935537613738308
1.1312665291904
8.76264129181085
5.35341884822854
3.73900236505773
1.49476308645859
1.54719047452612
0.246991250451461
0.59209814407046
0.907576340102293
0.627963603742151
9.74270443768713
5.12040823459509
1.5227243600946
5.77283795276875
0.778255449535729
1.99457085270234
2.84826348840189
0.935537613738306
0.932042454533805
13.2429718173663
21.446035324409
1.40805273030186
0.711847424650192
3.16104295550662
1.77299593396479
1.85476448452227
2.78098167371524
3.29797385620913
0.758449547376883
1.69049200191069
1.04738270828236
5.5156337306164
0.59086120722799
1.66997541738026
0.954178462828982
2.40370906294782
0.627963603742151
1.76553761373831
1.11541015693266
0.354653687975494
0.720690177437586
1.64562534223434
1.08073806111868
2.02020202020201
4.07548378828656
1.2128131371384
0.488157235562076
1.27223795043864
0.767769971922216
0.796896298626401
1.39875106311092
14.3829012151504
25.5934104598464
1.7146900376312
1.83025398156886
1.60660818100265
1.16971328043993
1.18070625516993
0.400778255449535
1.3169475609614
0.343264129181088
1.7184532755467
3.30217981429056
0.739808698286202
0.954178462828983
1.12194610464507
1.31710414409376
3.61368657742359
2.64722193095896
3.4179576619715
0.498642713175587
9.31297006978668
1.10330525555439
1.21510561206063
4.08844150851071
1.99806601190684
1.04602880011184
1.63456945463866
0.736313539081707
0.553522654456913
0.285379632542261
1.63456945463866
0.657089930446332
16.4820057553622
3.73908624887864
1.45088206167791
4.50329127491757
0.991460161010334
3.32177088066361
1.54002994186385
5.83924597765428
0.451637365582008
0.426164761804902
0.562720631924786
10.5557511679657
15.3004327007095
0.736313539081706
1.74291938997821
1.79228921277364
0.533773606887805
0.929404308366243
1.7594514930155
0.40427341465404
0.80621672317174
0.404273414654036
6.78060885673343
0.693362576165353
1.83966539675883
2.33360129553901
0.713012477718355
0.400778255449534
1.77437582281873
0.952183425955056
0.823692519194248
22.3153625062622
3.00467186280335
0.824857572262419
3.77676406510317
2.52652476320296
0.680390991809672
1.26175247282514
1.18718907646243
2.75841692589098
0.308261391306375
0.424766698123094
0.660119068423566
1.21165519089394
0.876119907261776
0.865279787494307
1.37942283271003
2.68872065522585
1.97085037223445
3.28428459916349
0.711847424650188
0.719198909510325
1.74641454918271
0.399135530623417
1.73931937599758
1.47728729043608
0.702527000104856
2.17515535982664
0.973984364987825
1.03806228373702
7.81058054594387
0.812402106415944
1.87614029569047
1.27107289737048
2.46408723917375
2.41109351880979
1.60660818100264
1.53247166008411
3.05798469120269
17.4513299080773
1.77051658453042
1.18718907646243
0.879615066466281
1.90486176645346
0.834177996807753
0.881508394207356
1.89670639497629
3.22486689268696
14.681861754803
0.555373690771613
7.55303904092832
19.7721156198665
1.30951964862
2.14835785770042
2.30564002190299
1.68699684270618
0.688404692833762
1.58913238498014
1.10290203068749
4.58925541458413
4.29205550312816
1.84078384770426
1.07534398191837
0.701799540969089
1.23379119918912
1.51558072070183
1.77437582281873
0.414758892267541
2.52933021099111
1.17273076788648
1.09055246816492
0.813137604417884
4.53904675357963
1.04738270828236
2.1099111064509
1.95562266261228
2.10897195717266
1.06787599175141
2.38952384281104
0.973739703843511
0.655924877378161
9.89507567019676
4.97826465345496
1.56583132361679
3.27496417461815
0.512623349993595
1.21180618177159
1.7149581163422
3.70370370370371
1.15302040007923
2.31213123157759
1.19138326750783
0.601167383174299
3.71418918131721
4.51108547994362
2.58525275826314
0.795731245558235
3.78189041510841
3.05127398553004
1.57342036279752
1.3610033437023
18.1699439609474
6.37051017673855
1.26175247282514
0.484662076357575
0.516118509198097
30.7809723532907
4.05787983642655
5.14503233022264
2.02253212633835
1.47910477322242
0.434769377745153
7.95381729637785
1.28155837498398
1.35146155907401
2.50253399042327
0.573206109538292
2.8084018967064
1.12334416832686
2.45056097305234
0.857005930120111
0.673579975067867
10.7779059336153
2.31858376149034
0.643985413535586
2.81942842496476
1.27540444817262
4.52044831242061
2.12039658406441
0.404727785350624
0.544079782834108
0.546398238439764
2.24039705008563
1.09319445900761
2.22292125406312
3.01515734041686
5.49439026947678
0.685051204082347
2.97671058916733
1.38291799191453
2.16583365372293
0.292428320109984
1.70563769179686
0.788622091736277
0.778255449535727
0.624468444537652
2.55729148462712
1.7184532755467
3.1270024349609
3.13166264723358
0.908079643027739
1.84544405997693
1.65903556907017
1.30834527512728
0.823692519194244
2.04466813463353
5.63220894061724
0.447380378176225
1.01942143464635
2.1555886430627
1.04738270828236
1.58913238498013
2.53304673027856
0.533349644076279
2.05324234268871
2.16165763750539
1.53320983770811
7.37890310253633
1.46680181282257
3.71884939358988
2.85456456141578
2.93227033891394
0.442720165903559
0.890100544079785
1.46963009565086
1.20582992555311
1.43884053918656
2.07262940826954
1.52633730616429
1.87340533361295
1.3269954446425
1.96078431372549
1.49755501963115
3.2468280265166
1.68699684270619
0.778255449535728
10.2458750131068
2.50068109002364
3.71418918131721
0.446590006174786
3.08855568371139
1.47508534013725
0.726993114536369
16.7056959444503
1.786480724197
3.70672573485723
0.596507170901635
1.00660585089651
0.913063740053358
1.83459741591229
1.80487178590985
24.8389314133259
17.6016217538709
4.56049526405927
13.8361702375543
22.3609496347559
1.12194610464507
2.19029976815444
1.00194563862383
0.458169119103367
2.78098167371524
0.968522596204254
0.370458448382322
3.76642305407011
3.1936900725828
1.59883075274077
4.02176319131336
2.79612736360141
2.20894061724512
7.30838721703773
1.66005370894644
1.25402805447789
1.51340393554926
1.49476308645859
4.41058287605
0.577400300583698
4.42137639369474
1.74291938997821
0.325232835855675
3.44131091771232
0.438661587035294
2.56777696224063
1.85942469679494
0.389349084850821
1.14175200680391
1.30974555240991
1.07534398191838
0.542420281243808
3.53329593512985
0.638449081355651
0.465520137942291
0.800286603054767
1.12007398086983
1.37234443628907
2.63185488098983
0.540584623629606
0.831071848822715
4.14176365733459
1.01942143464635
7.14249053394383
1.29903417100649
0.40427341465404
1.49476308645859
0.7968962986264
1.44932601680007
0.627234164016162
0.65592487737816
0.516118509198096
1.85476448452227
1.01987580534294
0.711847424650192
0.963498887374318
3.45205224097958
0.944380366525695
1.24427667680263
1.54136520918528
1.43034730231962
1.93282304008948
0.582526534083628
0.554089918795796
1.03806228373702
1.14641221907658
1.01592627544184
0.0966994046578839
0.293593373178148
1.10447030862256
2.52860077126513
2.41716775599128
2.53689373550966
0.596507170901637
1.46680181282257
2.64117530553517
1.07051553598266
3.11513706849347
1.30974555240991
0.581827502242729
0.954178462828983
1.09117705311478
1.77437582281873
12.7258746635909
1.04738270828236
3.72142870457748
0.199224074656604
0.973984364987826
5.51186606549928
1.1778686519171
0.979797979797976
1.49592813952676
2.55729148462712
1.59728775645731
2.97085689653163
1.2409264501998
1.35612177134668
1.34214113452868
6.49051064275979
1.89288164225879
3.19108035371011
0.879615066466279
0.600002330106136
0.265632099542133
0.180583225565923
0.430202369717939
3.53225577575058
0.782915661808396
0.787238008691294
0.488052380785944
0.690771614647044
3.58836344995515
2.86137033541877
0.569699299803109
1.22428250206797
0.683886151014181
1.10330525555439
2.19379492735894
3.64778115643168
1.95728915452099
1.1312665291904
0.688304032248672
1.02931727890205
9.12935584215862
0.607569000267961
0.683886151014179
1.66135111204314
0.302913797723486
1.23209243531043
1.79884193725025
1.13394277259329
0.875625458739646
3.67574243006769
0.789597940186174
5.18565120641245
2.35224214462969
2.65632099542134
1.44266144722892
1.23379119918912
0.907576340102293
0.475341651812239
1.27381531578763
0.693269371919892
0.79573124555823
1.05513683548287
2.39289538988501
1.57362261601016
0.348350867382009
2.30770496196101
0.572041056470123
1.15922780282642
0.838838209080419
0.298571761443731
1.31767502009716
0.568545897265623
1.66253072827467
1.63983770810761
4.34681299733203
0.810876935444412
0.422914263744715
2.08194983281489
3.53593606188762
2.77475609614017
6.68274439900738
1.80233709645475
0.96000372816982
1.32444852213019
1.14175200680391
0.625318467256179
2.02464739668892
0.680390991809678
2.60039844814931
9.39032772942807
10.9841203266809
0.320389593745998
0.350444584250808
2.1099111064509
0.823111274218539
1.07184882271387
2.7075833304207
10.8327541854531
0.739808698286204
1.45748138827723
1.57864690736663
0.64326727482437
0.870294641920941
1.96660957906633
0.432234688290051
8.36875455827013
2.305640021903
1.41133363624713
2.65981615462584
3.52463271702025
1.07534398191838
0.358836344995512
1.0970978528072
0.689373550965243
0.70754837882865
0.792841447927952
0.823692519194248
0.869567182785177
0.879615066466276
2.91224307667214
9.85518390362681
11.3615975207671
6.05245068912889
1.44932601680006
0.693636596646966
5.46176878356809
1.43747929118172
2.14835785770041
3.33088672189018
8.13741800939034
1.15922780282642
1.84955250311653
0.851653792830263
0.54407978283411
1.72893875316021
2.5013689373551
8.68530238952384
2.82758379644193
1.15289212773643
0.331993522304941
7.8092737059173
5.65034555474002
0.879615066466278
0.91985320331341
1.24311162373446
1.53520207845468
0.498642713175582
3.66292684631785
0.730488273740867
1.63107429543416
0.683886151014174
1.27236610627614
0.778255449535725
1.00194563862384
0.366991716472689
1.03062411892861
0.573206109538293
21.1930819148812
2.21522025328253
0.583320051728358
1.88622091736279
0.919058637120922
0.610149942329875
3.78409236540725
18.0198758053429
0.674565726468839
2.7780806915755
1.04738270828236
1.64971514452483
1.75195088136265
0.978644577260491
0.713012477718361
1.04388754907786
0.251651462724129
13.5954586231403
8.71925716216374
1.62524903009332
3.21600316894435
3.21088625586896
2.22093553761374
0.87961506646628
1.63166847249893
0.645968217352301
0.823692519194248
0.658106206237687
3.12363065487632
1.55065953654189
1.28603217876577
1.3269954446425
2.72156396723871
0.82360059650717
3.14564328405159
0.526603986811596
6.38798597276107
0.851578763412672
5.95392261717523
1.08225228059138
1.50990877634476
0.348770752507777
0.414758892267542
1.53320983770811
1.8609946058043
1.37942283271003
3.01349119802408
4.39843649878252
0.414758892267541
0.470681439539573
0.551713210536742
1.06507986438782
2.1669987067911
0.310915382195656
0.199224074656599
1.46635198583296
1.64971514452484
0.717450863886843
1.17510735964022
7.7132966341617
1.20920345321729
0.643109293628324
3.58110971304742
1.89670639497629
2.43612596553773
0.92555299243881
4.18229585357612
1.959497629117
2.3107196532802
0.862139270443765
3.70965712488204
2.5118544149686
1.27223795043864
0.377889506367017
18.6257034007899
6.80740507730127
4.08385818974053
2.305640021903
2.30360770333089
0.428245080563423
3.58830752740787
12.6626051751657
2.47340766371908
0.228042361329559
1.26043829296425
1.24311162373446
14.6272412708399
1.63107429543416
5.20429205550313
0.987965001805833
0.950683303624477
1.37010240816469
0.786522200086218
3.75962625097573
3.10805354583901
0.283107895564644
2.46991250451457
0.618643179196812
2.77668262789371
2.9181950997868
0.484662076357577
2.76350587769273
2.77952244474736
1.13731315461418
4.48582002260204
1.5383267507835
1.66590227534864
0.400778255449537
0.326559248773783
1.05874197569699
1.62175387088882
0.63737012570922
2.15651322917759
3.02413989957243
2.29631959735766
2.43612596553774
0.600002330106132
1.5798119604348
0.740973751354373
0.739808698286208
0.374436405578276
5.65167243367935
0.834177996807754
0.460195961926066
0.313294420560855
0.777081076043016
0.40427341465404
0.573206109538292
1.323500285438
0.544079782834104
1.07184882271387
0.963498887374321
0.350326331364396
0.551459112462578
0.320389593745993
0.727226125149997
0.935537613738308
0.851112742185403
8.71510246641733
3.87495718429975
2.91332238183449
1.01942143464635
3.98448149313201
5.15419477357194
5.29749630095651
0.372816981813524
2.16583365372292
2.52459496930085
0.59650717090163
1.35205573613878
1.86109526638938
2.88755362156745
0.656422937564807
0.404273414654035
0.488157235562076
0.759742756282546
2.53981568860462
0.376312141018021
16.0567906283131
1.01942143464635
7.92580010019456
0.666410354991672
7.0695420176389
6.03386797618633
3.45205224097958
0.767769971922224
1.27223795043864
0.99024139899572
0.823692519194251
2.86486549462328
