0.265632099542134
4.25583400323885
0.794228327100302
4.42370649983107
5.80079922640476
1.94651241364044
0.443314342968323
3.44645753964092
0.621334451784281
2.78098167371524
2.19105472254261
0.526603986811598
0.339030442836672
1.15772488436848
1.7952419232696
0.29242832010998
3.75962625097573
1.1107451679424
0.966557850710102
2.94911048198245
1.26511434995864
0.592673097759603
7.21750375729615
0.907576340102292
3.09726142625797
3.77477194086191
2.30165833653722
1.17437349271259
3.24688115293652
1.57232346533385
0.991725210583341
6.68623955821188
0.544079782834109
2.74369997553388
4.34979553318654
4.83361877133503
3.27266715598896
1.22973495042699
2.80092691622104
2.84738969860077
2.15284226346508
3.55894585998392
3.30979972737758
1.96034660328778
0.973984364987826
0.950683303624481
0.376312141018024
0.471881327694475
1.47728729043608
3.71185907518088
0.980170796779792
1.37359756736919
3.39263453450305
4.32933720130952
0.56854589726562
2.305640021903
3.84351007188377
0.769529202055151
1.9246676686123
3.64778115643167
2.44394347162513
1.74845339205201
0.371335500332042
5.8846830473128
7.45339659571494
1.42136474316405
1.22047417659874
3.42818030361283
7.08148742325214
1.78573509023336
5.18565120641245
5.20866100450876
3.82730406720026
0.507487330047881
0.935898780189438
3.63846073188634
0.685051204082345
1.57864690736663
1.64272482611582
1.18001421364743
4.59846446005616
2.20373003390305
1.56932648282129
3.69438327915837
0.293593373178148
0.288933160905479
1.1883541295306
11.0327058357508
6.50099612037328
2.13903743315508
5.66099285822469
4.01425314273066
0.376312141018023
2.11486211596939
0.605634080132352
5.55888422867662
1.78416226859133
1.85743699975534
0.181748278634092
3.48904267589389
0.29242832010998
0.534759358288771
7.14294036093344
1.87340533361295
1.02630212156163
2.53981568860462
3.95972411543346
2.29822224552328
8.89699055141962
4.44736872764554
3.95186000722333
0.643109293628325
1.08764694231822
0.470681439539571
1.70913285100136
2.10059068190556
12.0913190730838
0.588060536157421
2.47411822958535
8.45922617175213
5.74487667913273
4.01118031526336
0.152621951929911
4.16108617897545
4.82215464914427
1.43528421469598
3.09813183740518
1.40155884100521
2.21214451318258
0.313947316300259
3.64428599722717
0.391199072617758
1.31767502009717
1.85942469679494
4.37477427096804
4.51108547994361
3.42525602041173
0.177055910896743
6.91925017184533
2.17698216303754
3.05645835517809
2.60793820558526
3.26336537229271
7.29812542961332
3.83389838407139
2.23777568068225
1.74641454918271
2.66913657917118
1.1312665291904
0.838838209080423
1.30340312001212
0.646604452832826
0.982139736464996
0.506031945755129
1.6599093588713
2.75302040007922
2.21826104179045
1.34706639637436
1.50612235387322
4.02991856279054
1.56121899502522
5.20167068609975
0.53978073701257
3.84467512495194
1.323500285438
4.23496790278797
2.48855335360526
3.66712103736326
5.64739249472815
4.45727995060174
4.26292917642399
2.20428040497245
0.597407873428634
0.571232393135508
0.283107895564643
3.71380657788962
1.60983351391657
1.49476308645859
0.876445656099638
0.62796360374215
2.94534922465718
0.736313539081705
7.8719723183391
1.35495671827852
1.3805878857782
0.814372094648911
4.22215231903813
3.38865599478057
1.80808034205958
1.35495671827852
0.589505667983178
5.74748301935156
0.816702200785245
3.08972073677956
2.01321170179302
2.94525415632682
2.52933021099111
1.77175445341535
1.65321030372933
4.17904535551595
5.90332389640348
3.7070143185022
1.48777276804958
1.34563629373318
0.800100194563861
3.12107231484393
2.68702760010718
4.65788216653269
2.43555508953433
2.94165414234619
2.5116097538243
0.0978644577260503
11.987135367516
2.20894061724512
7.63355585846936
1.47728729043608
4.85448487178591
0.261845677070591
1.91575955634779
2.01670686099752
0.427283212750341
1.95894015122391
3.60400720002796
2.64117530553517
7.69274055433225
0.991460161010332
0.627963603742151
2.46081705171671
2.49184532755469
0.414758892267544
7.92015786469074
2.44195123087856
2.63750259224308
5.61356249927184
2.1064159472464
2.55729148462712
0.555414700639616
1.35495671827852
3.35535283632169
2.94874931553132
2.08194983281489
2.16321228431955
1.69049200191069
2.62835972178533
0.4785455477497
2.27767874826698
0.135146155907402
1.99293267158319
2.1064159472464
3.56389733552363
0.792236086353734
1.1954726037771
2.33028450595925
3.24933300711847
3.06059441007538
5.00856314005103
4.61710530914684
1.9727960108583
3.4398308342945
4.11030722449408
2.05049339997437
0.279612736360141
2.15914287045774
1.30541679773514
3.84001491267928
2.63683152167582
3.02331271189403
3.53593606188762
1.14662880244195
1.1883541295306
2.27971759113627
0.657292533174888
1.10447030862256
0.801418918131731
1.20058007992264
1.04388754907786
0.890100544079782
0.834177996807756
3.20320669206483
1.06252839816854
1.418290867149
2.77677944380367
4.64428320109981
1.94902892826768
1.62152307387601
5.18565120641246
0.739808698286207
2.63764100054758
0.260971887269465
1.63107429543416
1.30019922407466
4.21109596542123
3.02564281803036
1.18718907646243
1.57434786154509
2.6595248913588
3.06747043677839
1.78486130043223
2.01641559773047
1.13554215744527
0.546118625703402
2.55729148462712
0.711847424650193
0.534468095021728
3.29089091608122
3.15496370859693
0.115340253748559
0.572041056470122
2.3878567683758
0.316894434541494
2.58962170726877
0.725326972143583
1.25386552957487
3.69241433947316
4.37593932403621
3.73166497733972
1.57515174816213
1.49476308645859
6.18963568790559
4.95234932951196
1.32740682488087
0.596507170901633
2.40000932042454
3.956520219496
3.93958256148568
1.76401279228269
0.731315461419266
1.20908030710798
9.79682639544231
5.4932252164086
0.285713420246289
3.91088497431058
1.93864830543031
2.44894154928757
3.41447927953118
1.49599932426922
1.64145491827152
1.28155837498398
4.69399881164587
1.80350214952291
3.33758577703215
1.91023720480468
4.00428739529085
0.987965001805832
1.56117111134412
0.265632099542134
2.7681660899654
4.08719012501019
1.63456945463866
7.11934803630306
2.10059068190556
7.16128994675707
6.48235527128261
7.22798923490965
0.503302925448255
5.41283655470507
6.36002469912505
2.84761105868371
2.29369822795428
11.5235398972423
2.30068854636329
3.05709925087088
1.80233709645474
9.52628289818601
0.932042454533804
4.31885172369602
3.53098458634791
2.44621287849662
5.04909149161742
0.556645579206133
0.443063157526823
3.25004357298475
1.61097713000827
8.02040462293056
7.62032085561497
4.48778441858027
2.28956228956228
2.10059068190556
1.88331993522305
1.03944869688814
2.99273006885464
2.66913657917118
6.91575501264082
3.19097549893397
1.01942143464635
1.17786865191709
5.82876050004078
2.72505912644321
2.1844745028136
1.40155884100521
1.00660585089651
1.61796744841727
0.554565260447613
1.32816049771067
5.70609206249345
0.739808698286206
6.34371523772908
1.5227243600946
2.5013689373551
1.28621858725665
1.0632199736698
5.34142940360933
1.75926217189193
7.0555613808209
4.53964093064439
2.24039705008563
7.02674484172756
1.04738270828236
2.78098167371524
2.24971747463097
0.0233010613633449
0.908741393170459
1.2118765509769
0.681106217888223
2.36156256917503
1.84078384770426
1.85984225181457
3.77071883774306
1.9965630934489
1.54369531532161
4.06836531404006
8.93362692670651
0.450875537380728
2.95224447473583
0.688255100019807
0.821071149790873
1.825640021903
8.98488926170587
2.24971747463097
0.470681439539571
2.68049584658581
0.124660678293896
1.53396059790523
1.3006394976291
1.21515035009845
6.2106066431326
1.31197791059383
1.19767455407594
0.836636258781588
1.21165519089395
0.376312141018023
2.4762572670185
3.20040077825545
1.59699649319027
1.32816049771067
2.05515361224704
2.40088311022567
8.71239488308692
2.97321542996284
7.48197080377012
0.489322288630247
4.97332028473897
2.07845467361038
3.09758484498969
0.260971887269464
4.20700662915196
2.7752845642119
1.55208369741242
1.59345519788427
0.876119907261776
3.99496697074552
1.80233709645474
1.1884822853681
0.519613668402595
6.23070380855848
4.30137592767351
1.20582992555311
1.4629687882283
6.04982931972551
5.36856453811471
0.209709552270106
1.96660957906633
3.94766581617793
2.33360129553901
3.18379877203407
3.75467477543602
1.14262579660503
0.265632099542134
0.135146155907402
2.04043479780504
2.24971747463097
3.1165169573474
3.57525660293826
2.330562371116
1.7882516048606
3.49016112683933
1.27107289737048
2.20428040497245
2.08730907692846
2.38952384281104
0.499516502976711
4.73477566903173
2.63185488098983
4.79856232451388
5.89167336572181
3.00904081180898
4.81152517097154
7.17373690771614
0.517283562266262
0.248389314133257
6.16167441426957
2.4612327426514
4.08584111006257
1.57342036279752
1.34563629373318
1.39511609753824
3.41249577668262
7.8384770426293
4.20351146994745
6.4683746344646
0.685051204082346
2.82841098412033
1.06805727400883
0.288933160905479
6.09905281185558
1.50379224773688
1.74990970838722
3.98768538906947
1.65058893432596
2.01670686099752
1.12194610464507
0.996588608111099
0.726993114536368
1.3012117716962
3.85179359919844
0.574079899339416
2.72681835657614
4.52506611676162
1.88622091736279
2.55656204490114
8.00740973751355
3.17313853646033
0.963739354327592
2.13437722088241
0.795731245558234
0.59738096070276
2.50136893735509
1.48194750270875
4.37244416483171
3.58253818461431
0.625342234338774
1.68117157736535
0.970384351007184
2.86486549462328
6.73954073608053
4.13477333892559
10.3759626250976
11.284704018268
2.50266214626077
6.30410215185301
8.99886989852388
7.44807941001713
0.16864143161721
0.432234688290052
1.76505539827339
0.730197010473826
3.65826663404518
0.121165519089395
1.66253072827467
1.36631598569315
0.439171297752617
1.22563582771195
3.7607913040439
1.94064054617688
1.01433469644542
0.562720631924785
1.99806601190684
2.07262940826955
1.95728915452099
2.64117530553517
9.80661284121492
8.90450060000233
1.77437582281873
1.41087926555054
1.45631633520907
2.92078804189531
1.52388941316277
0.646604452832827
1.37592767350553
2.81331189635688
5.65749769902019
2.04466813463353
3.52312047813778
3.09544114734426
6.44390852003308
1.7184532755467
1.45398622907273
1.65204525066117
0.516118509198094
3.45205224097958
1.28971374646115
1.96078431372549
0.79229422250184
1.26757773816597
1.96415120058718
0.400778255449536
1.76476413500635
5.93128517003949
1.98845432409446
6.72089988698985
4.34797805040019
1.85476448452227
2.45792410844314
1.16738317430359
0.874449687183251
1.60398681159927
3.53593606188762
13.2384980135845
0.991460161010335
4.76623210187224
1.11233441683269
3.06059441007538
0.683886151014178
1.29670406487016
1.25196602705253
3.34020714643552
1.68909393822889
0.51728356226626
3.37865389768504
0.28893316090548
2.05398855917887
3.57438281313714
2.36156256917503
0.0838838209080417
0.951557093425606
1.77437582281873
1.5227243600946
3.27019910756935
1.39843871238336
2.74890776274858
0.587314902193795
1.37942283271003
1.50612235387322
3.80622837370242
0.89349084850815
5.5398273391353
1.69049200191069
2.01670686099752
6.31458762946652
8.73673295818624
4.28575256602938
4.85011592278028
1.73709412463737
0.953887199561939
8.62139270443769
8.61527617582981
0.143301527384571
5.56302354572251
1.10330525555439
4.53322148823879
5.2249717474631
5.90914916174432
1.04914193841529
8.72013095196486
6.2586650821945
8.02022532126338
2.65981615462584
1.89437628883996
3.28428459916349
0.814372094648911
3.81991774725339
0.911071499306793
4.83730033903044
1.05012512669952
0.922722029988466
4.70768818519684
11.1954771474841
1.7184532755467
1.01592627544185
8.73323779898174
5.44778814675009
0.866799482716436
0.638449081355657
1.01942143464635
7.24196987172766
0.512623349993593
3.26680880314099
1.77566903172439
0.450875537380728
3.63030536040917
5.85410040427341
5.0842915894819
3.80915720061049
5.33183029837009
1.22601050877869
4.2323465333846
3.5044796290471
1.20582992555311
2.76204956135752
1.24427667680263
0.961401791851621
5.29260307807021
1.10618748033973
6.78148264653455
2.65986963056168
2.41398995724255
10.246641734531
1.12194610464507
1.49750550487574
3.75543205993033
3.36554705066816
5.87536262276747
1.94214346463482
1.18456770705906
3.73795626390782
0.400778255449536
7.46159402560787
2.52933021099111
4.92438805587595
0.806216723171739
1.07184882271388
5.91264432094881
1.24748057274009
2.49088345974159
3.59302366222781
2.91496277655447
2.81629443221139
0.316894434541494
2.32857047988536
0.683886151014177
1.72893875316021
0.683886151014178
1.9141821909988
2.27418358906248
5.16118509198094
2.22612515000058
2.79962252280591
1.55185068679878
3.56593617839293
2.02602728554285
2.55379632542262
3.14098307177892
6.95300537089464
0.960469749397084
9.0443069681824
3.70919110365477
1.13955005650507
5.65167243367935
5.18215604720795
3.44273181643424
4.27428844383862
4.46694161919075
1.43534537998206
3.19050947770671
1.23971153286032
2.40787342863467
5.81594491629094
2.27418358906248
3.3736558200226
0.895634546153578
5.26953502732049
2.35573730383419
3.30875071359501
2.305640021903
4.27807486631016
3.67574243006769
2.16901879230598
1.978260109748
1.46185488098984
4.20351146994746
5.4207006629152
3.60787808884695
3.03234175666702
6.50682138571412
4.66341616860648
3.1779269045705
3.10370137359757
1.81282257406825
3.07195367749001
0.918061817715798
1.39340346952804
2.86486549462328
1.62524903009332
1.35620693672597
2.08631878182051
6.16429578367294
1.35065767245698
0.935537613738305
2.91816667249193
4.72895040369089
1.21282024396211
5.04584483823238
0.572041056470123
1.1312665291904
2.29282443815316
2.16013654421959
2.98499411648201
3.35207892069482
0.782915661808396
6.29478172730768
1.31417986089267
3.69940465788216
2.59661202567777
2.18796966201811
1.43115118893665
1.31757016532103
3.23291740938799
6.32856826628453
1.60230913518111
0.694371628627685
4.13360828585742
1.78136614122773
2.42884438386168
0.918061817715797
0.520487458203722
0.519625202427967
1.66662006454394
5.21565132291776
1.77437582281873
4.09953048361353
0.75815828410984
1.43884053918656
5.44866193655121
2.07262940826955
2.04204676523016
5.54914776368063
0.639322871156781
0.75815828410984
1.88622091736278
2.85554507007794
1.10330525555439
0.462234804795359
0.124660678293896
5.43846772220474
3.24689804620601
1.18149196695909
0.111845094544057
8.83925762818497
0.741847541155498
1.85825964372677
3.16282781680706
1.82680321088625
3.83389838407139
1.39806368180071
2.47777661272471
1.61010334020715
1.76476413500635
3.48001351461559
0.821071149790872
1.44000559225473
0.963498887374323
0.737187328882829
1.71881444199783
1.92321135227709
4.18953083312945
3.24700290098214
3.05709925087088
7.86993347546981
4.20700662915196
2.61525287476844
2.37292183658965
3.16981813521606
0.655924877378165
1.61709365861615
1.65321030372934
0.264467046473966
0.385341302296319
5.01526219519299
0.541644821921639
1.10330525555439
2.17462968788227
2.33256439830835
1.81867801428354
1.15573264362192
2.978003798073
1.36631598569314
3.10719653280207
2.03039623454848
3.96584064404134
3.65826663404519
0.627963603742152
6.30410215185302
0.788740927149231
3.03050563303158
1.7149581163422
3.00234175666702
0.264467046473968
1.69049200191069
2.81942842496475
0.469225123204361
0.863013060244892
1.98845432409446
3.48438246362122
0.5266039868116
2.585147903487
4.26729812542962
0.980170796779797
1.40592779001084
1.12226521268044
3.08972073677956
1.74397958827025
2.35806740997052
0.898255915556954
3.26807859447997
0.5266039868116
2.60971887269465
2.86452751272821
2.79001083499353
4.55390118019876
2.81805133223819
5.85672177367679
1.95262894224832
2.74952524087472
2.46408723917374
1.72282222455233
0.422914263744714
0.616021809793437
2.88350634371396
2.02719233861102
1.37097619796582
0.95854741183461
0.795731245558235
1.01942143464635
0.252525252525251
0.526603986811602
0.331748861160623
1.88272575815829
1.24427667680263
1.74291938997822
0.509128190789089
1.77437582281873
2.63185488098983
0.946896881152938
2.5864178113313
3.14564328405159
0.879615066466278
1.41087926555054
4.65438700732818
1.09911106450899
2.52000978644577
2.23143779199142
0.227185348292616
0.730488273740867
6.55575361457714
0.77884962660049
2.78302051658453
5.26559004112637
1.56117111134412
5.02487388300537
0.484662076357578
0.984831009052459
2.91729288269081
1.35146155907401
2.52979623221837
6.96235713536752
1.57515174816213
3.00327379912155
1.62607621777172
0.926217189192968
3.03263313643936
1.12194610464507
1.24160870527653
2.50206796919599
1.49214171705521
1.59466638705393
1.02859028578753
1.68117157736535
2.60971887269465
0.739808698286206
1.85476448452227
3.89011219461046
2.22175620099496
2.1273869024734
4.82075658546246
2.36156256917502
3.92389873358731
1.21515035009845
0.600002330106132
2.21913483159158
1.45486001887386
7.46915522002027
0.453100788740928
0.559225472720278
0.344855708177506
5.98720771731153
4.73827082823623
3.43457644495707
6.49983106730511
3.41710064893456
0.75495438817238
7.38265002970885
4.62642573369217
1.7184532755467
3.89710251301946
2.05049339997437
1.84078384770426
1.10330525555439
0.75495438817238
3.71506297111833
0.655924877378166
2.63185488098983
1.12864515978703
0.758449547376884
1.27423019118521
2.08194983281489
1.37359756736919
7.22682418184149
1.3290342875118
1.18456770705906
2.34408677315252
4.79419337550826
0.767769971922218
0.8816817541039
5.9885009262172
4.14643074342038
1.24940291030256
0.744177647291834
2.29631959735766
4.83730033903045
2.74592522689409
1.33136439364813
8.33245954353221
2.25874663590927
2.91276082625563
3.95739400929713
4.93516479675649
4.62816154625844
7.00453205643517
2.04204676523016
4.92118415993849
6.8047837078979
9.67081425558934
10.7126629617979
9.94065907052068
2.62369950951265
2.02107581000315
5.04584483823237
0.498642713175581
1.39427725932916
8.6808104109142
6.1374995631051
3.24350774177764
2.91938997821351
1.27107289737048
0.282816632297605
1.15573264362192
1.85825964372677
1.44087938205585
0.385341302296321
2.3014458308576
4.38945393962694
0.879615066466281
3.85399554949729
4.48232031969056
1.63456945463866
1.62961797909895
3.39263453450305
3.38390828702248
1.41291810841984
1.19621823774073
1.60657777311756
3.37363706266821
1.13243158225857
2.27767874826698
0.46456491093169
1.09136346160567
