102.91
460.08
28.279
103.07
168.76
370.07
41.591
145.68
39.606
98.681
68.462
39.383
46.8
51.523
55.851
51.162
72.706
41.402
60.159
529.14
2113.6
35.228
88.302
94.926
49.361
66.519
187.25
71.179
108.48
112.74
97.49
1192.2
285.15
108.88
216.3
2311.7
373.12
59.049
106.96
56.81
360.02
24.487
88.952
32.088
125.93
155.1
51.599
226.02
5119
314.33
78.291
42.74
2855.1
14.864
154.65
1838.9
49.365
238.68
83.297
51.507
85.764
173.8
302.24
74.043
65.238
75.862
26.335
76.73
67.328
110.91
69.05
116.95
266.73
68.82
72.363
96.008
1888.8
24.726
84.099
660.68
131.4
53.762
46.559
51.847
58.291
65.277
332.05
97.987
52.077
895.27
460.89
103.13
34.06
97.354
64.218
163.56
1870.7
160.63
13.503
47.125
1137.5
154.53
80.758
123.63
118.38
125.12
267.27
69.233
98.424
82.134
20.323
22.098
46.904
64.212
291.92
87.959
275.67
78.416
275.02
251.66
37.495
168.77
42.403
101.46
1446.9
24.517
283.77
38.406
24.289
40.022
15.865
37.352
488.45
228.16
55.453
190.66
273
67.45
85.315
200.35
53.669
485.35
302.72
24.637
89.065
65.879
37.141
125.82
102.65
57.015
26.211
68.791
149.44
155.67
87.024
116.2
328.73
234.4
399.78
1870.2
169.7
58.293
176.35
44.602
68.005
1998.2
2040.8
153.63
54.144
117.37
241.59
121.35
181.79
156.68
375.81
24.466
47.679
53.59
41.944
67.991
41.929
81.208
74.411
179.21
91.004
88.432
324.91
51.207
158.14
271.27
73.904
154.74
42.672
84.707
41.222
157.33
35.578
57.637
224.93
79.593
73.394
64.245
27.951
55.598
117.72
106.01
3702.5
5916.8
1654.6
282.34
35.004
68.932
95.812
24.284
39.553
181.66
56.151
118.33
73.936
56.348
46.018
49.248
80.409
103.27
152.33
150.02
330.16
32.112
124.48
288.92
94.29
127.18
46.997
162.01
222.8
124.4
89.633
139.17
60.288
2517.4
19.703
5264.2
123.37
90.173
124.47
44.762
26.545
106.12
70.736
71.01
332.21
72.538
252.07
141.67
28.952
53.531
49.789
3249.9
2508
79.218
39.526
24.143
120.04
862.54
2334.3
57.502
46.641
32.617
607.08
243.29
72.94
180.71
49.368
44.064
69.523
170.57
2231.4
213.25
140.69
107.37
86.2
145.67
35.131
427.11
88.156
77.488
72.671
514.66
58.927
112.07
46.985
151.26
126.63
124.44
44.512
23.105
29.834
418.73
76.412
36.282
4091.9
14.459
52.153
32.993
45.538
36.911
465.75
252.33
55.575
51.097
149.71
203.24
3502
3614.9
42.73
99.252
94.264
79.804
35.019
1821.5
142.14
168.73
234.41
529.67
58.876
23.439
73.603
65.344
38.517
27.668
633.64
77.482
356.19
126.23
99.914
83.142
163.11
64.773
199.07
6273.9
5282.6
23.133
179.18
67.548
127.1
123.54
475.16
25.557
555.16
468.53
32.126
235.28
61.639
92.474
30.475
28.206
14.684
64.17
95.818
62.296
48.357
290.45
37.231
194.73
3379.4
93.502
78.288
103.04
392.76
50.845
1179
1077.6
5754.2
65.579
143.23
86.541
4793.7
222.94
74.627
49.636
369.89
40.363
56.037
144.92
101.76
397.33
203.9
123.28
113.7
94.198
109.51
102.15
47.778
73.421
48.197
47.794
51.372
44.122
28.103
41.62
63.247
39.353
6730.5
115.27
95.311
142.84
131.87
66.281
209.07
88.439
136.61
255.42
63.732
1543
117.38
45.274
71.131
35.618
51.914
65.525
48.534
28.186
101.15
267.52
58.088
79.564
196.08
189.94
37.687
93.682
87.359
55.693
156.25
130.99
32.767
61.443
132.51
72.225
291.69
55.294
54.186
42.378
125
106.88
27.846
159.07
926.45
174.29
131.1
33.8
11.852
37.979
94.639
55.117
25.718
167.22
26.608
71.172
340.82
90.882
77.247
85.491
71.373
147.9
67.38
202.58
333.96
42.358
249.38
99.214
3113.7
24.209
64.934
70.64
46.148
61.602
27.11
178.66
992.45
310.95
341.65
135.88
30.953
210.59
392.37
77.565
20.451
86.249
101.26
442.67
91.85
79.955
343.11
149.39
241.42
105.27
112.37
52.967
56.944
153.33
38.07
81.925
58.501
86.382
47.009
37.435
1848.2
91.904
28.457
16.972
55.896
977.73
45.528
131.11
118.17
57.801
147.67
136.02
199.59
380.86
66.454
88.27
2150.1
57.97
254.08
44.96
4107.2
54.068
99.84
74.867
222.53
177.62
126.36
147.11
470.84
7917.5
163.5
175.76
75.383
101.77
233.1
76.125
77.917
260.11
161.46
40.718
72.089
40.62
2.9003
49.79
1323.7
749.49
132.99
54.231
978.67
66.803
246.33
44.437
47.053
125.53
272.63
82.308
195.78
175.11
1187.4
241.53
37.555
55.994
114.42
224.37
109.89
155.51
85.684
105.67
175.26
100.02
101.46
70.197
88.475
236.65
66.68
103.95
172.09
59.782
99.779
98.809
117.18
437.05
56.029
41.935
88.699
211.39
2070.7
95.34
74.03
590.87
38.538
111.69
150.72
175.72
31.897
45.127
42.967
70.621
162.19
354.62
52.749
120.43
36.51
24.089
232.2
78.645
238.36
205.77
86.863
241.43
56.928
102.22
155.06
3372.1
5671.6
79.671
4886.2
57.656
35.672
45.512
114.12
56.211
6820.8
5280.5
2098
6261.6
636.71
3049.9
140.63
9.248
82.129
151.75
240.86
81.783
249.54
231.92
115.12
55.251
85.561
1317
46.456
28.55
51.462
188.44
119.2
32.874
212.03
517.7
107.39
32.738
94.663
129.3
149.41
34.02
237.97
292.52
31.461
416.56
95.119
80.079
39.121
39.552
601.82
77.036
230
26.99
49.119
374.29
93.065
2205.4
100.49
65.28
294.36
43.857
54.03
99.91
189.38
108.52
28.169
184.8
16.187
118.95
409.16
164.67
41.503
116.98
166.7
94.007
3664.2
145.88
39.706
41.07
115.8
62.557
208.14
74.801
379.04
4430
205.56
91.306
119.95
114.03
270.5
76.647
13.9
33.231
171.4
843.03
721.44
127.14
531.66
58.259
71.053
319.41
209.74
123.3
130.7
665.11
81.68
430.06
203.66
114.09
577.41
69.224
173.84
250.06
52.387
88.361
37.808
117.1
92.948
122.06
34.929
122.92
180.03
39.229
23.772
157.46
444.72
208.86
39.65
136.22
372.62
140.02
496.2
476.71
78.77
132.78
95.734
75.694
21.96
100.83
59.584
87.57
35.638
59.58
168.5
68.643
89.309
97.799
205.08
140.76
47.836
20.929
29.785
711.16
62.132
126.79
179
447.27
113.71
126.57
112.31
3003.3
67.612
184.44
171.42
16.099
110.11
43.114
73.99
120.91
4310.6
40.989
69.184
296.7
35.398
377.31
8.9166
30.478
146.77
69.765
43.962
249.03
217.19
2746.2
4275.5
19.049
71.279
805.83
62.184
59.385
3903.6
3940.2
89.541
20.875
51.98
146.82
312.85
159.33
93.97
187.94
68.482
825.77
665.78
143.3
43.771
39.387
73.181
20.37
148.11
336.71
92.866
131.6
73.525
1426.4
181.38
634.19
100.14
163.4
144.57
218.64
3726.3
1411.3
102.36
91.795
99.382
74.568
33.844
163.74
292.45
86.781
111.65
252.5
26.911
1941.7
90.04
67.959
100.57
169.8
47.996
71.878
514.7
32.052
26.302
182.07
38.094
181.09
92.349
55.973
57.364
83.35
3225.8
148.75
63.433
37.789
14.118
88.464
5229.2
2546
37.12
666.54
66.563
32.324
188.43
141.7
79.082
21.063
92.02
2529.5
521.81
108.52
473.89
40.565
78.335
79.399
91.944
58.19
159.11
179.54
3804.6
389.31
86.299
103.32
38.971
1767.7
93.718
105.89
140.86
118.27
39.326
73.19
86.192
34.671
66.856
99.277
1935
157.98
106.38
30.076
37.573
85.217
164.43
107.75
190.72
5.8939
18.301
44.56
114.02
128.33
142.54
37.15
109.81
28.709
130.65
63.851
124.11
416.73
493.03
82.216
52.953
3995.7
91.631
105.65
419.94
403.56
342.47
222.59
248.4
54.77
3162.1
2263.1
11.684
31.354
271.21
2218.7
1450.9
0.50393
96.686
125
129.71
102.27
300.66
4177.6
74.331
26.894
125.7
63.518
5928.1
39.072
80.667
659.99
100.22
101.7
41.32
199
98.269
110.69
40.945
205.85
60.751
43.796
83.779
92.818
63.984
105.33
34.745
42.207
98.36
29.355
148.92
109.18
54.573
166.14
76.465
126.69
38.995
36.463
58.567
99.595
50.825
61.12
103.04
67.671
58.51
59.409
17.5
337.02
219.71
269.69
3622
341.62
158.09
547.98
129.81
135.99
134.73
3394.3
54.456
48.667
97.216
10.871
164.36
118.57
61.017
23.188
79.225
2171.9
45.732
242.98
83.808
169.69
109.16
364.6
264.34
344.74
76.206
166.15
