0
0.0407768573858559
1.34464927026309e-32
0
0.0233010613633449
0
0
5.37859708105235e-32
0
0.0372816981813519
0.0372816981813519
0.0419419104540233
0.0128155837498397
0
0.0419419104540209
0.0407768573858536
5.37859708105235e-32
1.34464927026309e-32
0
0.0372816981813519
0.0233010613633449
0.0419419104540233
0.0233010613633449
1.34464927026309e-32
0.0314564328405157
0.0128155837498397
0.0279612736360147
0.0372816981813519
0.0372816981813519
0.0372816981813519
0.0128155837498397
0.0372816981813519
0.0372816981813519
0.0128155837498397
0.0407768573858536
0.0407768573858536
0.0314564328405157
0.0128155837498397
0.037281698181354
0.0372816981813519
0.0314564328405157
0.0407768573858536
0.0314564328405157
0.0314564328405157
0.0419419104540209
0.0128155837498397
0.0372816981813519
0.0419419104540209
0
0
0.037281698181354
5.37859708105235e-32
0.0407768573858536
0
0.0372816981813519
0.0419419104540209
0.0128155837498397
0.0407768573858536
0.0128155837498397
0.0128155837498397
1.34464927026309e-32
5.37859708105235e-32
0.0314564328405157
0.0372816981813519
0
1.34464927026309e-32
0.0233010613633449
0.0128155837498397
0.0314564328405157
0.0594177064765296
0.0419419104540233
0.0128155837498397
0.0419419104540209
0.0314564328405157
0.0372816981813519
0.0372816981813519
0.0372816981813519
0.0372816981813519
0.0407768573858536
0.0233010613633449
0.0419419104540209
0.0314564328405157
0.0372816981813519
0.0314564328405156
0.0372816981813519
0.0128155837498397
0.0594177064765296
0.0233010613633449
0.0233010613633449
0.0279612736360139
0.0419419104540209
0.0407768573858536
0.0407768573858559
0.0314564328405174
0.0932042454533797
0.0594177064765296
5.37859708105235e-32
0
0
5.37859708105235e-32
0.0128155837498397
0.0179440308506054
0.0233010613633449
0.0407768573858559
0.0128155837498397
0.0233010613633449
0.0314564328405157
0.0314564328405157
0.0407768573858559
0.0372816981813519
0.0128155837498397
0.0233010613633449
0.0419419104540209
0.0419419104540209
0.0233010613633449
0.0419419104540209
0
0.0128155837498397
0.0407768573858536
0.0652429718173669
0.0419419104540209
0.0378758752461166
0.0419419104540209
0.0314564328405157
0.0279612736360139
0.040776857385856
0.0372816981813519
0.0314564328405157
0.0314564328405157
0.0419419104540209
0.0652429718173658
0.0407768573858551
0.0512623349993589
0.0233010613633449
0.0594177064765296
0.0378758752461166
0.0128155837498397
0.0314564328405174
0.0512623349993589
0.0687381310218676
0.0279612736360139
0.0419419104540209
0.0233010613633449
0.0419419104540233
0.00431116237344669
0
0.0233010613633449
5.37859708105235e-32
0.0372816981813519
0.0407768573858536
0.0314564328405157
0.0233010613633449
0.0233010613633449
0.0419419104540209
0.0372816981813519
0.0128155837498397
0.0128155837498397
0.0128155837498404
0.0407768573858536
0.0128155837498397
0
0
0.0314564328405157
0.0233010613633449
5.37859708105235e-32
0.0407768573858536
0.0233010613633449
0.0314564328405157
0.0512623349993588
0.0314564328405174
0.0407768573858536
0.0407768573858536
0.0279612736360139
0.0559225472720278
0.0594177064765306
0.037281698181354
0.0372816981813519
0.0372816981813519
0.0372816981813519
0.0314564328405157
0.0314564328405157
0.0407768573858559
0.0314564328405157
0.0419419104540209
0.0419419104540209
0.0407768573858536
0.0314564328405174
0.0407768573858559
0.0406720026097183
0.0520558526440876
0.0407768573858536
0.0128155837498397
0.0314564328405157
0.0128155837498397
0
0.0314564328405174
0.0128155837498397
0.0407768573858536
0.0419419104540209
0.0128155837498397
0
1.34464927026309e-32
0.0372816981813519
0.0407768573858536
0.0407768573858536
0.0372816981813519
0.0233010613633449
0.0372816981813519
0.0419419104540209
0.0419419104540209
0.0372816981813519
0.0372816981813519
0.0419419104540233
0.0372816981813519
0.0128155837498397
0
0.0279612736360139
0.0233010613633449
0.037281698181354
0.0233010613633449
0.0279612736360139
0.0407768573858536
0.0381554879824773
0.0687381310218676
0.0407768573858559
0.0559225472720294
0.0559225472720278
0.0652429718173658
0.0419419104540209
0.0407768573858536
0.0407768573858559
0.037281698181354
0.0687381310218675
0.0407768573858536
0.0687381310218676
0.0687381310218676
0.10718488227139
0.0838838209080442
0.0233010613633449
0.0314564328405157
0.0419419104540209
0.0314564328405157
0.0233010613633449
0.0128155837498397
0.040776857385856
0.0407768573858536
0.0233010613633449
0.0128155837498397
0.0314564328405157
0.0314564328405157
0.0233010613633449
0.0279612736360139
0.0279612736360139
0.0372816981813519
0.0407768573858536
0.0419419104540209
0.0407768573858536
0.0407768573858536
0.0419419104540209
0.0512623349993588
0.0512623349993588
0.0419419104540209
0.0512623349993598
0.0594177064765296
0.0559225472720278
0.0407768573858536
0.0687381310218676
0.0419419104540209
0.0419419104540233
0.0594177064765306
0.0559225472720278
0.0419419104540209
0.0559225472720278
0.0594177064765296
0.0687381310218697
0.0407768573858559
0.0594177064765296
0.0372816981813519
0.0407768573858536
0.0512623349993589
0.0407768573858536
0.0314564328405157
0.0873789801125435
0.0792236086353728
0.0594177064765296
0.0873789801125435
0.0873789801125465
0.0792236086353746
0.0128155837498397
0.0279612736360139
0.0233010613633449
0.0314564328405157
0.0419419104540209
0.0407768573858559
0.0419419104540209
0.0512623349993589
0.0372816981813519
0.0407768573858536
0.0407768573858536
0.0559225472720294
0.0233010613633449
0.0419419104540209
0.0512623349993589
0.0512623349993588
0.0419419104540209
0.0559225472720294
0.0559225472720294
0.0407768573858536
0.0372816981813519
0.0512623349993589
0.0407768573858536
0.0602448941549286
0.037281698181354
0.0407768573858536
0.0966994046578815
0.0966994046578815
0.0419419104540209
0.0372816981813519
0.0652429718173684
0.0658371488821327
0.0838838209080418
0.0594177064765296
0.0512623349993588
0.0407768573858536
0.0372816981813519
0.0419419104540233
0.0407768573858536
0.0372816981813519
0.0594177064765296
0.0512623349993588
0.0687381310218703
0.040776857385856
0.0512623349993589
0.0652429718173658
0.0699031840900348
0.0512623349993588
0.0512623349993588
0.037281698181354
0.0407768573858536
0.0407768573858536
0.0594177064765296
0.0559225472720278
0.0407768573858536
0.0314564328405174
0.0372816981813519
0.0407768573858536
0.0699031840900348
0.0407768573858536
0.0372816981813519
0.0233010613633463
0.0372816981813519
0.0652429718173658
0.0372816981813519
0.0407768573858536
0.0407768573858536
0.0966994046578815
0.0687381310218693
0.0652429718173658
0.0966994046578815
0.0419419104540209
0.0637866554821568
0.0372816981813519
0.0419419104540233
0.0687381310218693
0.0512623349993589
0.0652429718173658
0.0873789801125435
0.0687381310218676
0.059417706476532
0.0419419104540233
0.0652429718173658
0.0687381310218676
0.0512623349993589
0.0407768573858536
0.0594177064765306
0.0687381310218703
0.0407768573858536
0.0419419104540209
0.0873789801125435
0.0652429718173658
0.0792236086353754
0.0687381310218703
0.0838838209080418
0.0699031840900348
0.0966994046578815
0.0594177064765296
0.0792236086353728
0.0652429718173684
0.0407768573858536
0.0407768573858536
0.0652429718173658
0.0873789801125435
0.0372816981813519
0.096699404657884
0.0512623349993589
0.0687381310218676
0.0594177064765296
0.0652429718173658
0.0407768573858536
0.0407768573858536
0.0687381310218676
0.0687381310218676
0.0777672923001637
0.0873789801125435
0.0381554879824773
0.0978644577260499
0.0407768573858559
0.0966994046578841
0.0652429718173658
0.0687381310218676
0.0652429718173658
0.0687381310218676
0.0687381310218693
0.0792236086353754
0.0687381310218676
0.0792236086353728
0.0652429718173658
0.0419419104540209
0.0419419104540209
0.054291006955368
0.0594177064765296
0.0792236086353728
0.135146155907401
0.0687381310218676
0.0594177064765296
0.0687381310218703
0.0594177064765296
0.0512623349993589
0.0419419104540209
0.0594177064765296
0.0747193969685326
0.0652429718173669
0.0687381310218703
0.0652429718173658
0.0687381310218676
0.0687381310218676
0.0407768573858536
0.0381554879824795
0.0687381310218676
0.0594177064765296
0.0419419104540209
0.0512623349993589
0.0652429718173658
0.0687381310218697
0.0838838209080418
0.0407768573858536
0.0792236086353728
0.0397399601551846
0.0314564328405157
0.0314564328405157
0.0419419104540233
0.059417706476532
0.0873789801125435
0.0932042454533797
0.0372816981813519
0.0838838209080418
0.0792236086353754
0.0792236086353746
0.0382206144489881
0.0966994046578815
0.0407768573858536
0.0652429718173658
0.0873789801125435
0.0792236086353746
0.0594177064765296
0.0407768573858536
0.0873789801125435
0.0687381310218676
0.0419419104540209
0.0652429718173658
0.0687381310218687
0.0687381310218676
0.0407768573858536
0.0512623349993588
0.0966994046578815
0.0966994046578815
0.0838838209080418
0.0873789801125435
0.0792236086353728
0.0966994046578815
0.0792236086353728
0.0792236086353728
0.0407768573858559
0.0594177064765296
0.0407768573858536
0.111845094544056
0.0687381310218676
0.096699404657884
0.0687381310218687
0.0687381310218676
0.115340253748557
0.0932042454533797
0.0594177064765296
0.0792236086353728
0.0687381310218697
0.0792236086353746
0.0407768573858536
0.0838838209080418
0.0372816981813519
0.0407768573858536
0.0652429718173684
0.0559225472720294
0.0932042454533797
0.0652429718173658
0.0838838209080418
0.0966994046578815
0.112718884345182
0.0966994046578828
0.0652429718173658
0.0687381310218676
0.0873789801125435
0.0652429718173658
0.0652429718173658
0.0594177064765306
0.0792236086353754
0.0792236086353728
0.0838838209080418
0.0594177064765296
0.0687381310218676
0.0932042454533797
0.0687381310218703
0.0687381310218676
0.0792236086353728
0.0559225472720278
0.0652429718173658
0.0407768573858536
0.0838838209080441
0.0873789801125435
0.0932042454533813
0.0873789801125435
0.0873789801125435
0.124660678293895
0.0687381310218697
0.0419419104540209
0.0419419104540209
0.0873789801125435
0.0594177064765296
0.0792236086353728
0.0419419104540233
0.0419419104540209
0.0594177064765296
0.0419419104540209
0.0966994046578815
0.0873789801125435
0.0966994046578844
0.0652429718173684
0.0838838209080418
0.0966994046578815
0.0873789801125435
0.0652429718173658
0.0792236086353728
0.107184882271387
0.0652429718173658
0.0687381310218676
0.0873789801125435
0.0594177064765296
0.0594177064765296
0.0792236086353728
0.0978644577260519
0.0407768573858536
0.0792236086353728
0.0652429718173658
0.0966994046578815
0.0966994046578815
0.0661167616184925
0.0838838209080441
0.111845094544056
0.0838838209080418
0.0594177064765296
0.0407768573858536
0.0792236086353754
0.0792236086353754
0.0932042454533797
0.0594177064765296
0.0512623349993589
0.0873789801125435
0.0792236086353737
0.0687381310218676
0.0966994046578815
0.124660678293897
0.0652429718173658
0.0792236086353728
0.0699031840900348
0.0873789801125465
0.0966994046578815
0.0792236086353728
0.0978644577260487
0.0966994046578815
0.107184882271387
0.0594177064765306
0.0792236086353754
0.0792236086353728
0.0873789801125435
0.0966994046578815
0.0966994046578815
0.0652429718173658
0.0407768573858559
0.0792236086353728
0.0512623349993589
0.0407768573858536
0.0652429718173658
0.0978644577260487
0.0932042454533811
0.0873789801125455
0.0873789801125435
0.0792236086353728
0.0873789801125435
0.0873789801125435
0.0594177064765296
0.111845094544059
0.0978644577260499
0.0792236086353728
0.107184882271387
0.0792236086353728
0.101068353663509
0.0687381310218676
0.0687381310218675
0.0792236086353728
0.0966994046578815
0.0652429718173658
0.0792236086353746
0.0687381310218703
0.0687381310218676
0.0419419104540209
0.0966994046578828
0.15262195192991
0.124660678293895
0.107184882271388
0.0987382475271742
0.0978644577260493
0.152621951929911
0.111845094544056
0.0687381310218676
0.0838838209080418
0.0652429718173669
0.152621951929912
0.135146155907401
0.0687381310218676
0.0966994046578815
0.0873789801125435
0.13601994570853
0.0792236086353746
0.0687381310218676
0.149126792725408
0.0838838209080418
0.0873789801125435
0.117565505108758
0.108058672072514
0.0932042454533797
0.0800973984364982
0.0978644577260487
0.0838838209080418
0.0792236086353728
0.0978644577260499
0.0687381310218697
0.0978644577260499
0.153787004998077
0.0873789801125435
0.0966994046578815
0.0419419104540209
0.0838838209080441
0.069903184090036
0.0792236086353728
0.0966994046578815
0.0594177064765296
0.0687381310218676
0.0419419104540209
0.0419419104540209
0.0792236086353728
0.0372816981813519
0.121165519089394
0.0932042454533797
0.111845094544056
0.107184882271388
0.0966994046578815
0.107184882271388
0.124660678293896
0.107184882271387
0.107184882271388
0.125825731362064
0.135146155907402
0.124660678293897
0.0687381310218675
0.0966994046578815
0.0966994046578815
0.152621951929913
0.143301527384575
0.107184882271387
0.107184882271387
0.124660678293895
0.107184882271387
0.107184882271387
0.0687381310218687
0.143301527384573
0.0687381310218676
0.149126792725408
0.0699031840900348
0.0966994046578815
0.0407768573858536
0.0652429718173685
0.0932042454533797
0.0838838209080418
0.111845094544056
0.0873789801125435
0.096699404657884
0.0419419104540233
0.0838838209080418
0.0792236086353728
0.0407768573858536
0.0966994046578815
0.0687381310218703
0.0652429718173684
0.0407768573858536
0.0792236086353728
0.0687381310218676
0.107184882271387
0.0407768573858545
0.0932042454533797
0.0966994046578815
0.0687381310218676
0.0966994046578814
0.096699404657883
0.153787004998078
0.15262195192991
0.180583225565925
0.171262801020585
0.143301527384573
0.143301527384573
0.0966994046578815
0.111845094544057
0.0792236086353727
0.180583225565923
0.135146155907402
0.0873789801125445
0.0873789801125435
0.107184882271387
0.096699404657884
0.122039308890522
0.0966994046578815
0.111845094544056
0.0792236086353728
0.107184882271387
0.107184882271387
0.0838838209080418
0.0966994046578815
0.125825731362063
0.0792236086353728
0.124660678293895
0.0699031840900348
0.0792236086353746
0.111845094544059
0.0966994046578815
0.0838838209080418
0.0838838209080418
0.0873789801125435
0.0966994046578844
0.0419419104540209
0.0792236086353728
0.0687381310218676
0.0594177064765296
0.0792236086353754
0.0652429718173684
0.0966994046578815
0.0512623349993589
0.0419419104540209
0.0687381310218676
0.0652429718173669
0.0687381310218697
0.0792236086353728
0.153787004998078
0.180583225565925
0.0966994046578815
0.15262195192991
0.149126792725409
0.177088066361423
0.0966994046578829
0.0882061677909425
0.0873789801125435
0.0966994046578829
0.0966994046578815
0.167767641816085
0.143301527384573
0.152621951929909
0.107184882271387
0.143301527384572
0.152621951929909
0.135146155907401
0.0966994046578815
0.121165519089397
0.153787004998079
0.0966994046578815
0.0838838209080418
0.0965945498817464
0.115340253748557
0.11534025374856
0.10718488227139
0.0932042454533797
0.152621951929909
0.121165519089394
0.107184882271387
0.0838838209080441
0.0407768573858536
0.0966994046578815
0.0792236086353728
0.0594177064765296
0.111845094544056
0.124660678293897
0.153787004998079
0.0652429718173658
0.0687381310218676
0.0792236086353728
0.0792236086353728
0.0838838209080418
0.0873789801125435
0.0792236086353728
0.0652429718173658
0.205049339997437
0.149126792725408
0.208544499201938
0.135146155907402
0.105728565936178
0.14912679272541
0.0966994046578814
0.0966994046578815
0.0932042454533808
0.124660678293895
0.177088066361424
0.0966994046578828
0.111845094544056
0.171262801020587
0.119709202754185
0.124660678293895
0.107184882271388
0.0966994046578815
0.0978644577260493
0.121165519089395
0.0932042454533797
0.0838838209080418
0.0873789801125435
0.0873789801125435
0.135146155907402
0.0966994046578815
0.0932042454533797
0.0652429718173658
0.0687381310218676
0.0652429718173669
0.107184882271387
0.0652429718173658
0.0652429718173658
0.0652429718173658
0.152621951929911
0.0699031840900376
0.0966994046578815
0.0652429718173658
0.0792236086353728
0.0419419104540209
0.094264443745414
0.0873789801125435
0.0966994046578815
0.0966994046578815
0.0652429718173658
0.0687381310218676
0.0873789801125465
0.0687381310218676
0.121165519089395
0.124660678293897
0.0966994046578815
0.143301527384573
0.0932042454533797
0.143301527384572
0.171262801020587
0.107184882271387
0.177088066361424
0.119709202754185
0.181748278634092
0.10106835366351
0.153787004998077
0.0932042454533803
0.152621951929911
0.0966994046578815
0.135146155907402
0.177088066361423
0.111845094544056
0.107184882271387
0.121165519089394
0.107184882271387
0.0932042454533813
0.0591264432094889
0.0873789801125435
0.0966994046578815
0.096699404657884
0.107184882271389
0.0966994046578815
0.0594177064765296
0.0687381310218676
0.0594177064765296
0.0838838209080441
0.0372816981813519
0.0978644577260487
0.0792236086353728
0.0873789801125435
0.0652429718173684
0.0932042454533797
0.0407768573858536
0.0699031840900348
0.0873789801125435
0.0838838209080441
0.0419419104540233
0.0652429718173658
0.0594177064765296
0.0407768573858536
0.0594177064765296
0.0838838209080429
0.152621951929911
0.152621951929911
0.177088066361423
0.0687381310218676
0.124660678293895
0.0966994046578828
0.0966994046578815
0.124660678293897
0.0838838209080429
0.0838838209080418
0.0792236086353737
0.107184882271387
0.0978644577260487
0.107184882271388
0.0873789801125445
0.107184882271388
0.143301527384573
0.124660678293895
0.0838838209080418
0.0966994046578815
0.0873789801125435
0.0687381310218689
0.087378980112545
0.124660678293897
0.0594177064765308
0.0966994046578815
0.0838838209080418
0.0966994046578815
0.0873789801125465
0.0594177064765296
0.0652429718173658
0.0800973984364982
0.0687381310218676
0.096699404657884
0.0594177064765296
0.0687381310218676
0.0594177064765296
0.111845094544056
0.0687381310218676
0.107184882271387
0.0594177064765296
0.0792236086353728
0.0407768573858536
0.0932042454533819
0.0687381310218703
0.0873789801125435
0.0873789801125435
0.109177123017954
0.0792236086353741
0.0419419104540209
0.0372816981813519
0.0652429718173658
0.0652429718173658
0.0652429718173672
0.0792236086353728
0.0559225472720286
0.0407768573858548
0.0687381310218676
0.0838838209080418
0.0652429718173658
0.0419419104540209
0.121165519089395
0.0838838209080429
0.0652429718173663
0.0966994046578829
0.0792236086353728
0.0407768573858536
0.0966994046578815
0.0372816981813519
0.107184882271388
0.0594177064765308
0.096699404657882
0.0792236086353737
0.115340253748557
0.096699404657882
0.0966994046578821
0.0687381310218676
0.107184882271387
0.152621951929912
0.0966994046578815
0.124660678293895
0.121165519089394
0.111845094544056
0.0792236086353746
0.0792236086353728
0.0873789801125435
0.0873789801125435
0.0594177064765296
0.0873789801125455
0.111845094544059
0.111845094544056
0.0873789801125435
0.111845094544056
0.0687381310218676
0.0652429718173669
0.0932042454533797
0.0687381310218686
0.0838838209080418
0.0873789801125445
0.0873789801125435
0.0873789801125435
0.0838838209080429
0.0372816981813519
0.0314564328405166
0.0687381310218687
0.0233010613633449
0.0652429718173663
0.0559225472720278
0.0559225472720278
0.0594177064765301
0.0372816981813519
0.0419419104540209
0.096699404657883
0.0652429718173658
0.0652429718173658
0.177088066361423
0.149126792725408
0.0873789801125445
0.096699404657883
0.143301527384572
0.135146155907402
0.0978644577260493
0.122971234839742
0.180583225565925
0.143301527384571
0.12669952116319
0.115340253748559
0.0838838209080418
0.0987382475271742
0.107184882271389
0.107184882271389
0.0966994046578815
0.0978644577260487
0.149126792725408
0.180583225565923
0.0838838209080418
0.0792236086353728
0.153787004998077
0.0873789801125435
0.191068703179433
0.0687381310218687
0.0932042454533797
0.0932042454533797
