0.222041755501959
15.2800023301062
18.7770228233896
13.0210398098634
16.5484137802477
1.19797094357648
0.478836811016743
19.7534747707758
0.768935024990389
14.2357834399357
11.5235398972423
8.44625214078501
8.763592557641
0.544079782834109
0.159083219740662
2.50111215965886
1.58493481528083
0.847703214381417
7.66138897626787
19.6043479780504
0.0873789801125435
5.28573520673866
17.2068173080284
0.81437209464891
23.1576958745471
8.52923828830413
8.66082404203515
0.526603986811601
15.0524856407209
7.73744597066393
0.686059091491626
20.6356588957627
1.33151398646208
6.6675987091212
0.588374634464596
15.4474386308296
0.153787004998079
12.5126699521163
18.5523050574954
1.65602076124568
25.2300456700802
15.290156466627
2.3425548448732
18.0583225565924
1.6115741032004
8.98838442091037
0.987965001805832
6.38555101184876
13.5445579206133
2.44544639008307
7.61503512634999
12.9766406859833
20.4245453380402
10.0229515454429
0.453980520312698
3.24504374774271
2.52950858061584
0.480334020714643
18.5231787307912
7.6134353919821
0.425001572821642
6.44339822678921
0.209008656344295
24.5173767665117
1.16942388125779
7.85213274614658
13.5425768643762
17.3034706930901
25.3455524099123
0.515333146924842
16.6537666165694
17.0676308645859
16.1270200272623
1.37359756736919
16.4627982244591
12.9029627299523
5.14021413675393
6.37517038901122
3.45205224097958
8.36042081716822
23.9581512937914
16.6938851024664
1.07534398191838
1.77087087716846
0.987965001805831
1.14246781540899
8.40658616149964
31.053258769937
13.1977211561987
13.204437803642
23.8090939382288
14.6040030058369
0.288933160905479
24.5628138361702
1.23961646452996
18.4579357589738
11.1985175864762
8.03179010403924
2.20894061724512
14.0400545244836
0.78232043619587
1.94852049910873
11.6971328043992
17.3122463388208
8.77517970943577
12.7636484801883
23.1833910034602
0.97994757261193
20.4257103911083
10.4788828306129
16.9007286241888
0.569374949028921
1.55185068679878
0.4678772733098
7.02666620064544
0.440305709925087
18.187643447159
3.2435789265201
22.158144303473
30.4671102023697
28.9247725233885
6.53779443803666
0.440026097188728
0.708614518891343
4.887262940827
1.19435310428391
2.78098167371524
1.00768364148987
2.50302610883926
1.35146155907401
1.1438317430359
7.35593815898316
12.702851350879
0.841707035755476
17.9607436533734
0.733067584728488
8.34527512728205
0.283107895564643
30.3973996015519
1.64505493225216
7.96430277399135
17.4816794239978
2.45182901681172
4.13994850465439
18.2820127456806
5.20874302424474
6.84585182855079
11.7832437407524
9.88314517726283
0.107184882271387
19.0287674903592
0.510998217468808
1.11478091177053
1.19903288944812
0.404273414654037
6.15546747754361
4.00999743688326
12.8281023615626
5.35341884822854
20.1384822853681
11.5060641012198
12.3315381030606
3.90256369927648
15.0296594549882
0.763156361772281
15.5784483823238
11.7845117845118
11.0563587431407
14.8158661587035
19.5542506961192
13.3345555905072
8.38838209080424
0.456700802721562
5.81594491629094
0.182057134202459
24.7597078046905
9.41542576864376
0.180583225565925
3.59185860915965
1.1829534095278
10.2600426409423
10.9747999021355
17.0013550732236
2.23125499516502
9.96016112683934
2.21186490044621
0.096699404657883
20.8171682220125
0.988421236587323
8.25116773269024
1.41087926555055
9.32391970454255
16.9119103375159
16.0331434296832
13.3119131336432
6.91925017184533
13.6124800484662
17.7037562475971
9.61401791851619
9.25349644076288
19.9568273274848
0.511304975941656
14.8847179989048
6.77479104773226
4.26302051658453
23.6269978912539
12.1584938193935
10.6101382917992
0.43339974135822
0.432234688290052
13.2626747288339
0.0407768573858536
19.0482243426188
9.07690643458809
0.997268067060459
9.0773045332215
24.2960479069822
0.834177996807753
0.511018372886884
4.03573404168565
16.8200634953922
3.60234408677315
1.94424650192816
0.342490533943823
1.09398483100905
9.9405640021903
0.300537555485653
15.2528747684457
7.51664872484942
0.618643179196812
23.091351811075
15.7002551466219
3.97310812857525
15.4381182062843
1.94263558305081
3.58836344995514
1.44085375088835
15.3635548099216
20.7122360863537
11.9693316090548
4.90381601481947
4.8780771964163
8.10037910826838
11.5657795952608
5.37859708105235e-32
0.442762573835241
1.34464927026309e-32
11.1678066710939
6.87403154963709
18.9008870714061
0.494713571703188
1.28155837498398
12.2872442999779
7.81401092819777
10.5821770181632
14.7029697202707
19.941483578577
4.79069821630375
22.7697971642608
23.5433924015239
1.10330525555439
12.16099297473
10.2478067875992
7.61828201274568
16.9726416413268
12.5417640068505
15.178311372083
9.35188097817856
6.38449081355656
0.0687381310218675
15.8345419593862
0.843221138722876
1.18718907646243
14.7076299325434
22.2606689734717
13.1546141926765
1.78142800554564
0.535782740903848
1.22959514405881
0.596507170901636
0.754184987126157
9.52167860846062
19.6815658313236
0.506798084652756
0.596507170901634
19.9037666165694
15.4721306490511
11.0330445166778
4.6928337585777
10.5216468025119
5.60735195088137
18.131720899887
16.4225880488856
1.42963324129413
15.6818383372362
15.178413896753
21.7666864725688
11.8141846376102
10.7447777661273
0.0407768573858536
14.4315123553878
7.24196987172766
15.7877938555101
1.01010101010101
16.3011704123123
16.6034094112987
0.029039064229376
0.500569594445023
13.3375275243787
0.960003728169818
7.41212948399803
1.24466941619191
10.3198465625109
23.3849451842531
0.372816981813521
13.8894830659537
25.2847068143954
2.49204851280976
26.4010368972306
19.4645416098703
12.4555823517761
16.7828275837965
12.9611669171531
18.3715125883984
15.8030420700663
10.395859867417
1.42295154544292
6.37517038901122
17.4234846737269
6.43555695361924
1.97921591928513
0.48815723556208
0.842333368284925
20.200855148952
7.77672923001643
11.5450486409656
8.27727086318782
0.283107895564644
8.97869304346811
11.8325412137522
11.1660339263454
22.3538732189251
23.263548868151
0.315799750678644
10.2978639917048
0.111845094544057
15.2249134948097
8.91917689000734
18.075798352615
18.7396507170902
10.35630340312
21.7107639252968
12.4325939906563
3.68622790768119
11.9348036303054
17.5410389943262
20.6741388510246
12.3816307247795
6.69812822574067
18.7865565691517
14.9694465997926
2.56225216408606
18.9425978353314
0.280667225892137
7.54389698600772
11.9243181526919
11.7718121235422
16.3812305290506
12.1154440599769
10.3864481027111
2.49950706604686
11.9078699334755
3.40386145188914
24.3071689210443
23.0066459287221
22.3609297123484
1.25825731362064
3.970500856314
8.05161779269046
6.90992974729999
17.3976036023441
11.4781028275838
1.03154730697983
13.0092075309029
2.12855195554158
0.0233010613633449
17.0843381916046
16.258315566274
11.2650466603754
1.3269954446425
3.77826710006641
8.81129635454895
17.5690002679622
8.95707373620869
25.7896147169504
18.2366707443524
10.9493812403155
9.80326727482437
17.3597590670255
8.41020714643553
4.94762468980463
15.4172572320669
7.92585602274184
20.1725363205294
20.535400020971
15.5627344960563
9.35833024594269
6.38798597276106
8.59504514580639
22.3363974229026
0.0407768573858536
15.4416593850848
12.9776682627894
1.5227243600946
11.0221923968637
20.2579427492922
3.40661517132105
11.4950077476029
19.162792865215
17.09365861615
9.42185126932531
26.2842291426374
14.3305982547505
12.3608663334615
2.71970209593047
10.0101359616931
15.8865400253982
10.4330502254378
0.963498887374319
2.02860566448803
11.6204092831429
1.00194563862384
6.21386308296342
9.06877308261392
11.9487842671234
23.2206727016415
8.83587571213871
4.10537334125569
0.416861929560898
10.6346044062307
11.5887828690597
19.2501718453275
17.0620791537054
3.25632332552748
7.61828201274568
6.98055747789313
16.9853086808104
29.7337959759067
12.8965571516783
24.0335926741463
0.674565726468844
10.9776114081996
1.47763867044144
1.3840830449827
0.124660678293895
25.104563512868
11.4306637307329
11.7421759696154
1.48516118509198
2.04466813463353
10.3887990632973
2.4690666759871
8.91950461943542
0.358836344995513
22.5580818566286
1.7930166719094
12.2843195507555
13.5862915195787
19.3340556662356
18.4198930481283
0.177088066361423
5.58199247375718
16.9014248599024
8.15470448428927
15.4391066373073
11.5486410821013
8.27038866170352
4.98992229096035
0.0559225472720283
0.349515920450176
10.7219833863432
14.045411438491
8.05392459776543
11.234270735032
12.3623781063228
17.652959933825
10.4517771719502
13.8536828492538
19.7534747707758
13.6900124660678
0.0687381310218676
23.1479569629397
19.4837044027356
23.1367888807335
9.8237274707863
25.1942534922466
12.7444310463341
8.88702480397982
0.283107895564641
1.85664942388125
12.8245400953013
8.65284913727821
13.2150164855009
15.1365683361877
0.037281698181353
11.8898441158995
19.7906520802023
1.06602355737304
17.0723440867732
17.825311942959
6.58021972900865
2.45447555136136
5.24899467570747
0.219029976815443
19.4312130532546
17.3208439644426
0.0314564328405157
9.45440564817727
6.8548572227465
9.81491966959096
9.00146225810584
0.0652429718173658
2.40998730092156
1.29296424452133
16.8445031631191
26.9841365209185
18.6734705765848
18.3881984784407
11.3450326797386
15.567907331679
23.7204165064718
22.5181457015367
14.783803315741
10.246641734531
8.94074540095301
0.778255449535724
16.3981219344541
5.90332389640347
9.54634184987126
2.08311488588305
0.772266494238811
2.60828865354817
2.59441601714957
13.8641315111903
11.718487178591
15.1717796185616
24.025529924388
13.2517156571482
1.35844209103724
14.0428761665094
0.907576340102295
27.7783603043119
0.377477194086189
1.27146854939244
6.69206482355271
1.4648830869246
6.29841482879545
0.343938927918169
0.432217328999329
10.0224664173453
1.6437122085911
0.702527000104854
10.2315915789964
0.431124975242624
0.752190299768151
3.07923525916606
15.2995374739319
18.1191442685214
1.94214346463481
0.854399939417238
28.9761261985483
18.6503180594876
12.0764880640313
10.0435118194634
3.95101138256846
0.95941234723242
9.74333880908275
0.398882830612939
6.73326343014925
16.7209044306968
23.4469049200191
17.4469982407698
25.5397136299558
13.9095685808489
10.0270926100684
17.8875885731595
0.601167383174305
11.8870364545105
12.3437431990027
2.0642898419023
27.3144467745506
1.36984889261707
1.05718068808034
15.5863244905805
17.6698149895728
0.498642713175588
2.09598219798911
23.7484417415213
17.4606503326227
16.0661242179581
16.1651113208207
11.6927386902473
1.18093728519335
1.07122388824812
0
9.37094124637378
13.7423294071045
35.6609149161745
15.8948190090059
26.2445423089022
0.610586138198594
12.4101452821176
0.736313539081705
0.596507170901634
8.16830577982827
8.91575256602938
6.62682185173535
3.24266179674484
14.3569489590251
15.8388964617338
8.1371458529936
11.1235520137942
20.1825101068354
0.0314564328405157
14.0174963009565
10.1872240280545
0.0233010613633449
1.08322486689269
5.72174152132631
0.978644577260493
4.97353360595573
9.97770601050878
7.913040438992
0.858705975557186
0.7223329022637
19.2688126944182
0.935537613738308
0.153787004998079
20.1193275313691
31.8432304591474
33.7911991891231
13.970068738131
0.582526534083628
1.16039285589458
27.2150133398576
19.9996639986951
0.0064603357682928
23.119313084711
12.7803525450584
1.23353244090268
14.9815087437233
10.7930516235014
9.05945265806858
25.0936002469912
20.095276641851
2.21488238789278
11.5205382545175
0.283107895564642
9.3091900551069
1.05786818589587
2.51651462724127
1.37139375298545
0.292428320109981
0.973450654177296
1.44932601680006
0.460195961926065
32.9921941444433
11.8354407978283
2.20044551629327
2.06058322556593
9.14493155313225
0.562720631924784
0.124660678293897
9.83249099996505
22.0095860566449
16.3364499667959
10.010710449361
9.70605711090141
9.35798818636186
9.25238358207217
0.932042454533803
10.1639229666911
18.4952174571552
3.41327589621708
11.813638111216
3.00117670359884
16.497054512833
27.67723183391
13.3764285298195
0.0314564328405157
2.2314885883052
12.3652062726457
1.02706360024699
17.016045576876
2.03651276315636
0.799320890566567
31.9800257476728
12.9362594806194
18.9332774107861
11.8404343317838
0.646386704414384
1.01159821979891
4.15325702235738
11.7751913599664
8.77517970943577
0.325250661167616
5.10969755222349
2.07845467361038
17.7379025549614
1.24278773898152
11.0575186699754
1.35240105786818
1.86874512134028
1.88622091736279
17.2182517213659
10.0136311208976
8.75537380727692
0.0699031840900348
17.1756760220428
7.73493306770123
9.15615206272646
11.3645021145713
9.01809921591929
6.32221301830299
1.77437582281873
8.48185662856945
7.64624328638169
13.1546141926765
16.2769564153647
19.4058456537695
11.5188436848299
18.7153122924749
29.5059395570468
6.06442510456352
1.68371733482459
1.11159856931483
0.444209569745903
1.51599314948795
0.554565260447614
9.43604021763191
20.0994955320215
2.46991250451458
9.0609788775879
6.08090722682418
0.505323010963147
18.9297822515816
3.78758752461174
11.3895587944031
1.00422727855254
0.348350867382009
17.6750200971654
0.404273414654037
8.81466102780981
3.4584156443326
19.9872565330351
11.2252863117915
1.24721680472547
9.4375338156653
0.795731245558234
15.6445678235644
19.7387251989328
1.17894923863783
7.55262556359445
2.05514382580126
18.90531613715
9.78994093180945
13.0027932147309
8.72590076077965
17.0097332028474
0.0838838209080418
10.5367399485047
12.3716985308681
7.63764799086597
11.8928617198513
6.45276979716426
17.5589999184463
11.5557508184498
10.0755415749188
20.4771432898768
12.3757355562546
17.8521081635269
21.1666841424627
0.260971887269466
4.06585392564631
1.14659676348258
1.97010473827083
7.08500646604452
8.49921871541248
4.25067514825302
23.834964524134
10.7295714934815
19.8192139386949
13.826849813009
8.59692659000618
14.8824270385516
8.20112497524263
11.6348649120967
17.6284179744387
5.64985728099915
0.33032458378479
19.2773669800659
2.74804084676057
13.5117415213263
0.121165519089395
0.0594177064765296
2.76311628394673
5.73937576456608
22.1406685074505
17.4326890589866
3.83342350844082
8.55964489182482
8.12369356774202
13.3896081926532
8.41303682732748
0.196945230855261
23.502757564107
0.638449081355657
1.9887455873615
3.66642200552236
9.54760989363066
11.3439721319306
2.68777742826186
1.34464927026309e-32
9.4190346370277
14.9557694592989
0.0652429718173663
1.7682634884019
14.7204455162933
11.8908722752322
14.5818042011814
19.4144443279391
13.0427690981324
16.2803565062388
12.809758484499
15.5762860438293
8.19773502033017
4.7394358813044
8.34177996807754
0.508781470996004
8.69945126000489
1.70097747952419
3.41127538359372
12.2345317069193
9.74450386215093
1.22563582771195
15.7918278517587
12.3996598045041
5.20429205550313
6.2552999429124
13.3887898593781
12.3165508603917
8.48741567928415
2.6922888632577
13.3793277643797
6.44074889611223
0.0407768573858536
1.0606083907122
22.5232980322254
4.79895273379703
9.27841552782731
11.7845117845118
11.5914647047173
4.50526021460277
10.8889181317209
15.1305441962881
2.48389314133259
18.6558437896846
9.55120047068145
12.9094665222001
23.5353687975487
5.62021600083883
13.4354957883332
4.17904535551595
13.6264606852842
6.4718697936691
3.92907902554961
6.54106415947248
1.53640860741207
6.27614087821701
8.09012850535342
0.55296342898419
15.6682655854974
18.3478759917514
2.95923479314483
20.7382824787669
1.66253072827467
0.0127205154194776
1.69049200191069
9.62150629711183
13.3049060384701
7.93674356016915
10.3066326471171
0.486039169084149
20.3092050842916
0.219029976815444
9.79344121724744
8.37505982547504
0.711847424650192
24.14339473163
3.09176319131339
1.67783148672422
2.14773152517097
5.27792935118195
2.30073561450724
5.26063215779479
7.265270933091
0.205049339997437
7.86997821350763
9.15797548728344
8.76616499481552
7.4505143709296
2.9222507660224
0.124660678293896
4.02176319131336
0.19106870317943
0.0372816981813519
4.65985937809467
11.7537603252828
3.970500856314
0
0.208544499201939
18.7516888609276
2.05142357834399
18.5747574942039
19.064928407489
5.91932147309305
14.8304060209942
12.7084448871646
4.54254191278413
18.9018209779456
5.94805028369046
0.0233010613633449
10.3942878613121
19.4709987999953
0.879615066466276
8.72811389558799
6.83190509477706
12.7072338145003
9.84236831987697
0.49016625307283
0.40984516444724
1.90388545198236
1.85825964372677
11.4500991460161
25.9331505365069
11.1134412172474
1.81167278319527
15.9192851234374
6.7421621054839
16.3072589796465
12.4008248575723
9.35577505155359
8.12655086039168
9.99615532487505
6.65478312537137
7.58601050877871
1.31106346044062
2.05363100439226
9.40780352545058
4.68191150256893
0.236505772837951
5.14487434902661
4.59179057006046
10.6190778604965
3.22056272063193
15.7550126408258
0.087378980112545
0.114445026970979
18.3938578402246
5.20247690282296
20.2003018652499
0.0932042454533804
0.107184882271388
0.124660678293897
9.53479430988081
30.795433457994
16.0451108547994
10.246641734531
10.8252765253457
0.0687381310218689
20.7929761280626
15.4194773571936
1.72893875316021
3.58184148287956
0.163107429543417
15.6096786783638
4.64864515978702
0.0594177064765301
19.1662880244195
1.07184882271387
7.61828201274568
0.321554646814163
6.89128889820931
11.9525649808349
16.2387113348013
19.6373348246012
12.8520092505213
7.14410541400161
4.02991856279054
6.08670546293384
9.2021875036408
8.00973984364988
7.80097759602948
0.851653792830265
1.41180385166544
0.302913797723485
6.40331620705323
9.37984225181457
9.41801533209837
13.5680806915754
9.7261663928792
8.56896531637015
18.8441567928419
12.1881775074855
5.47079223608635
8.20663381217014
0.892808593431433
0.856619715028024
10.5175784371978
8.87304416716182
1.32816049771067
0.633352090687728
1.95262894224832
0.782915661808398
35.6590415108408
15.6521210956159
9.62513846655715
0.087378980112545
9.81440704624096
15.6069884543241
0.3185780527303
9.0617775214661
15.262789836077
4.35323605140214
3.91807346824648
7.44701921172509
5.54892407349155
6.97517271911736
5.62122074260483
12.5523343003274
16.7471404937495
5.94060559458484
17.2835622662612
10.5833402071464
4.29031071965328
0.0699031840900348
10.7765595982897
8.95110272272902
18.1469657357893
10.0926975638741
9.95770857362553
15.130710099845
3.70370370370371
4.17620495613574
2.75582246921345
0.33553528363217
