1.2321
1.426
0.40368
0.5652
0.46559
0.24379
0.154
0.15288
0.65309
0.24643
0.12027
0.22221
0.2741
1.1184
0.26102
0.044914
0.098508
0.088294
0.24596
0.3816
0.42358
0.44546
0.097246
0.1819
0.4121
0.53058
0.72408
0.13488
0.40086
0.80568
0.13663
0.10231
0.12016
0.24031
1.0562
0.67589
0.62291
0.40851
0.61304
1.2814
0.33414
0.70699
0.45339
0.5939
0.62044
0.19442
0.53452
0.41481
0.85162
0.84293
0.63254
0.078113
1.0074
1.1564
0.38396
0.094869
0.47158
0.17373
0.21299
0.77661
0.57448
0.35066
0.39609
0.060952
0.11469
0.84313
0.18211
0.3383
0.27049
0.311
0.092988
0.25605
0.10772
0.2805
0.21264
0.18789
0.18912
0.4163
0.25799
0.4036
0.60014
0.81675
0.32468
0.49634
0.34628
0.17809
0.43696
0.95584
0.83309
0.2935
0.35722
0.46932
0.26907
0.31721
1.5334
1.8196
0.30042
0.42091
0.37068
0.75459
1.0106
0.54437
0.75269
0.65836
0.33243
0.5726
0.17873
0.13566
0.2061
0.33535
0.15958
0.20294
0.44857
0.30199
0.27721
0.099741
0.25318
0.38653
0.33158
0.68352
0.45505
0.46328
0.36169
0.31122
0.56642
0.36083
0.52634
0.5266
0.51384
0.20869
0.79394
2.1783
0.29875
0.20902
0.21613
0.24787
0.18654
0.14212
0.21589
0.49109
0.353
0.8081
0.60176
0.5305
0.57703
0.4687
0.18055
0.48464
0.43611
0.1188
0.3418
0.10265
0.33846
0.3599
0.39054
0.1154
0.72397
1.2305
0.56575
0.25459
0.33848
0.10441
0.20225
0.17021
0.5895
0.25734
0.078765
0.15834
0.078984
0.37837
0.43687
0.5953
0.31942
0.86313
0.36366
0.96883
0.78552
0.30798
0.12535
0.1998
0.50186
0.10126
0.30332
0.67761
0.35537
0.39897
0.39245
0.56968
0.51131
0.48335
0.40063
0.68528
0.93538
0.49132
0.28929
0.27953
0.15173
0.24761
0.06727
0.056613
0.18261
0.35332
0.22534
0.148
0.28249
0.18791
0.3397
0.13767
0.19038
0.66377
0.25549
0.27568
0.10299
0.16262
0.2299
0.66942
0.27731
0.32289
0.56374
0.86493
1.0776
0.41588
0.26684
0.37403
0.60084
0.18977
0.18096
0.37567
0.14225
0.31637
0.3142
0.28347
0.23975
1.237
0.1868
0.37503
0.4509
1.6164
0.32124
0.57215
0.47533
0.56739
0.23468
0.35066
0.24139
0.068109
0.4568
0.70481
0.2544
0.41533
0.33945
0.4799
0.3015
0.37926
0.40663
0.041831
0.13095
0.15274
0.19046
0.36394
0.436
0.14237
0.35393
0.78166
0.23733
0.21437
14.175
1.5667
0.48593
0.30761
0.22223
0.2898
0.32582
0.52588
0.24225
0.41842
0.28061
0.34474
0.28201
0.24015
0.16367
0.18935
0.43688
0.54345
0.33015
0.32622
0.14138
0.41975
1.0623
0.48963
0.35675
0.2164
0.24328
0.050588
0.092812
0.19988
0.18166
0.17655
0.34352
0.58686
0.099579
0.16675
0.31779
0.054366
0.15052
0.2906
0.12163
0.2573
0.13722
0.12122
0.11494
0.30729
0.091726
0.079322
0.205
0.44343
0.50685
0.15522
0.39322
0.46677
0.080937
0.26703
0.21725
0.064761
0.13932
0.4845
0.69395
0.12798
0.20059
0.11628
0.1057
0.13293
0.094652
0.15901
0.15939
0.34544
0.051637
0.16251
0.27061
0.33254
0.083909
0.33535
0.061353
0.68023
0.11656
0.36864
0.49575
0.3664
0.10869
0.081241
0.16524
0.29497
0.79578
0.054107
0.052834
0.14067
0.25721
0.15111
0.50867
0.32149
0.047704
0.2472
0.24703
0.1028
0.9477
0.15955
0.094055
0.15416
0.23713
0.096395
0.35505
0.46892
0.16227
0.74139
0.40846
0.088646
0.189
0.11737
0.10512
0.12514
0.21566
0.52833
0.29834
0.50402
0.21133
0.15902
0.2663
0.5304
0.37324
0.21759
0.15498
0.44338
0.14928
0.10829
0.30081
0.16946
0.15213
0.72679
0.17321
0.54505
0.38893
0.06687
0.48727
0.9106
0.037689
0.096658
0.68536
0.37309
0.4918
0.49579
0.34467
0.27099
0.16439
0.53745
0.65266
0.4579
0.1525
0.19888
0.10341
0.19665
0.47693
0.077455
0.29156
0.28985
0.58703
0.077227
0.16873
0.099107
0.15035
0.38418
0.88635
0.2703
0.10108
0.11307
0.14296
0.17837
0.26271
0.10673
0.072068
0.1608
0.42961
0.60036
0.33923
0.079015
0.19464
1.1175
0.12502
0.11558
0.38982
0.64103
0.20759
0.33774
0.08632
0.092382
0.20866
0.27229
0.28825
0.22902
0.22932
0.20175
0.81999
0.37072
0.33551
0.94089
0.10509
0.26982
0.14708
0.39998
0.10563
0.44665
0.087595
0.032325
0.63194
0.68276
0.42856
0.26797
0.15534
0.22954
0.18724
0.20352
0.037464
0.071995
0.0978
0.28325
0.43546
0.1028
0.14022
0.33664
0.4277
0.28579
0.51613
0.12612
0.69284
0.2329
0.097171
0.16514
0.11692
0.12528
0.080577
0.081836
0.13313
0.25729
0.25031
0.40022
0.19009
0.086371
0.062983
0.44406
0.18
0.064555
0.13663
0.21074
0.1163
0.1269
0.15123
0.22826
0.03341
0.12968
0.11278
0.47856
0.12889
0.089328
0.092518
0.18638
0.37009
0.18671
0.73198
0.22005
0.10506
0.094957
0.28379
0.52594
0.26763
0.087997
0.081679
0.19007
0.08856
0.18475
0.17516
0.28289
0.060277
0.096002
0.099114
0.04659
0.18908
0.36703
0.41541
0.23031
0.056972
0.22482
0.028252
0.27728
0.17001
0.40691
0.16668
0.40864
0.36016
0.10196
0.43125
0.18483
0.1359
0.15023
0.092194
0.46774
0.1268
0.086713
0.20517
0.5304
0.12363
0.14948
1.0527
0.38388
0.47119
0.29706
0.4189
0.34461
0.05837
0.048957
0.2034
0.5277
0.52854
0.1815
0.211
0.34682
0.053193
0.13792
0.11912
0.15501
0.19689
0.52405
0.028064
0.10456
0.19635
0.5025
0.20905
0.085003
0.26492
0.1256
0.3692
0.80634
0.098775
0.34014
0.6007
0.40238
0.12419
0.035949
0.51481
0.58837
2.381
0.018186
1.9798
0.1775
0.15605
0.29852
0.18949
0.41713
0.25724
0.83656
0.35335
0.3551
0.6911
0.17963
0.37183
0.38371
0.22164
0.27909
0.38933
0.21449
0.51663
0.19306
0.30838
0.29053
0.075709
0.075848
0.16481
0.12524
0.30593
0.091543
0.68529
0.54172
0.29549
0.15503
0.058833
0.19618
0.34447
0.28916
0.24663
0.35977
0.2849
0.12264
0.21976
0.12382
0.14852
0.1268
0.17273
0.26124
0.11414
0.22352
0.18619
0.20277
0.32884
0.26464
0.20154
0.25268
0.50327
0.70299
0.51006
0.42087
0.46958
0.72628
0.58625
0.57673
0.40733
0.63061
0.31993
0.31365
0.27999
0.38009
0.42541
0.4341
0.13559
0.19104
0.20896
0.08071
0.45264
0.25583
0.28889
0.36389
0.13436
0.050805
1.5331
0.25025
0.1777
0.16765
0.18159
0.25893
0.068496
0.22235
0.36761
0.43074
0.095183
1.2558
0.75128
0.10099
0.51333
0.32666
0.42027
1.3705
0.39954
0.43385
0.52396
0.19821
0.98008
0.76561
0.18398
0.1568
0.67219
1.8299
0.72368
0.84954
0.33685
0.19561
0.3163
0.87481
0.56543
0.1696
0.93701
0.46638
0.2512
0.20626
0.57193
0.89186
0.19947
0.18222
0.21403
0.10293
0.12533
0.23047
0.47357
0.25931
0.17861
0.264
0.17861
0.16209
0.20058
0.14313
0.089314
0.088097
0.065534
0.11555
0.32046
0.57874
0.079868
0.30233
0.14229
0.37452
0.1341
0.78716
0.59655
1.1305
0.52033
0.45476
0.64892
0.60643
0.67215
0.76276
0.8135
0.571
0.23066
0.55055
0.33371
0.20289
0.19535
0.32611
0.82591
0.23682
0.30692
0.70125
0.79803
0.26258
0.29299
0.14021
0.2077
0.16261
0.049662
0.31865
0.15679
0.29843
0.65343
0.37363
0.50159
0.35395
0.58587
0.13884
0.11117
0.22663
0.21646
0.55614
0.16599
0.15948
0.16559
0.50889
0.65248
1.5223
1.3107
0.38572
0.4359
0.33712
0.59269
0.32489
0.99567
1.7505
0.64009
0.98582
1.3842
1.016
0.27104
0.38373
0.20666
0.31343
0.17746
0.15519
0.21885
0.60349
0.064406
0.36174
0.28023
1.1101
0.069055
0.32532
0.26182
0.18689
0.078065
0.40619
0.22754
0.2043
0.40503
0.2368
0.4619
0.4504
0.16187
0.28942
0.31779
0.6399
0.92881
0.76144
1.1044
0.52951
1.6937
1.0365
0.52552
0.16998
1.0738
0.73306
0.9206
1.0455
2.3191
2.2182
0.38405
0.56611
1.2121
1.132
0.58229
1.9544
0.16752
0.22291
0.54087
0.1609
0.88827
0.19439
0.63371
0.72161
0.17331
0.14512
0.18351
0.16963
0.11997
0.040078
0.39749
0.24084
0.71908
0.27572
0.46694
0.31498
0.59764
0.38334
0.47037
0.7044
0.80193
0.73715
0.66834
0.51984
1.8798
0.75705
2.8624
1.6738
1.5614
1.1972
1.7587
1.4941
1.6224
0.89765
1.0615
1.1471
2.8503
2.5998
1.7433
1.521
2.6523
1.3592
2.2259
1.8853
1.4703
0.7366
0.35041
0.78296
1.3
0.65789
0.28487
0.28704
0.25914
0.12934
0.52496
0.31999
0.39108
0.42447
0.39366
0.71167
0.385
0.43478
0.40647
0.29367
0.75277
0.41845
1.2722
1.0772
0.67812
0.84423
1.4248
1.1082
0.78954
1.2292
1.6351
1.5505
1.9593
1.9143
2.1188
2.3308
1.3854
2.0527
2.7032
1.9197
1.1439
1.3398
0.96421
1.574
2.4923
2.2533
1.7512
1.2509
2.2816
2.1048
1.9863
1.7946
1.9553
1.6538
2.3011
1.9903
1.9138
2.6349
1.6016
1.2199
2.3306
1.897
0.88642
0.32811
0.36207
1.0212
2.0641
1.6604
1.2594
0.94136
1.8401
1.5483
2.6788
1.7876
1.9157
1.3117
2.1273
1.797
0.90299
1.2575
1.9157
2.2381
2.6889
1.4925
2.2661
1.445
1.5536
0.71606
2.7305
1.5109
1.7929
1.9968
1.9985
2.7554
2.831
2.7388
3.3987
1.8703
2.0641
1.0084
3.4089
3.4643
2.1534
2.4226
5.156
4.0221
3.4992
2.8476
3.5949
3.4341
4.869
3.9443
2.2091
2.2092
2.494
1.3493
1.5834
3.9001
0.93073
1.2006
0.75385
0.15964
1.057
0.64281
1.1657
0.80168
0.22249
0.18359
0.62664
0.8283
0.8726
1.0083
0.92759
0.75847
1.0028
0.33958
0.83073
0.88049
0.63649
0.7984
1.3936
1.1713
4.163
1.7426
