1.1538
1.8988
0.2882
0.21013
0.11799
0.15192
0.26909
0.088392
0.44692
0.35217
0.13723
0.13268
0.28319
0.19095
0.26704
0.11333
0.25734
0.26057
0.50694
0.55165
0.1525
0.25446
0.76352
0.61555
0.99998
0.98361
0.19839
0.10924
0.55737
0.97696
0.41689
0.28218
0.25064
0.22846
0.69662
1.2084
0.49628
0.6215
1.9949
1.8798
0.53381
1.0359
0.85262
0.98785
0.60702
0.44989
0.69728
0.48658
1.1768
0.67953
1.295
0.21993
0.2421
1.025
0.59581
0.12712
0.64493
0.29069
0.25804
0.51624
0.32304
0.5013
0.19314
0.043772
0.20649
0.31711
0.19269
0.76683
0.076614
0.35129
0.37627
0.52598
0.28606
0.26215
0.35877
0.16853
0.69043
1.347
1.3569
0.93269
1.0982
1.5387
1.3925
1.7414
0.79023
0.67544
1.5244
1.1424
1.0921
0.67371
1.2822
0.76657
0.78799
0.61078
1.8729
1.7351
0.45484
0.49713
0.51557
0.718
0.61747
0.35727
0.32107
0.35753
0.59288
0.36735
0.23604
0.35282
0.79349
0.6081
0.15019
0.14596
1.1651
0.98054
0.20106
0.22433
0.20801
0.38786
0.65033
1.0551
0.49654
0.52908
0.5224
0.74431
0.79543
1.0754
0.91352
1.0394
0.65083
0.65456
0.7449
1.1203
0.60304
0.28188
1.1811
0.38008
0.48827
0.48845
0.99607
0.89714
0.49328
0.38987
0.87845
0.78136
0.58781
0.29634
0.21266
0.1319
0.12366
0.17374
0.24611
0.32458
0.15582
0.30866
0.21556
0.19097
0.67939
0.65853
0.34612
0.091956
0.18411
0.070298
0.19215
0.23848
0.12208
0.19099
0.43123
0.45489
0.31153
0.95316
1.8901
1.4178
0.75088
1.577
2.1493
1.4835
0.6237
0.59001
0.46783
0.36336
0.14871
0.22669
0.89058
1.7283
0.19972
0.75407
0.78269
1.2434
0.42417
0.43886
0.72872
0.99636
1.177
0.19148
1.1629
0.30013
0.13489
0.20268
0.46802
0.11854
0.17147
0.36485
0.29436
0.22595
0.24532
0.32443
0.56012
0.3441
0.23827
0.31248
0.41389
0.52309
0.13814
0.25239
0.71009
0.73653
0.30918
0.19447
0.74916
0.96015
0.47072
0.32367
0.50523
1.0792
0.27362
0.43837
0.7314
1.2712
0.26553
1.0352
1.1959
1.2016
0.72638
1.1009
0.79237
0.70208
2.3312
2.975
0.67825
1.1495
0.91176
0.72311
0.099142
0.14961
0.30039
0.11096
0.73383
0.5486
0.32429
0.41241
0.404
0.40126
0.30568
0.34659
0.3385
0.1296
0.070813
0.16724
0.26929
0.72674
0.8734
0.2398
1.729
2.0572
0.90004
0.27191
0.88705
0.94828
0.31238
0.35942
0.72262
1.3773
0.5447
0.54091
0.88984
1.4495
0.16378
0.21102
0.9581
1.0403
0.29404
0.38693
1.0771
0.94432
0.74132
0.82966
0.33764
0.17917
0.47068
0.22884
0.042515
0.15276
0.089146
0.020135
0.83334
0.29453
0.45756
0.25265
0.326
1.1126
0.35353
0.45443
0.096688
0.064748
0.38874
0.59473
0.3714
0.95057
0.081781
0.19396
0.46155
0.61079
0.25559
0.1195
0.37514
0.80911
0.22327
0.25055
1.1029
1.466
0.22096
0.78134
0.16249
0.29598
0.19855
0.61522
1.0934
0.61083
0.35245
0.26857
0.43584
0.63052
0.23842
0.50782
0.2521
0.25452
0.23649
0.066563
0.15659
0.30114
0.17441
0.17671
0.20897
0.077942
0.2785
1.3998
1.3567
0.63773
0.31029
0.18452
0.33752
0.26761
0.30084
0.10896
0.96737
1.7641
0.25463
0.18039
1.0083
0.89457
0.2929
0.16045
0.57319
1.0821
0.35613
0.39592
0.70335
0.60256
0.59179
0.2777
1.1317
1.642
0.066507
0.32702
0.35035
0.20093
0.58028
0.25794
0.29487
0.29
1.4781
1.0684
0.8802
0.57511
0.15128
0.38962
0.82077
0.76065
0.24822
0.31459
0.39355
1.3528
0.58546
0.548
0.53576
0.34783
0.45652
1.2324
0.36558
1.6978
0.83063
0.32066
1.095
1.8387
0.28306
0.54577
1.1129
0.7417
0.69115
0.76676
0.90882
0.80632
0.34101
0.11741
0.50587
0.5153
0.41385
0.5475
0.2039
0.35843
0.093691
0.14616
1.4847
0.16936
0.098918
0.23163
0.23537
0.34886
0.21746
0.26689
0.65705
0.624
0.61403
0.44459
0.20397
0.20287
0.84486
0.28344
0.81977
0.4356
0.27708
0.38287
0.50481
0.36535
0.18687
0.32228
0.63959
0.50494
0.40504
0.63782
0.30708
0.93575
0.2469
0.43293
0.40686
0.34745
0.24841
0.20325
0.21021
0.5616
0.72144
0.68937
0.51917
0.48857
0.41895
0.39624
0.37977
0.29412
0.25465
0.33343
0.70473
0.26049
0.4082
0.16595
0.6044
0.82277
0.39652
0.75993
0.4998
0.56761
0.34899
0.26821
0.74228
0.16685
0.38442
0.48888
0.9561
0.98305
0.36826
0.5898
0.40923
0.5539
0.71152
0.45122
0.13771
0.33638
0.13817
0.37381
0.20096
1.1678
0.36152
0.64796
0.84425
0.89984
0.24662
0.28243
0.7356
0.91998
0.066794
0.20056
1.0508
1.0097
0.23665
0.24973
0.53054
0.32207
0.40044
0.18927
0.82437
0.30535
0.11219
0.10156
0.3052
0.26107
0.33988
0.22554
0.15583
0.13863
0.7425
0.57768
0.66705
1.0848
0.48272
0.33629
0.27969
0.39376
0.17388
0.24109
0.82666
0.70433
0.21984
0.29143
0.40037
0.5678
0.60306
0.9245
0.62212
0.90359
0.25888
0.2803
0.48159
0.39983
0.13801
0.084013
0.54493
0.63017
0.14584
0.27527
0.2565
0.10558
0.23687
0.16521
0.46194
0.67869
0.5073
0.20621
0.74891
0.40216
0.14903
0.14013
0.31748
0.25328
0.075259
0.18359
0.30506
0.73442
0.32109
0.31492
0.29549
1.7756
0.61608
0.30105
0.97727
0.5743
0.18005
0.12156
0.67107
0.87187
0.80485
0.6292
0.28224
0.42604
0.72683
0.35673
0.19954
0.11624
0.22898
0.5379
0.48352
0.16847
0.3155
0.47873
0.60272
0.69063
0.21599
0.13745
0.23032
0.1132
0.24812
0.41731
0.61146
0.086316
0.21706
0.17581
0.45728
0.19352
0.19723
0.056226
0.30071
0.13621
0.11587
0.21959
0.17011
0.51613
0.42485
1.2044
0.58541
0.63807
0.69944
1.1011
1.1587
1.5812
0.4549
0.34651
1.3862
0.7073
0.50097
0.21008
1.5555
0.6378
0.87511
0.64467
0.44021
0.67825
0.1767
0.42133
0.50373
0.13007
0.29068
0.20731
0.52393
0.11364
0.14767
0.18665
0.35593
0.28244
0.29387
0.1804
0.059215
0.12578
0.16516
0.14205
0.18335
0.20067
0.60605
0.139
0.29847
0.10123
0.45249
0.53481
0.33433
0.6489
1.7917
1.7538
0.5617
1.4691
0.88776
1.1127
0.97728
1.0046
0.639
0.85008
0.16056
0.35891
0.48931
0.40999
1.0083
0.53362
0.85906
0.52999
0.26834
0.56686
0.71291
0.93679
0.39543
0.72459
0.26875
0.075722
0.37717
0.1763
0.32784
0.18341
0.21133
0.12266
0.22962
0.042879
0.10162
0.3135
0.18045
0.15169
0.32259
0.11632
0.27895
0.27223
0.13608
0.12093
1.3317
0.9083
0.60264
0.41998
0.53952
0.5677
1.3197
1.5955
0.47475
1.5738
1.5713
1.09
1.3698
1.0755
1.1104
0.45071
0.15361
0.24298
0.34824
0.39056
0.085687
0.36922
0.43987
0.15249
0.26224
0.10557
0.069003
0.052584
0.13594
0.39456
0.071144
0.27207
0.24537
0.10918
0.35145
0.065048
0.083621
0.10284
0.09957
0.10572
0.30026
0.21149
0.51277
0.12913
0.28517
0.23991
0.44463
0.4639
0.41058
0.42249
0.61494
0.24847
1.2162
1.7943
0.95526
0.6355
0.67243
0.90444
1.8054
0.68446
0.83004
0.22971
0.16704
0.19121
0.58921
0.71628
0.96015
0.22783
0.23332
0.34924
0.37129
0.27103
0.58073
0.42014
0.39118
0.18968
0.1647
0.28411
0.43285
0.33053
0.28358
0.30193
0.50572
0.26402
0.17172
0.38019
0.5901
1.2298
0.75037
0.49309
0.24519
0.29201
0.47399
0.27863
1.0663
1.6004
0.55677
0.60728
0.79995
0.53913
1.578
1.5931
1.0475
1.1179
0.56543
0.40378
0.96819
1.7642
0.22878
0.78291
1.5272
2.6842
0.26024
0.47953
0.21054
0.53633
0.22066
0.31991
0.57726
0.49967
0.29191
0.094374
0.27088
0.44898
0.36998
0.11303
0.13829
0.3664
0.82425
0.384
0.26077
0.24154
0.96151
0.43206
0.23651
0.33344
0.32857
0.6468
0.81933
0.74068
1.8576
1.7212
0.19011
0.34699
0.50155
0.66797
0.49472
1.8999
0.30555
0.31534
0.25704
0.049252
0.47664
0.33085
1.3354
0.43304
0.1096
0.20384
0.29821
0.20036
0.14569
0.35775
0.24263
0.14488
0.38699
0.033457
0.84076
0.34952
0.67731
0.29082
0.22755
0.59018
1.196
0.27462
0.27212
0.23459
1.2202
0.5637
3.107
1.3475
1.0041
0.87768
1.7191
0.94159
1.0779
0.51973
0.9924
0.47672
2.0412
2.5363
1.1316
0.88081
1.1222
0.90514
1.6545
1.736
1.1791
0.38242
0.25937
0.32324
0.40188
0.63141
0.25935
0.25812
0.068738
0.2257
0.6126
0.20834
0.28756
0.39438
0.23338
0.51013
0.077186
0.08359
0.35103
0.23756
0.59614
0.12509
0.73431
0.49789
0.73394
0.38925
0.83116
0.55276
0.33927
0.97089
1.2364
0.68006
1.6194
1.4482
1.4155
2.0781
1.4346
1.4641
2.9305
1.2164
3.3796
0.78659
0.93317
1.1161
2.4507
1.3483
0.96717
0.58397
1.6681
1.4656
1.3547
1.0853
1.181
1.0661
1.9293
1.42
1.8886
1.7932
1.7919
0.5725
1.499
1.544
0.51065
0.13529
0.15798
0.66746
1.4734
0.70324
1.0469
0.51253
0.95929
1.1289
3.4376
1.3644
0.61522
0.55958
1.8117
0.74575
0.29293
0.48208
1.1723
1.7201
0.42508
0.61577
1.9366
0.88015
0.56902
0.31856
3.5072
0.72918
1.6932
1.1679
1.4184
1.4798
2.5467
2.7362
1.1668
1.7014
0.46806
0.95121
1.0326
2.2351
1.4349
2.6467
3.6591
2.6738
1.8448
1.8187
2.8609
2.995
4.8084
1.3248
1.3507
1.1694
0.83053
0.63529
2.5891
1.8584
0.34281
0.33903
0.17423
0.13404
0.37208
0.060566
0.1066
0.25433
0.34254
0.04523
0.31463
0.24344
0.41985
0.53883
0.83546
0.40432
0.28557
0.1885
0.33338
0.27612
0.25138
0.43299
0.35302
1.7606
1.0514
1.9068
