0.181748278634092
1.15573264362192
0.369134948096891
0.376312141018024
1.12012862185873
1.23961646452996
0.799506017499095
1.74238113546073
0.115340253748558
1.12743350459614
0.484662076357577
0.283107895564643
0.246991250451458
0.414758892267543
0.172119814057531
1.1883541295306
0.726993114536367
1.37726177577389
1.07534398191838
0.570908042361327
0.209709552270106
0.419419104540212
1.4001812822574
0.562720631924785
0.66641035499167
1.30951964861999
0.374373026691366
0.0966994046578823
0.880780119534445
0.722332902263698
0.261237985390234
1.10218680460895
0.667855020796197
0.960003728169819
0.596507170901635
0.76267577738166
0.550650682138569
0.53475935828877
0.702527000104854
0.404273414654038
0.799513473838735
0.708352265445692
0.71301247771836
0.570064660445284
0.596507170901635
0.794612794612795
0.796896298626402
0.600002330106137
0.572786690433747
0.654690387147132
0.516118509198094
0.590681905560798
0.872214066850745
1.56932648282129
0.274952524087472
1.77437582281873
0.588756655365655
0.655924877378165
0.739808698286206
0.820197359989747
0.481714958116344
0.372816981813522
0.506798084652756
1.01942143464635
0.62796360374215
0.932042454533804
0.581221092120746
0.298982792166183
1.39705835750819
0.340682488087332
1.16971328043992
1.09981009634989
2.02050912819079
0.512623349993592
0.465862314028404
0.554565260447614
0.901141052974973
0.251651462724127
0.246991250451458
0.320389593745995
0.363496557268184
1.66183169643378
0.293415702585253
1.48432421096781
0.319271142800554
0.46504479629047
0.56854589726562
2.89892453951277
3.81554879824776
0.606340218796968
1.04388754907786
1.54047976885347
0.358836344995515
1.07534398191838
0.143301527384573
0.739808698286206
0.544079782834108
0.394952990108699
0.0308617897545233
0.646604452832827
0.068738131021868
0.282604126617968
0.730488273740869
0.498642713175585
0.488960073631356
0.750294175899712
1.07534398191838
0.538513159274397
2.03544219589202
1.14990737828108
0.681555578856618
0.600181282257407
0.653811354607202
0.125639322871156
0.1992240746566
0.251651462724127
2.18296587559563
0.490978877587872
0.869788892384048
3.46253771859308
2.10699136695678
0.572041056470122
0.16662076357578
0.445516293267167
2.97671058916734
1.12106066431326
0.824857572262417
0.544019666095791
0.624468444537649
0.822574068248804
1.26175247282514
0.170311651695735
0.376312141018024
0.922722029988467
0.876119907261776
1.31675043398227
0.246991250451458
0.0945366001421364
3.22952710495963
1.23080866333462
1.04183705567789
1.49476308645859
1.38291799191453
2.42797059406056
1.0061510141787
0.736313539081705
1.06602355737304
0.96349888737432
0.124660678293896
0.478836811016742
0.890100544079783
0.512623349993592
0.764274812717719
0.0966994046578823
0.684758892267549
0.601308471100858
0.499140773362227
0.260971887269465
0.185057029347689
1.08469423182226
0.742588398401547
1.68699684270618
0.264467046473967
0.366991716472685
0.505392914147238
1.03456712453252
0.377477194086191
0.283107895564643
1.10330525555439
0.847925623012129
0.554565260447613
0.767769971922222
0.81199538638985
0.442720165903557
0.278148963685296
0.74803152633602
0.34835086738201
0.411030722449403
0.317779874873301
0.0792236086353732
0.827467291135107
0.603152167581234
0.438805587594512
0.478836811016742
0.639148113196552
0.31367888807335
0.71301247771836
1.41087926555055
0.767769971922221
0.478836811016742
0.699031840900353
1.254370230564
0.610487807719642
0.255146621928629
0.688359954795938
0.479485862081022
0.789020539885589
0.376312141018024
0.450875537380728
0.339055957498865
1.40962695000757
0.786410821012896
0.705136718977545
0.460195961926066
0.450875537380728
1.03456712453252
0.436708492071822
0.53475935828877
0.391970454254191
0.47108268381625
0.792236086353734
0.0466127247096111
2.17352300397284
0.575335244020366
1.43884053918656
0.26515431127888
1.37740682488088
0.302848088730442
0.87906457889157
1.24688639567533
0.824857572262416
0.767769971922222
0.699031840900354
0.321955891090841
0.376312141018023
0.620134447124058
1.29903417100649
0.606573229410597
0.503302925448254
0.391457830904198
2.50253399042326
1.20233476634861
0.646604452832826
1.1137907331679
0.587403329721669
0.800624468444541
1.07650903498654
1.46680181282258
1.00262556359442
0.862139270443769
0.341229597008142
0.849416890939382
0.478836811016742
0.970249088345978
0.195542506961193
0.272368319876972
0.0407768573858542
0.56854589726562
0.958652266610745
0.146090198408537
0.497742709680432
0.172927778360303
0.764274812717719
0.432234688290052
0.42873952908555
0.460195961926066
1.64736779560309
0.680390991809676
0.683886151014178
1.43108547994361
0.481871890764626
0.517283562266261
0.34383232556243
0.419419104540212
0.655829809047803
0.702527000104855
1.87423147274357
1.82680321088626
0.682767700068732
0.367496300956509
1.08937122085911
0.450875537380728
0.893302109911105
1.1597333193527
0.5266039868116
0.372816981813522
0.907576340102292
0.246991250451458
0.577733389255881
0.820197359989748
0.180583225565925
0.739808698286208
5.04584483823238
0.599984970815424
0.963545489497046
1.79119918912307
0.555214311511893
1.56117111134412
0.251651462724127
0.978644577260496
0.179464774620488
1.56583132361679
0.770461244509686
0.746586860531497
0.991460161010334
0.600002330106137
0.363496557268183
0.236505772837953
0.739808698286206
0.307574009996155
0.432234688290051
0.673719781436039
0.26650588934326
0.0792236086353735
0.720574138151992
1.07334195472604
0.870294641920939
0.297027367096572
0.177088066361423
0.302913797723487
0.288446634744212
0.274952524087472
0.460195961926066
1.51340393554926
0.786710356156721
1.35383826733309
1.24786166159869
0.422914263744713
2.33093693567742
0.768935024990389
0.199224074656601
0.432234688290051
0.250493865995598
1.28859529551571
0.657748301935156
0.878496615520832
0.167767641816084
0.414758892267544
2.23690189088113
0.650127107289737
0.372192047347757
0.208544499201939
0.429271259305862
1.20582992555311
1.74641454918272
0.422914263744714
0.292428320109981
0.694371628627684
1.55166427830788
0.898255915556955
0.638449081355655
1.37461104703319
0.879615066466278
0.711847424650192
0.335535283632169
0.255146621928629
2.62369950951266
0.926217189192967
0.480046019596196
0.624468444537649
1.323500285438
0.83494448522131
0.470681439539571
0.991460161010334
0.37747719408619
0.66641035499167
1.24311162373446
1.06116237344611
1.07502522339892
2.33860391690842
0.709291764239859
0.646604452832826
0.305416797735137
0.579515454428955
0.406555054582735
0.112215464914427
0.757547679796814
0.400778255449535
1.9106870317943
1.02058648771451
0.25291659385085
1.67301620588818
0.805077301271074
0.796902240397055
0.180583225565925
0.894760756352452
0.756100334370232
0.365873265527242
0.923234653338455
1.5108408187993
0.869068423566695
0.347865739284426
2.63185488098982
0.842333368284925
0.208544499201938
0.590681905560798
1.4731397015134
0.470681439539571
0.456700802721564
0.471435811401205
0.336597812030338
0.702527000104854
0.655924877378165
0.739808698286208
1.60660818100265
0.572041056470122
0.210512972865919
0.337755758274789
0.946023091351811
0.404273414654038
0.0594177064765301
0.736313539081705
0.562720631924784
3.81205363904326
1.88622091736279
1.00194563862384
0.879615066466278
0.400778255449535
1.1277713699859
0.516118509198094
0.0233010613633453
2.00046928337586
0.428247760185477
0.366991716472685
0.96349888737432
0.645844255705847
0.47534165181224
0.795646779210786
1.24342513951511
1.02413512285485
0.61514801999231
2.66255449535727
0.23543205993033
0.600002330106136
0.680390991809677
0.391457830904198
1.18718907646243
1.45454545454547
0.208544499201939
0.361641326762433
0.544079782834108
0.322428436615288
0.498642713175585
0.311069169200658
0.519834911980241
1.36215954236716
0.404273414654037
0.481446529889438
0.237670825906121
0.208544499201938
0.307574009996155
1.03806228373702
0.739808698286207
0.671070567264339
0.544079782834109
0.391457830904197
0.683886151014179
1.20208264886466
0.765952489135878
1.11826453694965
0.730488273740869
1.41087926555055
0.991460161010334
0.394952990108699
0.114685959945476
1.20885906353034
1.15792247736885
0.702527000104855
0.597494553376906
0.2246949308541
0.449400463691123
1.06256323325528
1.3840830449827
1.1137907331679
1.77437582281873
1.26395162699661
0.78458588188692
0.600002330106136
0.610114990737831
0.879877902438455
0.15262195192991
0.600002330106136
1.01010101010101
0.470681439539571
0.660398681159926
0.833676907483135
0.57320610953829
0.0922996982512559
0.068738131021868
0.234308016730163
0.452068085701303
0.503302925448254
0.25514662192863
0.470262020435025
0.563699276502047
1.1312665291904
0.21758193235702
0.956788181701674
0.879615066466277
0.516118509198093
0.152621951929911
1.99923106497501
0.610487807719642
1.70097747952419
1.04738270828236
1.05786818589587
0.66641035499167
2.91259760232079
0.402455931867696
0.472188901704472
1.83029837009076
0.509109083918773
0.908132769447645
0.768905199631844
0.757331096431445
0.344855708177507
0.694310463341605
1.1312665291904
0.517283562266261
0.860680041475888
0.404273414654037
0.339030442836671
0.195476797968148
0.171262801020587
0.62315007048571
0.307574009996155
0.255146621928629
1.10330525555439
0.366136101499423
0.292428320109981
1.11337131406336
0.618861626647095
0.209709552270105
0.893531741870841
1.3963220439691
0.290914217142591
0.982139736464996
1.49126792725409
0.578378945160953
0.643109293628324
1.73970384351007
0.570922605524677
0.579797863292673
1.06234198967763
0.387295678818171
0.264467046473968
1.13126652919041
0.559225472720283
0.767769971922221
1.44138256847599
0.47068143953957
0.288933160905479
0.582526534083628
0.293593373178149
1.12194610464507
1.39340346952804
2.99185627905351
2.22695000757284
0.348350867382009
0.848158633625762
1.08582945953188
2.02602728554286
0.181748278634092
0.316894434541494
0.52888329663416
0.274952524087472
0.566448801742927
0.120186874512134
1.19767455407594
0.422914263744714
0.460195961926066
0.67456572646884
1.4348658441392
1.66369578134284
0.284114035394311
0.316894434541494
0.473663975394078
0.66641035499167
0.572041056470123
1.70563769179686
2.16583365372293
1.18211829948854
1.38291799191453
0.265212680437592
0.534759358288771
0.436900842333369
0.524021763191312
0.14304801183694
0.666410354991669
1.14063355585847
1.14175200680391
1.02058648771452
0.764274812717718
0.514615590740159
1.43329488658209
0.98112322766302
0.347570747847571
0.430286137033539
0.459496930085171
0.790524273880675
0.425523982617406
0.510791304043896
0.255146621928629
0.600002330106136
0.738690247340765
0.681909754989341
1.43884053918656
1.41087926555055
0.820197359989747
1.01010101010101
1.65903556907017
0.778199526988454
0.739855300408933
0.255146621928629
0.255146621928629
0.848158633625761
0.465788216653263
3.1936900725828
0.180583225565925
1.15573264362192
0.582526534083628
0.965716682394883
0.296141926764764
0.648701548355533
0.0792236086353732
1.36495881537404
1.04351601365442
0.292428320109981
0.489322288630248
1.24409026831173
0.866121305325453
0.143301527384572
0.545244835902276
0.0407768573858539
0.484662076357578
0.739808698286208
0.516118509198094
0.828205468759111
0.42873952908555
1.14621322801253
0.488157235562081
0.544079782834108
0.786410821012896
1.8951325247865
0.236505772837952
2.01670686099752
0.264467046473967
0.139806368180071
1.40906178276421
3.24402036512765
1.7184532755467
0.901967658126828
0.48815723556208
0.209709552270106
1.55068563373062
1.67301620588818
0.115340253748558
1.39651311267228
0.478836811016742
0.820197359989748
0.584767630165553
1.60660818100265
0.876119907261776
3.05709925087088
1.84893921918143
0.506798084652756
0.199224074656601
0.339030442836671
0.625214078501267
0.498642713175585
0.302913797723486
0.52514767047639
0.302494378618951
0.792981720317371
0.982139736464997
0.915265690352197
2.21826104179045
0.730488273740869
0.241619307259444
1.02990691225985
0.810876935444409
0.572041056470122
0.275025223398928
0.34933824985728
1.23961646452996
0.273598615916951
0.568545897265621
1.89506367015017
0.372816981813522
1.40227872729603
0.778255449535726
1.90277620495614
1.17437349271259
0.489320424545338
1.30561625482041
0.251651462724128
1.64569279880699
2.10583994500951
1.52223923199702
0.506798084652756
0.866799482716437
0.642922885137413
0.321554646814162
1.05786818589587
1.01010101010101
1.23961646452996
2.78098167371524
0.750993207740615
0.520592312979854
2.17136474316407
0.0847501543695315
0.470681439539571
1.7755408758869
0.268923490965015
1.21165519089395
0.233010613633451
1.39340346952804
0.655971479500892
2.10059068190556
0.69581629443221
0.772252513601995
1.9913553062342
0.876865541225414
0.292428320109981
0.94602309135181
0.616573578926521
0.907576340102291
0.13980636818007
0.778255449535726
0.400778255449535
0.164552095347942
0.164552095347941
0.624468444537648
0.396827677000686
0.851653792830263
0.498642713175585
0.576514860251887
0.34876224762038
0.991506763133051
0.984050423496783
0.664666969580464
1.2479063996365
0.544079782834109
0.0687381310218678
2.66564141996668
0.702527000104866
0.186921114256755
1.21962415388021
0.909615182971585
0.70513671897755
2.09243531042839
0.694371628627684
0.862139270443768
0.835931518180655
0.536540840935301
0.655924877378164
0.643109293628325
0.652429718173662
0.900865634429641
0.827467291135109
2.16233849451843
0.298999219414442
0.787389465590161
1.21631540316661
0.53475935828877
1.29442056085655
0.48815723556208
0.683886151014179
0.652429718173663
0.898255915556954
0.568312886651988
0.359535376836417
0.342059580813903
1.7755408758869
0.750993207740615
0.964477531951579
0.786410821012897
0.283107895564643
0.67107056726434
0.593714189181319
0.294646115130543
0.590681905560798
0.348350867382009
0.627963603742152
0.321554646814162
1.45748138827724
0.13980636818007
0.180583225565925
1.01667190940548
0.934654037491409
1.11204734775669
0.915401302529335
0.171495811634223
0.470681439539571
0.48815723556208
0.683886151014178
0.82369251919425
0.713012477718361
0.316894434541493
1.7016765113651
0.737832302261368
1.323500285438
0.357298474945529
0.359535376836411
0.3308750713595
0.932042454533805
0.952314377919918
0.694371628627685
0.466607947992031
0.124660678293896
1.1424510386448
0.683886151014179
1.05786818589587
0.205049339997437
0.283107895564643
0.335348875141267
0.490999965048407
0.960003728169818
0.844943087157616
0.626845152796708
0.374494658231683
0.358836344995515
0.945603672247271
0.260971887269465
0.330875071359501
0.979576619715041
0.264467046473966
0.292428320109981
0.567434902659818
0.69990563070148
0.195728915452097
0.229401162722962
0.0407768573858536
0.99243880558759
0.596507170901634
0.344855708177508
0.0873789801125442
3.00583691587152
0.739808698286206
0.442720165903557
0.838838209080424
0.638449081355656
0.627963603742151
0.610487807719641
0.572041056470122
0.35282467116377
0.634301492432973
0.91880745167943
0.307574009996155
0.414758892267543
0.0978644577260495
0.319271142800555
0.559225472720283
0.512623349993592
0.708352265445691
1.21515035009845
0.365174233686348
1.42952011464122
0.666065033262265
0.786410821012897
0.786410821012898
0.685358312071115
0.48815723556208
0.422914263744713
0.683401022916594
0.107184882271387
0.204816329383804
1.10330525555439
0.310127806321577
0.236505772837953
0.694371628627684
0.525485535866161
0.546922512320435
0.366991716472686
0.683886151014179
0.24843591625599
1.20582992555311
1.07759241783464
0.404273414654037
1.26175247282514
0.152621951929911
1.24311162373446
0.296203092050847
0.926217189192968
0.391951347383873
0.646604452832828
0.115340253748558
0.316894434541494
0.562720631924784
0.170144350075149
0.0897929700697873
0.531264199084268
0.595155709342566
0.228408537508882
0.348350867382009
0.887071406102546
0.260971887269465
0.638449081355656
0.304358463528013
0.322253678655062
0.405438467722205
1.02506029149628
0.470681439539571
1.88622091736279
0.562720631924785
0.386797618631528
1.1137907331679
0.62796360374215
0.62796360374215
0.710728973704752
0.624468444537648
0.171262801020589
0.315542972982419
0.0671345519788429
0.67361457714399
0.23767082590612
0.163107429543416
0.876119907261776
0.363496557268184
0.484662076357578
0.497194668717161
0.339030442836671
0.163107429543415
0.258921393869492
0.149126792725408
0.264467046473967
0.358836344995515
0.379461978493121
0.671070567264339
0.466953269721441
0.516118509198094
0.509407803525452
0.573206109538289
0.627963603742151
0.391457830904198
0.488157235562079
0.347595912993837
0.554565260447613
0.211387228688266
0.572041056470121
0.548553586615867
0.15080446914357
0.475341651812239
1.41647152027776
0.708352265445691
0.532909720037747
0.671070567264338
0.302913797723486
0.740973751354373
0.199224074656601
0.279612736360142
1.68117157736535
0.416203558072069
0.288933160905479
1.16971328043992
0.922722029988466
0.348350867382008
0.42873952908555
0.671070567264339
1.74757960225088
0.394952990108699
0.286836065382776
0.716321228431952
0.320389593745995
0.852818845898431
0.428739529085549
0.240979576619717
0.838838209080424
0.22420281243811
0.995448836694512
0.898255915556953
1.07534398191838
0.820197359989749
0.680884508289354
0.57301970104738
0.834177996807754
0.751738841704234
0.5266039868116
0.453485256253429
0.87961506646628
1.74641454918272
0.568545897265621
0.237670825906121
0.171262801020587
1.93543275896218
2.34408677315252
1.32988431023034
0.600002330106136
1.57752845642119
0.260971887269465
2.02602728554285
1.01942143464635
0.506798084652756
0.264467046473966
0.749874756795172
0.572041056470122
0.655924877378167
0.320389593745996
0.795731245558235
0.442300746799019
0.638449081355655
0.544079782834108
0.293593373178149
0.260971887269465
0.48890286952571
0.51214800834178
1.77437582281873
0.317640068505122
0.344855708177507
0.62684515279671
0.677175445341536
0.963498887374321
0.508708771684553
1.36688686169656
0.484662076357578
0.68947840574138
0.255146621928629
0.978644577260495
1.63456945463866
0.464157142357836
0.485407710321205
1.40155884100521
1.45002504864097
0.851653792830264
0.954178462828981
1.42456118276187
1.28971374646115
0.365071709016346
0.449990097048921
1.03438071604162
1.02990691225985
2.967390164622
3.82561485675673
1.84246152412242
1.07534398191838
0.685051204082345
1.14990737828108
0.363496557268184
0.516118509198093
1.7697622126688
0.716321228431951
1.01942143464635
0.755467011522371
0.475854275162238
0.283107895564643
0.851653792830265
0.226066897347177
0.143301527384571
0.152621951929911
0.544079782834109
0.639893747160177
0.341640161709369
0.556009926252141
0.376312141018024
0.722332902263699
0.292428320109981
0.851653792830263
0.475854275162233
0.498642713175586
0.240979576619714
0.410611303344864
1.22470378525742
0.35841692589097
0.814372094648912
0.66641035499167
0.722332902263697
