18.538
155.22
14.996
56.368
96.209
51.597
28.69
37.273
14.555
23.791
22.378
13.365
6.9953
13.177
41.094
27.623
40.874
50.893
13.524
8.85
156.81
22.725
33.993
39.251
24.871
27.599
45.299
27.073
11.409
55.226
47.597
274.14
27.205
97.005
24.767
1352
78.309
23.805
152.63
46.921
63.229
59.971
15.524
28.666
21.33
68.041
8.3035
31.288
137.52
1395.9
100.12
13.656
30.742
759.91
10.691
18.126
97.477
27.475
16.551
29.422
13.708
12.548
105.47
46.994
20.881
24.46
11.3
16.101
57.296
25.173
14.823
53.565
49.182
59.471
16.887
37.145
16.722
857.2
25.978
5.6867
108.37
79.097
36.099
43.876
11.34
7.5844
38.435
40.048
43.589
80.892
98.606
89.551
23.932
29.701
18.556
168.36
66.663
64.67
1208.2
38.63
46.003
15.605
401.09
53.022
17.298
23.346
27.594
36.541
75.694
21.111
12.804
52.52
53.362
16.986
19.974
22.764
22.426
13.023
41.177
89.599
32.388
19.554
67.384
32.668
45.627
43.558
389.99
29.942
21.402
8.3375
18.553
10.014
16.826
14.119
101.58
22.369
24.076
9.4399
24.345
15.012
19.596
61.333
42.45
77.419
81.345
73.631
15.667
261.76
41.711
15.254
31.659
14.428
8.7304
13.348
23.263
24.898
69.813
13.79
6.1266
9.5798
75.771
192.51
124.41
58.525
50.749
70.399
37.401
18.402
24.996
34.424
34.661
53.196
34.337
17.406
167.23
56.317
35.539
87.632
15.705
16.117
30.753
20.437
24.604
8.0348
14.086
15.29
45.548
43.227
54.51
156.73
20.86
19.627
78.597
38.663
14.472
23.415
57.152
25.945
152.17
65.696
67.701
5.744
59.059
38.972
22.919
83.104
27.472
22.403
34.221
17.621
228.13
1441.3
68.702
246.92
16.681
29.077
7.0541
6.8489
9.8726
17.498
23.215
21.875
56.025
23.611
10.038
10.517
33.832
30.609
11.611
26.546
102.89
28.243
27.421
87.597
30.516
35.689
13.38
31.672
26.236
69.36
39.069
96.661
67.981
93.456
769.25
17.491
937.39
18.067
26.253
26.27
10.605
36
111.07
20.923
46.832
29.377
38.009
494.78
64.955
23.322
17.855
89.967
388.71
626.29
31.498
7.5406
256.66
25.007
165.14
626.98
43.243
37.755
20.144
24.923
130.29
36.328
21.168
34.378
39.313
27.888
28.018
716.83
39.785
21.527
26.405
22
42.411
17.404
24.346
99.933
40.126
34.198
38.319
540.14
26.828
24.261
111.81
32.61
46.817
55.276
21.26
25.771
5.0928
694.84
18.939
8.0107
1335.2
17.766
65.39
8.2258
5.8031
26.395
106.29
34.412
28.538
20.899
55.683
225.85
942.53
1069.4
17.968
25.189
16.784
27.68
22.637
319.43
29.536
246.18
114.92
51.36
51.533
16.098
10.989
24.312
16.519
14.466
20.738
987.08
51.562
55.252
58.882
66.984
51.71
70.952
20.361
157.28
1129.9
1400.9
29.252
13.134
113.83
44.392
16.44
150.6
36.348
19.517
93.96
34.826
93.155
25.735
21.633
29.509
7.7705
6.3049
16.593
42.016
28.001
14.996
998.48
40.19
63.306
41.565
33.379
17.936
28.976
67.336
24.434
606.54
36.404
1491.9
35.212
176.38
44.544
64.801
702.78
556.74
25.665
24.971
48.739
10.187
59.298
378.02
37.81
651.91
41.355
90.181
24.156
117.56
100.66
36.761
25.049
63.773
47.965
9.329
53.23
22.158
13.465
30.669
25.777
24.294
1587.5
17.31
24.063
20.258
24.719
65.582
120.43
20.027
65.486
27.84
31.164
544.07
43.004
42.711
9.7463
23.216
11.53
33.293
55.889
21.11
48.871
317.49
20.766
26.939
28.51
55.207
91.273
7.2076
37.162
44.896
15.565
1042.8
51.674
24.405
60.489
36.099
61.535
88.131
22.809
24.701
11.253
20.054
20.22
19.983
71.659
95.251
39.469
48.464
19.268
9.5542
36.222
36.236
39.588
23.313
74.322
6.2584
12.928
593.05
21.796
253.6
117.94
39.203
31.374
57.926
37.561
105.72
4.5743
143.21
29.883
615.49
477.03
11.439
13.126
154.92
23.137
53.317
21.383
88.645
712.05
30.459
372.02
35.05
14.731
69.972
29.583
20.021
36.415
24.12
40.996
34.812
42.744
14.254
41.71
37.64
252.33
42.842
74.281
16.185
89.687
99.255
5.8643
22.696
114.37
14.217
7.0305
14.581
18.508
29.266
17.994
10.747
22.403
895.17
55.954
50.375
46.273
9.9492
73.482
416.59
65.405
20.396
129.83
31.167
22.605
225.54
64.989
31.618
24.376
40.547
77.209
9.8457
18.414
95.041
145.11
65.744
18.164
45.687
19.604
56.365
66.37
44.233
25.649
22.098
9.3797
15.937
78.947
42.587
10.912
28.756
5.9093
22.298
80.112
55.051
118.07
9.6962
15.031
321.98
32.641
26.517
16.239
43.987
45.783
33.114
31.127
21.231
39.75
46.008
8.443
31.734
16.854
46.348
57.708
33.769
49.082
37.275
20.988
75.47
48.779
22.949
16.173
15.554
34.143
16.774
18.97
27.007
17.672
30.15
63.258
45.124
23.353
117.35
36.552
43.474
52.594
12.139
250.01
44.597
171.08
373.87
23.813
11.595
20.2
8.125
17.299
19.221
20.408
29.79
66.176
44.811
40.449
28.77
15.782
23.57
41.204
160.96
28.812
32.996
397.79
29.782
49.623
11.43
15.638
11.022
54.349
1526.5
18.318
180.61
8.5748
14.304
4.0001
18.634
24.585
1783
1622.5
450.79
844.05
150.98
688.98
23.917
5.3907
8.4519
27.066
36.988
40.789
217.23
71.768
40.217
48.619
17.131
1097.1
22.035
13.677
27.224
20.493
15.146
51.995
131.42
125.73
85.052
81.949
33.415
30.493
55.095
42.239
18.828
37.268
24.921
17.758
35.394
88.308
13.594
29.752
19.116
79.177
26.552
78.395
32.015
23.887
27.251
49.934
620.21
26.941
8.5767
11.914
14.745
44.642
27.742
47.654
67.383
12.643
65.39
3.0892
37.874
174.73
54.254
12.629
13.277
160.4
14.826
100.74
26.215
5.2274
35.615
32.553
41.298
63.718
46.445
48.826
606
39.382
35.015
72.578
37.603
30.53
57.717
46.754
16.627
14.528
29.14
71.868
77.023
15.248
161.19
10.321
34.558
15.495
11.146
42.469
58.905
32.519
40.709
59.472
65.144
65.303
33.092
24.664
88.013
43.231
17.101
14.134
3.4367
54.785
9.3573
29.685
22.669
26.883
88.214
21.126
37.419
28.891
29.561
71.964
14.152
167.42
45.732
55.331
66.368
585.49
75.879
32.494
453.55
85.098
13.525
33.854
17.089
30.982
35.647
18.812
20.027
25.905
16.647
65.231
96.717
43.472
44.252
26.83
3.7072
26.511
65.11
26.007
38.755
124.28
154.08
114.09
67.548
38.274
856.94
38.475
18.255
58.104
14.257
41.262
43.087
24.476
50.74
1129.6
13.057
70.518
121.48
120.8
216.09
5.8335
47.812
14.82
9.2233
35.589
163.62
405.57
459.46
383.25
1171.8
8.5164
10.198
47.209
23.224
28.328
354.71
802.97
617.74
14.6
16.134
22.683
71.899
84.51
16.169
804.43
25.897
598.78
191.87
33.694
24.691
19.128
18.749
24.032
53.578
61.66
29.103
96.161
25.126
809.48
641.71
211.26
252.7
93.633
48.808
34.613
633.47
706.99
24.401
27.984
28.792
61.249
24.745
46.021
521.18
112.96
33.887
105.25
45.532
17.851
468.68
54.124
18.702
15.353
33.46
14.087
9.1273
458.14
94.55
34.788
30.84
52.586
36.861
43.93
10.802
11.401
18.707
818.16
89.24
20.904
32.953
28.103
75.007
1269.6
1246.9
5.5909
195.89
18.914
25.463
76.222
50.698
63.496
4.1299
21.485
711.47
52.151
30.555
398.24
24.84
16.821
14.436
75.02
235.29
131.59
25.821
230.94
452.62
102.85
139.55
50.102
38.735
524.24
58.922
181.71
26.404
35.482
78.806
19.136
30.684
31.263
46.511
46.796
935.88
98.612
50.001
35.185
27.16
78.949
44.372
34.4
16.08
34.002
31.811
14.346
5.6233
16.618
150.75
23.103
40.939
19.292
192.08
23.467
48.125
127.85
95.423
22.89
23.871
1054.7
28
17.369
9.5385
549.88
191.44
740.52
105.9
415.3
27.174
469.36
438.03
6.8862
20.631
120.84
48.437
201.26
1688.8
138.86
24.674
221.77
29.639
161.06
892.92
190.9
14.653
51.085
24.374
804.83
18.564
39.255
159.86
35.911
316.31
33.259
19.218
28.947
77.077
16.782
24.264
50.571
26.97
17.612
22.788
41.265
30.94
50.432
30.903
40.591
12.459
269.6
528.15
25.051
12.596
25.933
17.719
10.811
19.743
15.423
32.982
19.563
20.511
21.557
9.1046
12.692
51.383
22.979
43.649
555.51
190.48
126.38
797.37
227.22
104.12
105.57
391.13
28.843
55.036
790.22
29.125
59.899
26.623
6.3249
21.406
35.87
39.649
11.611
23.523
585.54
41.074
23.539
33.894
654.73
16.364
51.487
108.82
462.12
13.461
156.09
754.49
