113.15
134.18
517.68
33.128
374.29
206.24
72.99
60.622
626.59
110.43
82.622
60.239
204.65
85.799
265.09
86.256
709.01
174.22
336.63
154.63
73.638
153.91
38.17
50.006
1299
715.85
46.257
474.14
359.55
84.203
66.574
423.39
634.93
49.559
172.53
1206
132.17
219.75
718.66
245.95
403.98
164.1
676.07
49.577
880.01
161.89
688.9
134.22
215.17
671.21
778.14
28.441
147.6
178.04
463.99
76.867
77.317
203.06
84.543
112.32
88.357
38.519
373.37
584.58
489.94
70.395
252.6
209.41
682.09
181.21
255.11
111.74
667.5
323.71
163.39
55.454
71.695
37.545
90.356
158.98
366.99
65.193
135.96
59.112
50.576
58.549
573.97
503.3
252.49
89.117
785.68
187.84
1269.8
485.12
119.71
360.31
72.21
96.501
1281.1
95.902
108.4
43.876
756.54
70.822
48.674
965.02
235.06
145.48
365.76
951.24
138.65
52.177
405.15
170.51
64.583
77.132
73.6
92.861
45.325
449.21
39.974
135.36
558.82
72.85
187.09
33.248
47.537
62.851
51.107
189.65
16.205
634.87
377.73
134.8
152.4
301.16
62.919
590.79
75
274.44
38.885
978.77
432.52
107.04
234.6
45.447
190.59
451.11
152.24
56.6
202.61
179.2
656.19
26.154
777.04
70.731
294.41
326.99
83.2
116.06
37.237
329.58
262.27
218.03
99.624
83.572
264.52
234.81
34.539
223.11
322.93
197.76
350.59
1204.6
146.23
63.683
182.7
195.57
176.91
180.11
66.733
359.89
50.842
36.156
449.46
104.7
80.476
117.28
207.52
369.06
83.662
71.032
141.52
350.3
565.3
75.103
91.648
74.791
83.83
109.46
380.92
72.88
266.43
262.06
137.54
162.26
587.93
287.88
275.47
26.756
793.99
2122.9
106.59
605.03
51.515
59.734
168.26
78.136
244.18
201.03
91.382
105.03
43.034
233.84
80.572
15.147
700.79
138.64
116.1
876.55
70.402
754.39
78.317
171.09
55.307
168.59
1009.9
181.87
508.3
488.39
65.768
63.542
549.2
99.88
305.93
29.15
691.49
20.278
257.83
56.212
22.002
41.301
336.13
374.41
117.94
477.64
144.9
486.63
370.36
617.03
784.84
274.31
134.97
740.16
992.06
96.004
184.39
57.802
161.87
437.12
480.18
241.64
462.52
231.28
400.51
187.06
415.74
114.37
270.94
614.13
27.371
713.84
1789.9
65.421
31.872
195.48
199.66
178.04
30.175
365.97
119.87
92.358
17.878
171.41
316.83
42.777
1316.4
539.93
355.24
265.85
68.626
112.06
164.15
57.988
15.71
88.957
757.25
34.751
557.31
138.43
122.27
528.31
187.6
294.07
154.09
216.77
56.172
440.6
1461.7
1274.4
478.97
204.05
167.34
105.67
409.59
132.09
432.82
187.78
1422.7
876.5
41.516
514.91
68.531
45.122
112.81
14.947
123.25
370.25
685.45
152.31
304.32
616.97
247.39
193.84
164.18
48.217
573.79
560.81
196.74
121.1
136.44
248.19
199.1
175.32
275.67
56.877
266.35
203.86
296.73
84.963
108.45
143.63
77.756
119.06
206.35
243.95
188.52
145.87
106.61
156.22
47.076
481.1
339.37
625.23
451.87
90.314
398.82
122.81
1235.3
1005.7
52.688
160.22
258.48
89.641
140.32
330.03
649.08
37.942
324.7
397.65
75.606
214.57
322.28
147.9
296.32
446.71
562.13
118.83
295.71
105.81
32.467
300.44
684.15
132.72
139.28
190.08
244.12
17.608
144.24
136.27
1014.3
1162.4
248.15
406.59
104.87
514.7
135.96
396.37
379.63
69.102
31.009
893.78
349.07
46.194
348.5
137.71
27.737
70.551
559.34
258.88
94.575
857.24
174.4
227.23
76.152
452.28
558.52
428.94
418.86
49.871
165.96
1263.3
161.6
45.881
103.99
185.46
162.57
52.098
583.46
252.26
770.54
264.44
27.622
777.49
114.2
171.83
555.05
766.58
84.984
179.3
131.2
29.514
152.48
50.866
373.2
320.2
92.418
299.75
536.03
93.721
411.98
167.72
104.08
152.08
119.02
169.71
228.86
24.404
41.928
1331.6
166.41
285.55
330.86
149.08
77.141
96.712
78.634
382.85
421.88
45.36
579.9
1685.8
508.07
136.05
586.59
289.85
103.31
120.01
1484
336.11
68.767
100.74
215.8
152.09
113.72
241.17
258.31
33.308
45.225
93.164
253.8
518.88
86.676
65.632
101.18
128.41
99.729
616.8
116.56
323.39
25.612
865.77
84.789
387.1
289.13
84.782
241.83
329.27
146.6
204.41
900.57
214.67
122.24
154.9
181.78
68.5
369.75
228.9
56.636
35.508
83.602
278.54
533.43
462.86
174.06
53.534
126.77
850.13
382.36
168.67
663.67
611.27
1642.6
218.53
113.94
149.34
158.08
476.38
544.23
249.44
673.15
57.777
79.557
436.43
300.72
599.56
571.7
337.26
258.49
348.52
127.09
148.8
305.13
29.536
413.18
110.94
167.33
35.582
142.7
683.27
742.37
142.31
445.86
164.24
354.24
114.92
263.77
218.86
116.38
1055
192.05
458.43
522.5
220.58
45.726
605.68
1467
665.09
290.39
196.88
299.7
50.145
389.98
235.96
121.06
222.8
369.62
678.25
1343.9
283.97
585.15
571.99
40.938
117.82
198.34
410.02
141.56
52.508
55.234
328.35
192.04
50.293
149.29
556.73
440.13
87.641
523.86
144.61
73.422
241.11
286.49
216.32
83.301
548.32
347.74
124.95
426.89
152.66
646.14
371.59
395.42
281.28
980
472.77
921.35
829.85
354.56
238.32
43.398
108.01
89.81
395.82
407.15
103.97
266.63
161.92
36.357
177.87
266.64
410.62
601.6
281.22
703.93
106.05
1048.9
238.24
186.89
609.24
54.448
262.37
102.11
233.32
102.42
163.41
98.682
315.16
386.99
515.79
1028.5
150.47
726.16
231.01
203.01
347.31
134.67
103.8
804.35
174.11
24.345
108.62
91.425
423.14
588.6
305.93
298.46
87.426
331.69
200.58
855.13
351.6
146.81
107.24
399.26
232.85
392.08
257.85
171.61
582.53
347.3
20.006
337.68
239.68
278.2
67.64
181.64
178.42
260.65
325.44
98.984
442.06
114.7
214.25
250.43
126.04
1299.9
506.29
58.075
156.35
529.63
671
258.56
967.62
62.764
71.665
409.51
735.75
9.0971
587.18
766.66
137.83
143.62
596.43
476.99
86.27
1717.7
70.024
613.52
48.157
498.24
188.84
97.705
206.7
480.81
494.57
129.47
36.486
175.6
59.43
270.45
190.03
70.433
329.29
137.05
316.67
387.67
63.294
395.8
66.886
62.733
79.752
183.38
58.57
48.499
93.982
739.71
201.5
597.09
75.734
511.63
209.68
254.53
83.084
46.005
211.22
83.475
96.619
65.414
253.24
537.37
150.18
195.2
703.99
240.85
131.46
57.239
103.49
142.06
594.2
365.27
667.03
533.99
55.559
49.245
339.41
547.26
229.32
103.15
368.28
730.07
547.47
92.97
170.14
253.74
143.65
169.34
159.12
26.729
127.51
350.18
234.89
85.34
51.173
121.02
838.84
278.2
87.378
199.05
427.69
375.96
145.69
503.81
85.287
105.91
180.23
776.67
185.93
402.45
434.22
266.76
113.46
102.12
310.5
68.128
52.433
318.22
312.54
167.34
72.929
605.03
322.61
1429
437.28
239.17
242.24
139.1
182.32
41.032
499.2
565.02
35.254
309.36
189.9
96.62
542.46
529.35
75.201
128.27
266.12
22.7
299.4
455.23
77.46
137.38
120.44
165.42
15.273
348.47
104.2
48.731
76.854
546.95
470.65
277.64
139.83
196.16
318.55
76.834
676.8
36.386
178.32
191.48
128.59
763.13
399.17
14.173
288.24
339.57
176.74
115.73
499.07
130.37
79.462
67.254
471.66
200.55
68.08
45.11
322.55
390.83
142.98
455.35
320.57
66.647
351.63
166.15
214.38
265.15
289.54
266.65
207.02
158.25
295.74
189.39
470.54
275.98
246.31
27.254
70.63
78.292
87.507
44.087
53.797
88.734
471.92
177.29
241.65
38.711
194.55
154.26
147.98
199.42
125.79
593.81
169.08
226.03
93.886
124.1
32.994
163.62
239.46
36.21
69.421
424.11
153.72
326.34
6.3293
631.92
319.64
85.483
42.022
735.19
530.61
669.96
90.542
553.08
141.3
26.848
434.23
105.73
381.96
243.56
86.624
328.46
28.563
765.9
152.19
196.67
835.21
162.86
401.87
254.42
91.171
97.405
275.36
207.03
228.23
84.246
248.39
464.51
42.514
205.66
423.98
287.89
104.84
89.795
119.71
164.78
140.76
161.47
35.725
310.16
286.28
281.23
407.43
56.39
22.341
181.96
1136.4
468.19
184.36
157.62
53.545
43.882
127.82
158.11
261.64
143.11
165.72
176.95
68.236
149.2
41.068
132.78
50.012
590.01
609.86
1391.2
71.274
39.183
333.47
788.93
95.714
116.58
101.59
178.47
638.65
201.25
60.787
58.642
63.004
291.82
100.71
389.24
74.442
692.51
66.283
89.309
271.95
168.89
614.37
469.76
41.443
605.93
40.515
310.64
1634.7
