77.847
202.75
17.34
36.141
105.54
31.208
65.798
122.27
14.88
25.06
40.416
23.404
26.65
12.823
76.685
38.89
137.84
75.71
37.827
20.957
317.54
40.464
44.447
145.02
23.74
60.122
80.595
98.827
70.789
47.24
53.784
153.88
28.606
146.76
117.06
778.76
130.58
58.562
124.86
73.869
139.62
75.947
41.413
40.247
34.783
37.246
22.122
69.629
511.69
3508.4
147.06
30.103
119.35
61.946
12.425
62.74
304.2
29.653
97.069
40.536
40.161
52.943
210.55
31.641
15.365
26.552
61.775
44.424
73.438
85.681
60.048
81.199
112.75
151.8
112.85
91.862
123.48
1407.1
41.152
69.145
72.576
24.76
97.227
147.5
27.314
45.884
78.405
122.05
115.96
118.63
49.252
166.21
76.32
32.707
59.945
323.82
42.307
75.59
992.2
68.665
96.515
179.05
62.833
40.228
33.935
45.398
60.944
252.29
216.51
26.497
34.204
62.984
56.037
38.042
25.095
74.921
90.858
24.961
107.23
59.052
77.765
54.826
58.46
53.479
65.897
45.274
103.13
32.638
40.143
38.1
32.948
39.91
27.135
19.48
33.648
43.788
33.446
41.899
31.796
19.704
40.981
70.872
127.48
86.56
101.02
146.41
10.47
124.96
19.366
23.786
71.172
26.597
14.047
23.091
33.919
56.169
51.781
59.891
36.931
42.029
140.46
249.35
174.05
83.63
42.352
143.45
57.789
54.067
121.02
296.11
81.474
37.661
58.783
205.65
175.18
204.31
66.181
150.52
35.5
44.733
78.229
31.165
93.22
27.486
36.27
55.396
207.69
70.096
38.173
255.61
34.692
129.4
177.51
75.371
46.769
273.76
74.011
82.924
198.08
112.31
42.201
51.345
101.21
74.021
78.32
10.554
42.021
38.972
32.681
42.045
270.97
3436.6
471.27
360
15.379
31.38
29.809
12.964
23.663
31.021
24.812
96.815
225.06
14.26
28.821
49.231
66.412
71.112
27.702
71.314
279.57
93.076
120.84
97.43
87.099
62.486
30.988
38.541
36.945
118.77
86.164
50.785
195.35
44.646
24.642
16.116
3083.3
50.066
35.14
27.598
24.623
51.177
116.94
80.46
174.07
71.722
55.037
218.13
117.19
71.008
35.97
24.826
122.69
69.29
33.001
51.717
24.226
79.026
309.94
516.41
56.302
45.19
55.462
79.28
61.184
19.656
41.007
37.188
50.446
72.909
50.249
3520.1
144.44
48.665
36.921
96.445
196.07
42.706
69.002
336.55
134.28
65.235
47.742
52.371
38.796
51.574
54.334
47.482
43.297
86.824
61.738
77.025
14.556
67.158
23.878
42.236
3654
22.876
27.548
26.722
19.345
34.376
194.19
126.03
47.532
36.683
176.64
394.47
2167.2
1321.9
42.532
150.83
84.948
33.937
38.109
151.87
43.701
690.14
121.54
340.81
56.765
40.222
48.358
19.685
35.274
40.504
48.106
1018
148.4
113.04
215.38
441.76
75.305
130.62
46.513
105.87
3309.2
557.32
62.311
72.019
111.23
45.16
136.97
232.04
130
2037.4
179.16
75.511
77.623
48.987
44.128
67.322
11.599
16.365
116.34
45.543
24.358
18.856
230.05
50.132
212.63
41.429
18.374
50.559
44.427
269.13
18.423
158.73
102.66
3341.9
57.269
56.182
96.603
154.44
100.49
63.887
91.703
64.317
80.661
28.12
33.602
274.59
55.57
217.43
114.59
141.17
45
94.166
275.39
28.341
78.137
86.268
46.292
23.607
19.33
53.088
53.479
38.45
70.658
23.48
4295.7
52.008
59.036
106.67
56.59
56.73
60.524
26.367
42.063
153.77
59.113
617.02
84.568
144.36
55.151
93.521
10.303
104.45
17.384
13.522
86.177
510.69
53.717
39.908
82.265
1254.9
183.24
14.096
54.641
37.788
23.165
63.074
110.56
31.431
81.359
93.327
64.969
214.65
48.043
6.8569
61.953
55.3
68.979
38.63
137.85
128.52
114.14
41.908
13.155
72.354
158.81
23.884
59.995
50.2
205.29
25.489
49.348
3220.4
21.668
87.711
42.592
250.73
49.781
111.69
229.64
210.11
18.128
147.16
85.68
734.95
223.1
40.908
68.62
18.057
36.61
234.06
193.32
129.73
51.357
135.14
582.21
64.38
172.5
176.76
93.56
199.89
35.473
80.742
71.19
541.78
91.62
39.373
58.612
55.876
331.06
179.69
114.8
19.156
83.018
64.535
214.24
120.25
103.06
17.933
7.1322
25.612
1139.1
47.444
28.357
85.194
69.079
2076.9
153.26
132.85
29.131
24.39
211.19
1951.6
52.532
82.451
53.415
69.66
53.56
172.27
67.796
49.981
27.005
2597.4
45.09
75.283
27.944
57.652
36.594
147.94
53.384
224.01
72.442
127.35
136.71
51.905
17.536
43.212
41.123
37.046
211.13
105.53
29.15
37.88
45.937
7.2796
68.793
37.213
116.28
47.376
42.757
312.72
42.906
57.15
33.39
24.804
28.26
67.156
86.784
53.887
142.82
44.366
195.21
303.86
103.51
101.61
118.64
96.152
46.869
349.01
58.42
146.15
68.489
50.524
48.63
112.31
53.967
58.587
41.056
110.44
60.704
83.993
59.611
49.801
72.252
292.74
63.955
38.924
42.407
101.28
857.37
49.545
473.04
564.3
58.044
7.3392
59.627
35.73
42.459
22.129
184.61
67.727
23.181
54.368
30.926
85.865
10.846
16.705
224.06
160.07
29.274
97.699
124.47
141.38
148.65
17.598
28.674
315.85
81.05
2617.1
32.089
40.446
33.996
24.446
16.145
90.667
148.17
2400.2
2240.3
441.85
1856.2
322.08
504.98
61.726
15.968
34.52
74.323
77.791
56.843
425.12
86.462
186.74
37.229
72.197
1503
24.201
30.322
75.668
53.597
207.05
85.444
216.7
259.28
30.578
79.71
67.791
51.72
160.79
19.244
125.54
63.628
74.127
66.65
63.765
41.018
45.874
24.671
47.064
415.24
54.015
143.47
36.168
67.457
34.492
76.555
13.929
19.475
120.16
66.152
86.553
55.392
81.176
85.482
72.971
48.57
37.612
36.392
24.151
473.34
107.48
18.293
91.887
120.48
45.168
1867.8
142.75
37.743
93.191
50.07
105.63
204.5
60.79
3155.8
2598.1
222.2
171.51
72.487
47.249
66.804
115.53
37.531
22.87
24.117
83.726
289.26
232.55
203.4
45.03
28.582
58.296
22.746
89.527
31.642
175.29
249.44
21.64
105.62
160.26
38.961
61.871
45.741
64.66
59.29
74.507
36.643
17.666
98.786
21.247
22.453
20.13
31.166
45.08
15.416
51.538
51.559
186.48
45.594
73.023
204.37
53.427
58.753
230.25
120.61
144.03
46.115
53.002
116.08
64.916
25.168
94.578
160.14
79.97
25.886
49.764
34.012
37.575
144.86
285.52
92.921
122.46
58.593
29.073
79.582
69.298
68.089
141.23
100.03
136.78
14.889
70.283
72.018
1537.3
76.666
100.07
67.704
16.415
46.587
41.611
55.136
41.769
3115.9
23.094
226.49
86.029
66.192
205.24
38.872
74.055
57.057
14.93
67.174
750.39
48.379
216.63
1013.8
2579.5
10.931
33.575
471.53
47.362
44.128
1147.9
140.78
25.86
13.33
25.391
36.143
167.51
71.776
57.148
314.51
76.081
109.37
277.3
229.09
41.896
203.84
9.4434
24.021
223.71
55.323
32.474
220.86
50.929
234.27
114.27
540.46
211.32
114.58
35.23
101.17
1852.4
1039.7
7.8236
25.356
100.93
37.477
47.274
45.876
1576.5
109.97
116.82
125.41
82.353
71.586
1149.7
60.272
92.196
70.601
52.987
32.56
44.8
35.318
52.875
93.999
89.445
62.926
54.525
90.946
57.822
22.168
89.761
282.94
87.676
27.331
25.335
10.502
113.01
1583.2
172.7
22.224
500.59
123.24
40.87
203.26
101.38
95.798
11.062
42.129
165.07
41.01
94.65
373.35
70.273
28.252
21.615
42.351
1368.5
74.246
72.602
65.47
1568
161.8
321.41
64.331
64.59
418.66
93.826
264.08
174.14
54.806
104.63
85.564
122.73
44.14
42.56
72.982
97.158
130.73
38.338
10.897
80.797
50.965
64.055
37.961
58.669
16.623
15.684
68.312
41.696
28.998
42.623
12.778
17.816
26.638
158.96
51.935
90.803
244.37
128.95
41.724
19.344
1123.7
82.087
29.573
33.313
156.28
193.81
783.3
121.61
233.56
30.446
293.36
151.28
12.401
101.19
191.98
54.135
544.86
2021
57.352
30.513
123.73
60.936
224.77
2465
85.477
57.276
75.619
76.296
69.697
27.518
49.782
243.74
49.143
122.85
58.467
244.43
75.834
30.002
84.348
137.84
21.006
23.227
256.14
142.92
28.526
74.606
208.29
51.257
40.575
17.604
100.58
139.52
33.739
17.117
78.548
71.819
12.578
22.75
51.552
38.379
31.874
8.6807
57.708
44.521
29.718
31.845
46.196
42.461
338.7
181.79
202.71
98.614
128.18
179.25
45.027
94.454
64.469
53.635
1691.1
135.32
60.488
23.134
17.338
148.51
69.417
67.773
43.086
75.811
2436
17.899
56.08
61.643
292.82
163.34
122.13
127.17
369.67
38.441
115.29
1853.1
