16.645
9.8656
4.9644
1.2915
12.412
8.6702
14.658
14.99
12.243
7.0744
1.0596
1.7
2.5043
2.6106
4.9047
10.512
24.892
7.0885
15.866
0.8065
1.3904
7.7312
5.234
21.998
9.9923
11.686
12.646
4.7827
7.4431
1.4827
15.116
0.33012
8.3493
7.9992
9.8384
2.3324
2.3706
10.662
1.9766
14.035
26.759
3.1529
13.628
2.7053
11.139
14.246
14.984
10.863
0.93121
4.7493
7.9297
10.58
12.868
5.1037
3.4516
20.372
1.8689
2.1675
3.4632
4.7516
3.5298
2.1025
8.5281
21.041
19.281
12.449
3.704
3.6826
8.7543
5.8743
11.836
6.8664
11.63
7.1681
6.5746
19.115
6.5421
0.80937
12.246
0.90705
1.445
2.7871
7.4685
17.441
17.713
17.219
4.4507
28.806
16.408
4.2214
6.779
8.4502
8.6332
5.6649
10.806
12.072
5.9578
4.2386
0.54165
1.2229
0.89252
6.9637
13.479
28.671
6.8024
13.742
12.589
4.7181
19.896
15.201
6.3065
7.8762
5.808
3.3057
5.3706
4.0363
22.445
13.877
4.9744
38.352
30.761
9.6829
8.2767
25.698
18.325
12.607
8.8012
15.61
4.6948
1.823
6.9978
18.167
6.3834
18.749
1.7605
8.2686
2.1723
9.9749
37.778
11.973
11.632
31.378
31.193
31.621
1.6879
3.6301
1.8339
5.8287
1.8851
0.93974
8.9758
16.913
17.926
4.2234
5.4494
7.9833
9.9251
0.89154
5.8346
6.2259
17.534
0.47068
1.1654
1.0658
16.52
4.4246
1.2563
13.942
1.2792
3.8411
11.393
5.9312
21.117
8.4371
1.1409
6.8628
12.138
0.93369
7.7736
7.2938
6.6708
10.619
3.7031
17.61
20.725
23.393
3.8688
4.1094
11.9
2.804
9.9044
15.365
2.0239
1.3245
7.0626
6.8186
4.4107
3.1237
0.4488
4.9623
23.515
9.6933
7.269
7.3455
0.3988
11.201
1.9155
5.9672
12.294
2.4998
2.1888
0.50279
51.863
0.97343
13.575
8.1883
9.2615
17.381
5.9646
10.67
16.741
25.96
17.352
5.6375
15.863
9.3742
13.455
5.6938
18.22
28.23
13.567
45.255
35.531
16.517
12.259
2.0497
6.8435
2.0387
7.5873
2.0844
3.5589
1.3048
0.55948
11.486
0.80977
0.29153
0.13217
2.9211
1.294
0.51296
7.1059
1.7081
4.2099
7.2105
2.7098
10.811
0.18388
2.4233
2.8122
3.4279
9.3273
0.93142
2.037
2.0742
3.0607
5.6787
28.258
25.152
1.6976
1.9199
7.4716
6.4845
6.5466
1.2725
4.2858
6.0438
10.097
24.415
12.636
9.4508
11.526
0.47637
36.149
16.619
7.5094
4.1157
7.1107
4.098
3.7482
3.9625
2.2712
3.9208
2.2478
0.3064
4.8514
14.564
5.9953
2.6844
11.094
1.1808
6.477
0.73861
2.6344
0.1383
2.9109
9.7012
0.34025
12.716
0.27357
0.35304
7.7196
4.6702
2.2065
11.184
0.76046
40.058
14.888
0.81241
13.802
7.308
2.3565
7.7357
0.24118
16.852
0.73298
1.8031
7.8174
0.60247
34.212
4.6017
4.9198
13.375
20.669
12.825
7.7222
10.701
0.57217
0.28613
12.056
4.1516
5.1617
17.731
0.31311
6.7117
1.2045
1.1904
7.4063
6.0126
1.5882
26.357
2.8721
41.295
11.306
8.6356
0.7577
5.4948
2.37
7.4356
2.9664
27.677
2.3297
25.202
6.2716
20.338
9.1964
8.2538
3.3328
4.3363
0.46482
13.892
1.8059
14.009
17.982
10.014
5.2676
6.8094
16.176
0.47631
0.1836
0.24665
11.186
2.3531
23.904
10.367
0.72256
0.88884
8.0156
4.6165
1.5202
2.9263
0.51159
2.0199
7.7973
1.502
7.3281
11.32
9.9753
2.0301
3.0324
5.501
3.4352
3.2504
10.161
15.345
21.963
1.0928
13.478
7.4267
8.7723
7.5755
1.2307
31.958
5.9886
14.726
12.863
4.3971
0.37125
3.2012
3.0321
1.4435
15.043
22.318
9.4488
5.8899
12.054
2.6802
3.6153
19.954
6.1617
8.3529
5.0054
1.1771
0.89814
1.1506
1.0082
1.9624
1.0743
6.572
8.6435
0.7377
1.5412
14.159
5.1761
0.43821
16.2
8.4605
2.5046
16.914
12.078
4.4617
16.381
17.627
11.572
17.068
0.2216
14.254
21.857
1.5005
1.744
5.5465
10.781
3.6112
3.6317
18.851
12.259
19.268
9.217
3.7606
5.3499
5.861
0.43752
4.7443
14.09
9.0985
1.0498
15.49
2.2568
0.90151
0.34019
0.67215
0.47116
9.2202
5.0917
2.7191
0.42463
10.576
1.3777
10.133
3.2007
2.9311
1.3188
17.174
1.8299
23.334
11.028
10.741
8.63
35.493
9.3121
20.243
7.3133
5.7335
1.0316
1.7339
1.0045
2.2625
1.8217
30.286
3.0636
1.9305
3.2537
14.894
0.46374
2.3564
2.1389
4.6415
0.54638
20.103
3.2126
4.0034
13.673
0.35826
1.4512
10.32
8.9228
7.8008
26.461
4.9452
3.9021
6.3588
12.566
5.647
0.91623
1.1911
13.698
9.2511
9.0384
0.42742
7.6235
23.419
23.412
24.745
4.0993
2.5745
15.36
13.74
22.248
22.504
18.907
6.918
11.435
12.02
15.266
14.352
6.544
9.0409
18.219
14.556
12.947
7.7642
7.2422
4.5438
18.574
8.5904
19.107
1.4373
0.89348
6.7961
12.804
12.502
23.971
6.0572
14.515
3.3255
1.6772
9.4147
1.5735
4.439
0.31633
15.744
12.717
6.6773
5.9057
16.565
11.232
3.051
3.9309
20.463
11.496
12.763
2.2244
7.1692
13.519
10.008
0.90135
2.612
15.839
21.456
5.4945
0.25693
14.421
9.8239
17.292
4.9186
1.2637
7.1861
2.7291
45.692
16.367
7.1075
18.094
3.0762
9.676
7.6156
0.44246
15.8
0.18618
5.1182
1.137
16.924
1.4751
11.883
7.4991
0.48312
3.6798
4.1866
0.90244
6.597
3.6244
15.448
2.4969
1.5065
0.61228
0.48
9.4206
6.3511
13.25
7.7449
23.57
12.256
29.259
1.3492
0.29907
1.0733
9.4443
13.918
0.34844
3.3167
9.2746
8.5518
6.8737
18.189
4.2373
19.456
19.737
1.2897
10.229
21.996
0.45262
13.017
2.7356
16.725
6.9915
6.4468
30.513
5.9437
9.2917
0.59653
0.24063
6.7977
0.45587
9.0581
1.1626
6.612
5.1301
1.324
1.6216
12.753
1.2717
3.0581
7.8962
22.501
2.1518
12.471
13.982
16.807
5.51
20.412
11.818
0.59286
23.42
0.86126
4.8102
4.33
18.875
7.4532
15.994
9.3335
4.9955
41.407
10.063
10.232
28.394
0.55423
10.281
3.7886
14.038
20.089
2.0464
21.724
10.671
20.535
26.186
7.9
7.6759
6.6501
7.5782
1.3155
16.37
1.8851
5.0245
5.5538
1.0849
4.8245
3.5583
2.828
3.6322
3.2574
3.5409
13.126
1.8075
3.3961
3.8193
1.4497
8.9889
18.527
2.8768
12.442
13.909
0.80939
18.121
15.005
5.768
3.4683
32.216
0.62855
14.299
10.26
3.574
23.621
14.843
16.258
8.5102
12.911
4.5734
9.3834
40.285
6.9808
15.525
4.457
9.8912
15.307
5.3724
8.2469
5.003
5.2546
0.70948
2.2281
0.50608
2.4317
1.0355
3.429
1.9164
9.3351
2.1171
9.4538
1.8279
13.461
0.4327
2.1988
1.2517
5.2858
1.0526
1.89
5.0638
12.853
0.51303
2.9825
8.2372
15.639
2.3317
10.817
0.34876
4.6079
2.8058
0.64163
2.2933
18.881
1.4575
15.522
21.389
6.1683
8.0875
1.2432
0.73634
3.9972
2.3178
7.5842
8.6665
6.61
1.2444
1.7585
2.5753
3.3278
0.83661
3.4024
0.412
1.2932
2.0954
2.9782
2.1267
1.4798
0.86501
9.8656
2.2675
0.7084
1.4616
22.791
2.8135
2.142
2.8604
6.2997
12.483
0.51136
6.3092
5.5412
1.1657
0.44783
0.51401
0.67436
1.3715
3.1427
2.3174
0.90612
14.422
3.5379
1.9934
11.252
5.2105
1.1106
35.537
2.8451
0.87158
2.9757
0.93984
0.78942
1.2782
11.711
6.1916
1.0995
1.985
1.3965
0.93855
1.5821
2.9011
1.1291
2.373
7.76
5.1024
15.338
1.8141
11.842
0.82183
3.3958
3.079
4.5109
0.39488
0.87737
3.2847
2.604
7.2641
0.17135
2.137
0.79457
1.4669
9.3025
0.51887
0.39536
4.3559
3.1391
2.1596
11.516
0.93492
6.5001
5.3775
1.6589
12.118
6.6251
10.019
11.671
11.481
0.67699
2.9952
0.54667
3.3076
1.1448
1.5305
8.7977
4.7392
1.8248
2.3789
2.2729
1.1755
0.3879
0.34696
0.51727
0.43689
1.3355
2.415
0.4499
6.2953
9.9355
0.45773
7.5839
1.6129
1.0961
1.791
0.89685
0.64098
9.2623
0.42405
0.18312
3.6138
9.2314
14.725
11.655
4.1777
0.19006
2.9229
5.0624
4.7734
21.213
9.8031
5.5134
8.151
3.508
5.9351
2.0547
5.0356
20.459
1.5577
1.1893
0.62246
1.2692
15.605
3.3438
2.194
16.8
0.73644
1.5275
2.1568
5.2008
2.0156
4.2065
2.5271
3.6054
2.734
1.8324
2.4486
7.025
9.2607
1.9134
2.3068
1.0723
15.845
11.847
2.006
23.511
5.6498
1.1523
28.974
2.4931
2.2872
5.5454
1.3006
2.9623
10.7
0.75834
16.082
2.577
7.1267
2.8348
6.3041
4.3092
10.869
2.3057
11.208
3.4331
1.7517
3.4089
8.6896
7.5529
1.0823
10.608
2.1027
8.3807
2.9459
2.9935
6.5349
3.1682
3.1254
3.0071
8.2647
2.2473
4.236
5.299
3.3924
11.131
6.2519
10.333
23.055
6.9227
24.284
11.419
8.0224
5.9968
11.16
1.2141
6.7371
14.916
9.5811
5.5955
2.9446
5.0321
1.5629
13.559
0.46548
0.70939
2.647
2.3461
0.5747
1.7307
6.9481
7.1224
0.589
2.8121
0.78242
10.377
0.27673
2.9209
9.1915
9.3984
0.51499
3.3973
13.179
9.8654
