56.414
184.64
36.551
101.73
247.53
328.03
52.142
91.466
21.817
51.407
105.1
31.877
15.399
14.512
122.67
100.98
110.02
89.638
28.167
41.582
230.2
45.776
61.181
72.831
54.865
46.891
76.593
42.469
31
49.144
71.699
1419.4
22.996
57.641
37.368
2257.7
144.89
49.316
164.11
68.553
178.97
54.495
151.79
42.803
20.735
90.242
32.001
48.13
206.92
2636.8
274.89
17.45
71.666
2027.3
31.756
32.071
189.12
41.24
48.994
84.042
61.791
42.788
49.89
116.67
55.484
50.495
74.326
21.959
217.55
48.381
67.22
76.491
81.879
132.78
50.551
54.795
21.526
200.05
60.963
55.137
1591.9
57.635
37.02
93.241
18.685
34.021
57.319
105.27
79.61
233.37
170.23
122.73
62.605
42.576
37.878
278.97
74.285
108.52
2186.2
122.47
24.881
113.93
147.7
69.496
58.307
26.599
117.42
170.61
198.3
73.692
36.826
94.488
86.006
36.05
66.606
40.662
60.124
37.313
103.2
108.59
70.96
63.636
155.06
62.549
48.183
123.35
2045.5
63.746
42.053
26.969
29.222
35.971
25.256
40.805
72.734
54.354
105.09
17.736
61.966
14.876
57.209
147.29
98.484
129.21
177.77
908.8
25.719
544.82
15.621
56.989
68.7
255.85
16.882
35.744
112.48
1096.8
122.75
47.553
12.687
39.149
188.92
1262.7
870.04
94.058
95.834
128.18
84.04
15.545
55.771
575.89
49.195
67.366
47.103
110.88
273.41
54.369
62.917
133.2
44.019
17.42
25.893
8.8464
22.343
27.22
48.707
26.48
142.55
90.173
77.333
246.25
52.007
118.99
68.146
102.9
25.839
34.189
123.29
77.809
123.16
155.22
61.16
58.085
210.27
127.94
71.268
202.59
49.462
29.127
35.652
49.809
1297.1
2935.1
636.2
1713.7
47.446
52.053
80.24
40.297
6.1664
50.779
28.929
66.787
71.103
60.062
30.118
31.329
79.022
82.15
53.518
71.772
247.22
49.561
32.724
158.17
85.705
123.08
16.631
19.438
66.641
113.39
108.65
210.8
74.06
62.757
2005.4
44.585
402.32
47.639
52.884
67.723
46.197
96.844
210.53
33.413
68.419
92.696
132.53
341.07
194.38
45.433
44.763
71.006
941.79
1254.3
69.126
31.663
100.21
85.991
556.66
2166.4
51.969
81.315
78.782
154.23
143.24
52.926
31.693
55.148
64.678
104.16
49.485
1949.8
103.98
33.904
61.566
98.667
106.66
21.548
257.01
1024.1
619.06
106.72
101.29
1232.1
77.875
91.012
134.16
139.21
162.62
179.2
44.978
18.382
27.256
2098.9
45.998
31.95
2541.3
16.057
106.7
17.425
48.303
50.4
201.09
155.49
133.95
35.559
71.639
1425.1
3362.1
1827.8
48.628
52.005
53.044
60.934
73.87
232.54
48.099
119.01
203.05
304.54
154.51
52.119
41.974
54.068
22.305
47.702
33.822
1238.8
122.65
182.86
775.78
178.4
51.534
139.25
71.501
159.31
2810.6
2635.8
57.39
128.13
597.22
56.505
83.591
1500.7
65.163
62.87
151.22
80.664
780.4
101.18
46.349
105.42
38.935
17.861
26.455
39.862
93.349
29.624
2776.4
56.189
132.03
197.74
93.426
38.111
77.844
77.301
33.099
170.39
169.45
2662.6
52.064
194.25
106.11
159.38
1527.9
1618.9
78.118
78.02
715.98
51.982
127.73
984.55
106.57
2250.4
190.38
131.97
122.23
315.91
1566.2
77.443
173.59
448.95
35.247
29.261
89.815
46.344
26.659
46.318
48.334
20.882
4082.1
50.419
40.455
103.88
93.443
150.94
1048.7
59.029
167.08
46.542
67.379
1081.4
71.479
11.706
102.66
173.44
38.955
62.754
34.921
25.154
91.997
429.91
139.62
50.221
467.3
412.38
174.51
14.904
88.286
82.392
13.413
764.87
121.24
593.16
52.612
109.08
34.605
245.48
43.217
21.66
20.943
134.39
53.906
36.624
136.9
144.34
71.453
57.295
304.45
22.917
39.423
78.265
42.19
18.126
171.23
11.663
29.339
2829.6
176.66
29.221
103.49
37.182
40.538
124.63
192.34
181.38
11.806
387.04
84.643
919.15
1586
46.995
37.931
260.14
52.847
149.35
37.242
127.89
494.26
43.171
1210.3
129.66
46.268
175.24
88.491
74.721
51.644
27.956
21.066
80.146
60.765
55.43
136.39
90.124
1594.3
58.835
87.311
30.333
82.416
118.25
80.584
81.296
465.94
21.605
27.941
37.52
197.8
84.482
11.469
19.328
39.293
2390.5
77.078
56.438
30.824
13.986
204.16
366.8
839.64
51.508
303.94
79.155
22.599
2285.4
982.2
60.341
30.205
1744.9
62.823
39.168
47.001
80.501
214.9
74.529
53.552
135.75
111.46
214.45
65.19
74.212
85.457
60.114
36.137
27.994
61.368
69.177
22.453
48.934
28.659
45.436
17.721
420.1
1157
21.151
23.236
1923
102.49
143.67
39.84
43.12
58.456
56.409
75.916
79.57
52.045
108.91
781.8
2908
355.84
106.09
150.46
126.6
84.466
102.32
63.936
73.499
29.77
48.377
116.13
86.982
134.26
68.887
61.735
48.359
80.521
47.088
57.635
63.857
59.96
223.77
46.594
58.631
147.22
120.71
1298.1
38.505
44.826
866.12
95.988
31.88
80.777
24.53
44.212
61.317
54.187
84.985
132.59
110.83
41.733
13.819
48.367
32.106
132.32
328.13
72.213
62.131
966.61
55.577
313.46
42.834
47.733
114.76
1112.9
3006.4
50.176
470.41
37.683
28.026
33.529
42.296
79.194
2559.6
1436.6
1510.8
3929.4
273.86
2269.9
71.274
51.593
39.136
57.782
68.163
43.839
267.94
70.964
188.58
99.179
82.921
2423.3
53.228
39.201
25.302
77.229
36.818
19.117
61.241
406.22
368.19
99.132
125.32
68.017
54.165
77.508
30.417
139.94
106.92
30.38
82.859
114.21
34.372
79.219
25.17
191.32
65.619
46.219
47.767
59.551
93.666
101.16
1923.5
26.555
48.28
80.318
56.663
90.025
37.194
99.269
52.75
16.032
101.52
114.06
63.014
615.41
72.366
25.547
26.252
313.8
18.417
386.08
84.345
30.715
45.486
75.513
158.88
126.57
49.066
3135.5
2371.2
57.327
79.283
29.5
26.558
51.228
157.44
59.233
14.589
47.127
74.538
320.55
420.5
72.563
537.99
35.629
76.502
94.766
25.475
37.529
95.675
427.48
42.286
148.77
128.87
120.23
77.693
38.506
122.76
129.04
31.268
42.129
11.141
89.732
22.317
69.126
49.168
47.833
154.26
27.577
52.617
97.303
69.466
209.76
52.15
28.004
36.122
220.7
271.66
298.5
87.87
68.393
949.68
60.88
42.931
56.626
58.274
48.423
57.052
23.291
62.245
52.812
30.383
124.68
136.22
83.296
141.87
52.275
17.702
42.735
62.147
45.777
67.429
243.79
265.18
213.47
168.7
187.83
1372.4
34.403
109.22
249.65
20.779
48.247
53.649
94.465
90.282
2497
21.422
123.21
132.39
56.176
727.21
15.078
31.936
125.7
45.226
40.916
117.44
867.63
1019.6
1448.1
2293.1
16.813
31.84
69.204
56.833
168.32
1589.6
1531.1
1442.7
24.621
39.097
59.353
402.16
96.36
65.304
2284.6
41.535
1275.2
1588.7
72.259
38.226
12.07
41.921
30.41
1301.8
64.614
31.29
47.377
61.834
1906.2
71.46
333.68
538.85
122.41
60.849
63.407
1365.6
53.409
21.814
48.378
70.644
120.71
40.446
80.46
554.14
801.8
77.743
60.719
237.84
53.43
384.04
340.81
85.546
43.687
76.465
64.844
18.645
762.76
20.59
110.95
252.94
198.92
29.95
139.25
29.986
56.442
48.386
2384.9
1196.3
48.988
46.891
18.044
104.38
2369.4
2101.3
20.21
262.96
31.657
10.96
43.818
90.194
57.246
13.257
14.566
1190.9
61.26
76.128
1022.6
61.097
68.265
21.618
53.855
54.885
123.18
107.64
540.12
677.77
752.21
253.46
57.602
117.57
395.5
62.865
312.63
53.676
42.477
827.33
58.408
110.31
49.223
100.63
73.467
2242.4
42.597
73.338
69.079
17.405
124.4
213.93
139.27
31.703
28.548
79.853
91.31
57.874
26.836
112.28
27.078
68.474
31.059
270.59
33.837
100.74
251.51
103.32
38.911
53.01
1447.8
32.175
41.372
10.916
209.43
599.04
925.89
125.46
161.77
18.039
1061.5
906.45
147.45
7.7191
182.22
154.64
768.08
15.91
156.19
71.509
312.02
135.41
146.43
655.81
55.456
56.397
101.12
55.105
1442.6
29.77
54.895
396.45
68.544
780.97
149.39
70.597
40.8
190.62
47.754
122.56
190.5
52.93
56.009
38.263
71.918
54.69
49.047
92.946
58.005
31.898
116.89
96.315
46.273
212.06
97.874
71.169
22.989
29.212
47.742
59.159
33.144
38.839
71.737
58.836
51.303
42.844
66.141
37.359
248.97
294.88
293.95
2230.1
1338.6
200.39
217.55
100.05
41.585
186.17
1095.3
73.148
60.251
150.47
12.81
28.357
77.407
127.7
47.618
58.754
1122.5
542.22
419.28
62.688
781.44
101.49
85.733
211.79
626.34
34.733
728.31
714
