49.07
751.16
147.85
691.14
620.03
90.481
19.772
867.61
55.822
788.64
616.21
201.94
382.27
31.676
76.963
370.35
69.027
19.575
491.73
739.63
4.3033
410.15
457.48
13.008
813.72
584.21
241.54
64.662
1102.4
200.32
25.681
804.5
53.958
33.959
527.9
727.55
415.2
375.07
564.54
55.689
760.07
631.78
46.951
488.94
42.888
113.92
29.849
104.37
645.04
569.4
455.84
413.47
917.08
872.88
41.597
646.86
604.77
13.436
411.84
468.49
177.45
525.83
12.539
1032.4
113.9
87.186
23.843
532.85
781.91
30.724
378.62
611.71
392
153.78
157.77
355.26
44.731
609.04
28.336
69.102
439.73
317.71
46.873
306.44
10.892
59.685
25.227
1247.4
143.41
91.469
903.62
673.04
80.119
198.06
63.411
942.42
715.25
439.48
136.32
263.98
42.414
61.91
817.97
1160.5
293.83
830.31
1090.5
199.39
1034.3
338.09
986.74
33.455
59.956
116.07
352.17
45.952
668.94
260.41
1026.4
1169
494.62
730.78
28.406
286.87
64.812
64.732
299.18
19.345
74.823
13.906
63.457
48.331
547.08
18.365
417.39
84.385
321.25
17.333
55.826
121.08
67.855
762.06
55.719
166.92
764.94
313.77
464.1
662.85
209.99
7.1654
799.13
20.22
598.42
144.89
487.93
285.72
84.756
464.28
304.5
787.04
531.36
695.53
198.24
221.64
58.533
680.17
545.7
302.44
471.8
519.05
405.55
60.749
18.406
135.66
230.39
782.37
61.075
403.97
75.57
18.419
231
49.748
790.8
59.255
523.85
147.31
490.85
166.9
40.052
92.321
66.153
27.661
692.14
365.99
1139.8
72.47
80.891
238.89
274.21
476.96
542.42
32.291
430.51
104.88
80.533
1267.1
376.16
388.06
20.225
27.793
511.92
666.19
896.91
627.63
33.644
20.205
507.39
16.964
56.895
61.444
390.29
42.443
72.223
71.532
24.249
61.01
29.655
216.15
616.07
65.089
1078.8
88.854
131.24
930.24
24.799
304.35
43.641
306.24
321.21
419.14
36.118
325.48
255.65
343.62
1.8703
433.16
0.084561
498.32
563.8
488.49
180.76
228.41
614.1
161.37
976.58
1015.2
711.14
651.01
789.91
851.25
28.778
284.55
316.98
638.89
415.15
280.9
382.11
324.83
487.21
87.771
488.99
29.273
114.78
324.26
765.18
147.09
84.567
23.884
24.837
41.626
39.342
254.62
1576.1
77.057
38.783
452.05
399.25
140.56
289.69
299.24
105.33
611.01
524.13
400.35
444.03
604.84
165.08
669.75
360.91
198.11
320.04
451.78
177.07
190.12
511.64
554.45
1.6832
18.784
300.51
36.814
110.47
63.483
381.03
1072.8
369.27
52.435
65.915
151.51
1147.2
756.98
114.67
73.328
236.95
420
509.23
25.02
22.441
179.16
1383.3
383.27
446.08
21.626
65.337
123.38
326.13
203.96
395.04
299.55
213.89
764.91
427.91
237.72
632.4
30.114
295.45
123.37
532.75
458.18
449.93
670
641.89
206.13
281.36
659.82
290.72
296.55
984.4
652.03
436.88
102.08
713.92
467.68
735.55
13.362
827.45
167.63
553.18
89.789
296.24
123.76
156.12
574.6
606.66
1052.7
507.96
581.26
38.578
487.45
622.58
256.75
731.68
298.67
72.802
528.41
21.974
149.53
488.81
65.987
456.86
67.392
300.9
388.84
965.18
535.66
776.51
646.74
83.407
343.21
502.84
81.136
214.8
596.71
206.68
709.94
423.24
569.76
20.506
446.47
685.71
93.301
0.90686
523.81
401.18
69.84
99.677
567.28
327.22
638.63
350.96
90.28
64.194
935.07
575.55
233.92
79.794
189.19
380.34
523.86
59.207
58.977
296.46
136.72
270.8
261.59
786.38
749.31
558.57
627.54
63.303
359.54
246.97
696.29
695.85
191.95
239.2
346.54
697.41
1633.9
675.2
1105.4
27.422
760.73
30.65
82.424
325.65
1131.4
99.524
524.84
148.82
405.15
941.65
128.37
269.16
73.438
982.81
144.23
107.99
739.33
601.64
834.21
203.17
29.752
523.98
697.12
751.93
473.51
50.764
30.927
0.61273
1075
258.83
175.88
112.3
459.71
524.6
639.14
496.35
489.09
1040.9
584.68
28.066
795.64
542.41
706.03
607.07
890.17
461.23
948.82
14.52
114.9
464.15
16.217
943.25
571.09
186.39
103.99
792.71
31.902
325.22
667.17
111.41
78.212
194.91
9.0307
611.24
95.635
263.24
418.9
183.19
46.923
38.285
197.15
55.216
75.468
763.11
380.94
98.1
896.36
903.6
175.97
876.34
841.5
510.35
587.4
43.236
22.64
538.54
469.28
451.67
306.07
17.838
109.63
138.5
816.79
50.895
561.2
1178.9
638.76
46.9
1203.3
19.893
1411.9
11.293
90.077
163.4
80.278
813.29
41.062
17.089
425.87
130.23
248.26
309.3
40.984
28.817
457.07
117.73
400.48
44.97
68.237
1473.9
1249.6
35.781
434.07
139.23
45.175
291.69
206.85
804.5
747.25
1229.3
363.09
888.4
588.09
753.43
433.75
159.7
93.34
319.87
63.18
482.96
65.324
113.17
724.15
729.27
538.37
44.252
253.88
829
790.72
614.85
631.11
75.428
360.26
12.149
938.55
458.43
2144.4
38.212
1521.8
19.127
560.95
6.4573
15.185
312.72
21.88
756.2
283.53
458.75
471.41
365.41
568.33
482.82
62.398
300.54
156.06
191.11
39.398
188
115.97
490.25
226.12
189.65
598.59
17.016
917.65
95.263
11.586
1125.7
959.74
692.05
1028.8
561.89
137.03
949.37
624.12
1.055
1043
99.018
28.319
640.31
534.92
374.01
663.25
772.46
246.31
1015.9
190.97
576.49
122.45
284.42
84.747
19.013
50.993
55.716
69.795
1356.9
470.27
172.85
98.946
494.66
49.623
299.6
256.8
720.49
646.05
682.39
265.78
647.92
686.62
404.01
117.09
753.44
383.08
250.9
167.34
677.63
556.17
731.71
451.17
256.23
740.37
19.92
466.11
569.74
21.182
1397.1
185.42
71.721
60.899
6.9445
548.56
57.941
563.51
417.24
22.172
364.37
16.699
1030.6
29.643
523.91
84.215
639.37
44.33
106.36
302.4
713.87
87.511
520.66
401.91
173.83
397.23
315.04
571.01
108.86
11.739
128.56
344.27
714.17
737.87
311.66
1104.5
925.14
182.62
105.71
98.566
12.525
102.8
43.236
951.56
1043.9
213.57
891.05
489.57
51.618
669.14
131.13
83.407
460.97
14.086
1021.5
103.26
177.17
220.79
784.37
1024.7
118.13
50.201
43.798
685.16
493.75
34.679
336.86
722.28
282.47
84.148
607.15
269.32
375.67
214.24
415.75
70.644
203.82
272.11
31.106
664.4
66.87
248.81
383.16
539.72
658.07
808.33
148.63
367.17
21.24
247.39
536.13
596.09
95.143
1134.4
527.51
954.09
516.9
608.45
437.62
366.65
580.73
192.91
473.16
12.403
508.4
136.53
369.81
182.46
11.43
30.844
251.7
902.28
370.64
198.77
8.4657
205.73
486.3
97.755
380.72
685.02
170.39
276.51
435.33
540.82
303.7
247.54
0.70674
174.07
752.54
73.41
21.139
783.36
372.06
742.79
755.67
480.23
613.42
506.84
894.86
287.14
408.6
723.44
257.26
236.5
40.647
16.619
300.03
415.66
58.341
829.08
273.17
19.693
557.13
443.05
109.75
552.08
224
109.37
329.2
173.7
101.28
1249.5
16.169
54.018
234.13
166.35
402.8
416.21
471.58
220.87
551.2
647.67
99.587
564.24
327.95
498.87
417.82
568.3
312
192.28
5.2098
178.44
455.73
109.1
18.459
421.7
803.09
204.58
364.7
22.548
79.877
376.39
31.633
379.09
625.77
310.05
235.54
936.95
5.5877
431.12
911.69
62.855
466.22
473.14
55.447
17.862
212.04
352
393.79
125.44
209.05
335.5
32.025
255.76
525.03
130.02
112.08
231
75.369
9.3626
248.7
391.43
459.02
166.02
172.27
493.15
180.76
478.26
488.24
358.9
522.67
879.95
475.65
518.39
93.702
140.37
575.98
1383.9
434.53
473.88
467.63
731.05
739.05
32.107
7.1453
433.75
41.282
127.18
925.8
222
29.871
175.44
104.79
473.16
201.78
227.53
591.02
334.58
900.83
5.603
327.31
65.701
198.41
301.8
294.51
265.58
138.54
477.71
265.58
297.18
4.0239
121.45
611.4
254.43
882.32
35.903
8.2357
1.9959
373.6
768.6
581.11
66.971
616.8
5.2275
942.58
634
519.1
33.537
182.7
706.04
72.527
191.7
69.307
240.2
291.47
416.08
88.072
390.31
41.236
301.47
911.25
65.433
231
1034.4
649.77
227.59
216.26
88.186
485.92
19.604
218.96
538.54
438.26
728.03
577.34
358.31
268.11
312.77
443.68
244.3
171.31
42.97
783.74
318.24
70.076
60.839
78.973
30.243
521.89
602.07
115.01
2.4194
657.24
1232.9
87.747
508.64
483.45
403.27
163.92
690.84
372.99
158.12
14.281
232.87
120.64
129.25
316.33
57.159
417.47
109.88
539.37
127.34
171
71.256
81.04
44.5
231.95
29.867
301.09
62.857
