1.9106870317943
0.926217189192966
0.0946670860857713
1.47760639847145
0.344855708177506
2.27418358906248
1.40155884100521
0.623787587524613
1.07534398191838
1.01592627544185
1.05786818589587
0.377077697389117
0.260971887269465
0.610487807719642
0.606048955529925
0.711847424650193
1.27562825486701
2.77452017289388
0.711847424650193
0.879615066466277
2.60512343737257
0.163107429543416
0.709971689210443
0.76776997192222
0.299078909044307
0.987934244404828
0.432234688290051
0.558379527687483
1.21373026691366
2.9665047242902
0.935537613738305
1.21165519089394
0.311069169200656
1.31767502009716
0.404727785350621
1.1857885661692
4.90442790069088
0.991460161010334
1.01531112742185
0.292428320109981
2.4978737781506
0.895914158889929
0.799104773222421
2.36156256917503
0.563827432339546
0.489322288630247
0.352999429123995
0.219029976815445
0.582964128016033
3.64154765649577
0.180583225565925
0.283964908601588
0.435391982104787
4.21861055771089
0.13257138862675
0.433399741358217
1.89366560646837
0.460195961926066
0.264467046473967
0.795731245558234
0.302913797723487
0.470681439539572
0.596012722379506
1.93282304008948
1.83413791898221
0.710675264758308
0.181748278634093
0.449172229795067
2.58280836042081
1.81748278634092
1.07429962834807
0.512623349993591
0.154474386308294
0.339030442836671
0.555468875607284
0.372816981813521
0.450875537380727
0.358836344995514
0.233010613633451
2.1099111064509
1.71174256987406
1.28971374646115
0.47534165181224
1.74641454918272
0.181748278634091
0.582526534083628
0.107184882271388
2.38031479733902
0.335535283632169
0.744923281255458
0.311069169200657
0.730488273740869
1.70097747952419
1.43884053918656
0.428739529085551
0.191068703179429
2.26835832372164
1.81282257406825
11.0412707233814
0.419577085736256
4.59496930085165
1.18718907646243
4.54925261845678
0.652429718173664
0.516118509198095
1.63781995269885
0.907576340102292
0.820197359989748
1.73754849533397
1.35078070206098
0.260971887269465
0.208544499201939
0.823692519194248
0.549194365803359
0.219029976815444
0.796896298626401
0.832703505644682
0.585928023021449
0.69187503640791
1.75690002679622
0.381594375123784
0.540584623629606
0.287133852947003
0.461361014994233
0.680390991809678
0.264467046473965
0.904081180897789
0.558798946792021
2.91269744736873
1.87690049281745
0.146768259294212
0.419577085736255
0.699031840900352
0.402054687591019
0.234473454265842
0.498642713175585
0.638449081355656
0.907576340102291
2.14835785770042
1.00762177717195
1.39058439061898
0.572041056470122
0.516118509198094
0.320389593745995
1.61709365861615
1.44932601680006
1.55068563373061
1.96660957906632
0.795731245558236
0.288933160905479
0.554565260447613
0.674565726468839
1.26175247282514
0.167767641816084
0.823692519194249
1.08582945953188
0.683886151014178
1.43102955739634
0.414758892267543
1.28971374646115
1.90971957172649
1.04738270828236
2.62369950951266
1.1883541295306
0.722332902263698
0.361145946197848
2.43263080633322
1.33748092225601
1.07184882271388
3.06524297181736
1.06252839816854
1.10060361399462
12.4494490464041
0.264467046473966
0.699031840900353
0.655924877378163
3.39729474677571
0.987965001805832
1.3269954446425
0.582526534083627
1.82680321088625
1.27223795043864
0.456700802721564
0.208544499201938
0.600002330106137
0.366991716472686
0.470681439539571
0.736313539081706
2.42797059406056
1.00937355096525
0.506798084652755
0.152621951929909
1.01468619295609
0.726993114536368
0.476338471217365
0.316649773397177
1.9141821909988
1.37794274929223
0.964076287674905
1.96660957906633
0.767769971922222
1.7184532755467
3.14098307177892
0.562720631924786
0.115340253748557
0.544079782834108
0.656502277678749
0.152621951929909
0.0687381310218684
0.379685668682209
0.795731245558233
2.15697214358115
1.94343667354048
0.918061817715797
1.06277958361003
2.24681649249123
3.13235002854379
0.610487807719641
1.60660818100264
1.11379073316789
1.50080971188239
1.26321333286732
0.786410821012896
1.01942143464635
0.810876935444408
0.394952990108699
0.516118509198094
0.87051588549858
1.60311302179814
1.78486130043223
0.741989677629816
2.34408677315252
12.1540549672037
1.41087926555054
1.07534398191838
1.89006046625424
0.814372094648911
0.460195961926066
0.973984364987826
1.1559389745203
0.450875537380727
0.823587664418113
0.47534165181224
0.650630410215184
24.805144874349
2.74129483997996
12.9695921149208
3.00467186280335
1.72424125918934
2.79962252280591
0.506798084652756
0.264467046473966
2.27767874826698
2.02602728554286
0.505295166194819
0.970878217002786
0.769501124276211
0.590681905560799
0.0908457120221831
0.19106870317943
0.587186746356297
0.375677886127713
0.932042454533804
1.36544219589202
3.02913797723486
0.3949529901087
1.27223795043864
0.572041056470123
1.37010240816469
4.24545338040148
2.49204851280976
0.993778616615989
0.926217189192968
0.702527000104855
0.544079782834107
0.254021064159473
0.673838267333077
0.478836811016742
0.208544499201939
0.320389593745995
3.91807346824648
2.30564002190299
5.63494040753558
0.478836811016741
0.163107429543416
1.49476308645859
1.58913238498014
2.36156256917502
0.171262801020585
0.820197359989748
0.596507170901636
0.582526534083627
4.98060186641502
0.894173103584869
1.47560961401795
2.32790418603568
0.260971887269465
0.953730616429579
0.925091631423812
1.31767502009717
0.498642713175585
0.600002330106137
0.411747929118172
1.23054722542612
1.01010101010101
0.667125581070213
3.06788053545839
0.78937424999709
2.23342490650449
0.48815723556208
1.74641454918272
0.806216723171739
5.82876050004077
1.11718103759626
3.66535703051274
1.5019327065348
0.293593373178148
0.238083138186948
4.1391422879312
1.5227243600946
1.10330525555439
0.503302925448254
1.0561322568243
2.49719292113758
6.52632717020262
4.88955949343492
1.47674903591857
3.55457691097829
14.8322906108373
1.07184882271387
2.10657392844244
0.73048827374087
2.07845467361038
0.307574009996153
2.02602728554285
1.05786818589587
1.48410739459182
1.51924073491547
1.70800729323221
1.07534398191838
2.15651322917759
1.84893921918144
23.3476634860718
1.10447030862256
0.680390991809677
0.180583225565925
3.91457830904197
4.87424417182209
1.35495671827852
4.7016577540107
0.702527000104855
3.34020714643552
0.460195961926066
6.24183239546562
0.344855708177507
1.1277713699859
1.97413057914787
1.34563629373318
2.54523772907856
0.605983596052799
2.33010613633451
0.635251709715378
3.40845082893526
0.386797618631529
0.194582037211796
0.758449547376883
0.869658406440414
0.082241096081925
11.3459741591229
0.857871797560381
0.67456572646884
1.59355247981546
3.78758752461174
0.91502102920789
1.14641221907658
1.23072699311453
2.43263080633323
1.44932601680007
5.90370789789474
18.243565994431
1.82680321088626
0.991460161010336
1.72793960364894
2.40239756270898
5.59225472720283
2.85916838511994
1.57211095965421
1.24311162373446
1.1778686519171
1.70097747952419
0.447380378176225
1.55580021669987
0.778255449535727
1.10330525555439
3.01515734041686
2.99535143825801
1.77437582281873
1.85825964372677
6.73227080493515
2.82165355981964
0.879615066466279
6.99743688325003
1.14990737828108
2.34408677315252
0.572041056470122
0.908741393170459
4.30953129915068
1.31767502009717
0.540584623629607
2.94874931553132
2.44544639008306
18.6315286661307
0.954178462828982
2.08853191662881
2.03399624852911
3.13878112148008
8.98616569384735
7.86804084676057
0.68388615101418
0.76302808942947
4.65664208404693
4.86455093029488
19.7814360444118
14.3289876853891
3.7002085444992
0.29242832010998
0.400778255449536
2.64792550650682
8.57221581443036
1.81282257406825
0.149126792725408
4.06836531404005
0.458320226486317
1.07766243752403
0.600002330106137
1.27915125883984
0.708352265445691
0.1992240746566
1.02990691225985
1.38291799191453
1.85825964372677
1.50025503011662
1.7254435939557
0.547237076648841
0.866799482716438
1.14430347302319
0.404273414654037
4.15108408187993
1.7289387531602
0.540584623629606
0.344855708177507
2.24297636107324
2.15651322917759
1.53436324024559
7.35077417776381
1.24311162373446
17.1757644495707
1.46330665361807
0.909272191348316
1.73969452308552
2.6936026936027
1.89558794403086
0.66616569384736
1.45423543392402
8.97556883716054
1.72188272575816
1.2246966784337
0.152621951929909
6.89128889820931
0.935537613738307
0.940465788216661
4.20817168222012
22.1585986741696
5.32929712348398
1.35624992718419
4.59065347826593
8.50913937529853
5.64414106462549
0.850710099845052
9.08365733459159
0.961157130707298
3.544778814675
0.316894434541493
1.34563629373318
1.51398133584985
4.91652394766581
14.76704763902
1.6229072734263
3.28576969230949
0.438683956054198
1.33527897195717
2.19379492735894
2.52000978644577
4.89671804550697
6.05107080027495
22.0341710064893
3.81554879824776
2.5118544149686
3.97982128085935
2.29351181946337
3.96282968089196
1.02990691225985
4.04093483858189
7.00313399275337
2.305640021903
1.39340346952804
3.71928698752228
2.74688709470717
4.9937618398518
2.99535143825801
1.95262894224832
4.16972493097061
6.21672317174047
4.32154753999044
2.53298335139166
15.9612270338914
30.0591496277655
23.5841692589097
6.48745307748768
2.15325108058674
14.2721512704904
4.20047068143956
9.96028788461314
4.30008726247479
3.33671198723102
17.5501445830858
2.05398855917887
16.2035580720702
1.36544219589202
1.04738270828236
3.65145002504865
1.88272575815828
2.84621299500192
1.46330665361807
15.2423892908322
4.86140983071778
3.17243950461943
7.27779979728078
2.00554052637098
2.25088252769913
22.9525422623
14.4123938345391
3.55108175177379
2.90027145736487
2.61321403189915
1.04339310055573
17.895215127049
2.73554460405671
8.03955355166427
7.61478685354117
12.4276210781401
26.3814616755793
2.65632099542134
18.7154124870388
3.71105518856383
6.40443593955704
3.08855568371139
3.22486689268696
7.18859879067491
4.26292917642399
4.73827082823623
4.82215464914427
17.4571551734181
11.7285892372398
1.40738410634604
0.987965001805834
14.2043270070952
12.0548040963266
0.406454393997646
0.824857572262413
1.33780003029138
19.7772114454813
13.4249065044913
3.93787937040532
11.5986787133154
13.2117017930167
4.40169864737339
14.8322906108373
7.19624608250905
3.6477507485466
14.878892733564
15.6117111134412
14.5677951370685
2.1844745028136
3.8758402945254
15.7270513671898
11.1565481807696
12.7911176354083
2.88350634371395
14.3849102326611
12.3459853436324
3.38586557617699
3.21439958990132
1.86874512134028
0.62796360374215
12.7179451959037
7.36313539081705
4.35729847494554
2.19379492735895
11.2581198373586
18.5196835715867
15.0017541038994
4.31535656449151
12.5918935607517
1.94214346463481
14.6365616953852
2.83690422098727
15.0157981196044
4.34681299733202
2.16233849451842
3.49939067724535
20.0003909918097
2.85204991087344
17.0097747952419
3.36816842007153
15.0466603753801
4.13662577330397
14.2322882807312
1.41087926555055
5.93376568452693
10.5338435100719
15.0839116656764
0.627963603742152
20.0994955320215
3.65937529854487
9.8942010648585
15.8109351880978
21.6560064310929
12.6049137278203
14.7775331166335
16.5099670289982
15.2796709890135
35.1706220218331
12.5021844745028
15.728216420258
14.2276280684585
13.9095685808489
26.3802966225111
20.0237670825906
12.8051164470542
14.0214136753929
15.0152039425396
34.6739081705171
12.8062633252945
16.864143161721
3.69631493714538
9.18411333636247
13.4027704961961
0.76776997192222
2.8928267682593
22.4342618806287
15.9567644146191
15.6117111134412
3.03263313643937
8.34644018035022
30.3507974788252
11.5608215954237
5.78391760744701
3.05127398553005
11.5153845257651
12.4555823517761
2.79625551943891
4.03869793669102
24.7592533174886
1.93282304008948
1.5192292008901
5.23544044831242
15.6306031479734
1.30540514720445
12.4157114396561
2.25530040893363
24.9647571446879
12.5951272820477
9.88314517726283
36.2750923304557
14.131040042874
24.2318339100346
27.9961968007643
18.2447310474992
7.57015821420665
18.3181293907938
14.3916391131616
10.6625656798667
14.4035510817518
11.1973250381555
17.895215127049
13.2944205608565
16.2294105996528
2.58408059837126
13.3608285857421
17.8828837393543
14.9907378281081
14.5352020784547
26.7000449710484
5.24157375368449
NaN
4.04109142171426
20.1436206354199
13.4595225612527
12.4027537194319
7.36663055002155
26.9546677851176
8.95110272272903
31.4657532650612
18.2342455698857
30.6281121480084
22.6241655307399
6.72528048652615
3.31689443454148
19.7874826698356
10.5896217072688
33.8086749851456
6.69206482355271
22.2047464261997
3.41339065394431
17.9604580988664
4.38960528002051
28.8595295515711
23.5381841482879
23.161254995165
15.4539092190649
3.69088811995386
24.7196461733832
24.0781517598127
29.7041930259923
32.6156606433423
20.2160008388382
12.4285414700639
13.9654911281209
12.6233499935922
18.5383244206774
28.5803078070206
38.5166544336095
NaN
24.5593186769657
16.9573474071744
16.4540444817262
12.865681031771
16.5655422739506
16.6218121235422
11.3930539536076
27.8141622685913
19.8521962415388
19.0630525555439
34.0882877215057
28.7535097223679
22.5088252769914
12.7867948225042
3.15762189367727
32.4213479663999
17.6563792480748
15.108408187993
5.67613854811088
18.2400708352266
23.4235013339858
30.2634184987126
40.55910384118
36.9123763587432
7.10397912224904
5.52502603893607
2.54087588689666
5.6889541318607
20.4490114524717
26.0632973331935
9.75559458483332
13.7296727365931
8.03770111728589
17.3577923409411
21.9051129518949
4.05787983642655
20.6434070811925
9.32508475761071
22.6905735556255
21.5989188307527
24.8703878461664
20.719554949728
17.3767665117146
16.5484137802477
16.4068714829961
5.7448319410949
12.7223510770916
22.4563978889238
28.9382054687591
18.6175480293127
11.4596833385761
26.8183565761421
35.6319830368273
NaN
19.0171612316941
52.3968818519684
35.9115957731875
61.4338424615241
8.47576107091678
29.9179032539932
56.1170920275419
30.990411613249
11.4970394836485
30.4591474141647
17.7832484009647
31.6605035359361
14.1704867591719
28.5997227173698
6.30526720492118
41.7415213262964
17.5445341535307
30.8727412533641
27.6070975032913
33.9018792305989
8.78381729637784
33.3770642992788
15.7550126408258
31.722064940058
3.70248494168909
18.9339480153321
10.4878724965922
13.5740332972167
27.6164827047872
17.383681800706
27.70962217329
18.9985203826034
17.2515395011243
18.3379352929526
21.186415015204
38.7624056015752
26.3891883075274
22.8303799238055
43.0120816003168
10.6649232812554
36.1294606969347
37.5193690072583
21.879696620181
5.7460417322009
31.7605000407768
34.6812997332028
18.5791012780632
41.4707345659595
18.4748239022287
32.1787657427796
20.3231857211096
5.81594491629095
7.63692286183635
26.8435398972423
8.31731385364604
25.7463841412976
32.4490580545944
32.905758857316
44.0013864131511
25.9515570934256
8.92024046695326
25.02067969196
22.122235037806
37.6766511714609
38.0999098248925
49.9117051716706
32.8174012326262
36.912394533571
3.27146901541365
26.7682592942109
15.3017785700139
27.9146715132874
31.5531322451738
20.4804119627649
9.24003588363449
11.7915202777487
26.4094229492153
24.7734437803642
31.6055596332413
17.970437826943
17.4821054839048
30.4638076264374
17.9924812135193
3.08855568371139
26.8241818414829
14.4839397434553
33.073526499132
17.9464774620484
27.685610429555
21.4218307643913
22.4799967378514
14.5631633520907
11.8756837113931
32.8113895587944
20.6389151025829
4.7457155173418
22.7138746169888
4.17904535551595
23.6653086808104
7.88857432456049
33.7061503151469
22.4377570398332
28.9578246129111
49.2071813871122
29.5377018163177
20.9837708107604
22.9690212389174
3.36816842007154
20.2579427492922
40.2224501066023
15.9506367015018
54.3136089848893
19.9643493761141
21.2098614751902
19.0453196323093
22.0567846865425
31.1872472126105
35.6599443104633
24.4230074679902
27.6012722379504
15.9053044866194
12.1165519089394
23.9942679389046
31.3279615066466
29.4187550242914
5.23487423252131
28.959875455827
3.47651835541109
32.0109981009635
16.9293861335384
24.5453380401477
22.3953374576212
36.3259234793145
19.2233756247597
29.2008901005441
32.379581163422
49.3006069926485
58.3307119639299
40.7109037316648
9.89365162583158
22.1834730231962
34.591590646954
20.7277033308867
12.8742814535202
36.3962224319318
43.0731769832116
16.8337697622126
23.6814926659909
31.7488611606258
31.3157988186362
19.4528160497711
5.80079922640476
23.9261538103061
16.5624758542751
28.5225845537264
23.5926881269442
31.7100344855708
40.4364470541633
49.839805203127
26.044761338879
9.24003588363451
18.7468689198793
28.5071126489812
20.7674083394499
31.9317744923281
30.6863327624573
44.4584250812624
28.3427003600014
8.01968706674587
11.2159658872462
8.90188377430591
6.22021833094498
27.6012722379504
11.361597520767
28.38557431291
13.1482012745681
30.5616720841634
33.5026104179045
49.6627171367656
20.7142423077371
29.4711824123589
39.4941339578018
39.4067549776892
39.5187580534293
8.77578367294626
34.8711962764904
20.6077098551839
8.98827956613424
21.5221092120746
6.3074756795172
35.9979378560694
2.35300397283096
30.1655540409866
9.3368210361982
45.9083917607447
27.3309799261356
27.4808523528248
33.6443740752391
31.8048018827258
15.4159821979891
25.7476728064963
16.0028310789556
26.7454149336503
35.9721785327322
9.25867673272517
3.56877599524658
25.1500005825265
31.8012885486934
43.5310428390013
22.4063006069927
26.9395220952314
12.7037386552958
26.3572401057868
19.3445411438491
29.089045006
17.4897766593268
15.0730553516713
26.5026271946687
4.81865948993977
14.3610382952943
25.6806305267205
16.9258909743339
25.9853436324025
2.38306234198968
35.1846026586511
27.6070975032913
37.1570258525276
31.8047837078979
30.990411613249
31.2480146330666
42.6992415504527
2.75302040007922
42.0910372467466
5.61391306374006
20.1868856966435
24.6653268556383
56.0914445492992
23.9957987021309
13.207041580744
33.8005196136684
38.1811191499773
8.94785874896601
25.3701956124101
18.3938578402246
29.9313783742849
23.2940127922827
29.4776955250312
10.654335278972
33.6409073433295
38.2079153705451
13.4698238439761
16.370178835646
27.2902030687498
19.1010450526021
23.9628115060641
29.3173954073608
28.2896437267717
24.2517446669696
19.8839607144106
24.777183600713
11.40794379784
19.8559994407745
9.26916221033868
32.7706127014086
3.06059441007538
18.9878385935479
22.6670576584764
8.0040743070847
