0
17.247445621148
0.199224074656599
3.9739960155185
0.203411158878286
0.534759358288768
0.274952524087473
0.366991716472686
0.931238567916772
0.121165519089394
0.474071743967936
0.339030442836669
0.223690189088111
0.386797618631526
0.478836811016738
0.376312141018023
0.236505772837955
0.4102546806007
0.711847424650188
1.24770472895041
0.394952990108699
0.645858818869201
0.453960015378699
0.400778255449536
1.87556522549602
0.246991250451458
0.876119907261777
1.01942143464635
0.316894434541491
0.33903044283667
0.448067759486439
0.526603986811602
0.851653792830266
0.348350867382007
0.590893945219207
0.199224074656599
0.52912271503967
2.69647152027774
0.3949529901087
8.80314098307179
0.654076986706747
0.13769762212669
2.16233849451843
0.376312141018022
0.397178241468904
1.56782356436336
0.478836811016745
1.05147204455163
0
0.358836344995514
0.900481166917151
0.76776997192222
0.552363310148774
16.8130854100404
1.01942143464635
0.400778255449535
0.540584623629607
0.534759358288769
0.121165519089394
0.219029976815442
1.71042839001316
0.236505772837956
1.29903417100649
0.433399741358218
0.205049339997435
1.07949285239943
1.03806228373702
0.478836811016745
0.236505772837953
0.107184882271387
0.124660678293895
0.768935024990389
0.422914263744711
0.674565726468843
0.223690189088111
0.805780876818942
0.758449547376885
0.713012477718361
1.31767502009716
0.582526534083623
1.88098982908672
18.7620146097655
0.404273414654035
0.143301527384571
3.11651695734741
0.730488273740872
0.249449512425294
0.806216723171742
0.177088066361421
0.233010613633449
0.332185872566496
0.534759358288774
0.792236086353731
0.124660678293898
0.758449547376884
1.23961646452996
0.0314564328405157
0.374809222560085
0.694112986846548
0.498304847785817
0.288933160905477
0.795626390782102
0.964663940442487
0.475341651812237
1.66253072827467
1.05786818589587
1.18369391725793
0.680390991809678
0.348350867382012
0.149126792725408
0.276436335675088
1.7184532755467
0.987965001805832
0.135146155907401
0.613878112148012
0.674865261612669
0.366246082509056
0.177088066361421
0.121165519089394
0.767769971922224
0.147159717125117
0.400778255449533
0.759211375578158
1.15922780282642
0.206862628592731
0.376207286241889
0.460195961926065
0.610487807719644
0.433399741358216
0.432234688290053
0.655572565330354
0.18408956927988
0.739808698286212
0.175352137289852
0.195728915452101
0.149126792725408
0.163107429543418
0.255146621928627
0.736313539081707
0.348350867382007
1.01942143464635
0.303537800146796
0.209709552270109
0.358836344995512
0
0.767769971922216
0.638449081355655
1.00194563862384
0.666410354991673
0.40427341465404
2.83340906178277
1.36438188109469
0.498642713175587
0.393080866333465
0.516088101313009
0.223690189088114
0.106097188726951
0.227185348292618
0.61514801999231
0.452608670324934
0.544079782834108
0.460195961926063
0.153787004998079
0.344855708177505
0.870294641920941
2.37717276571948
3.01515734041685
0.83177088066362
0.450875537380725
0.890466254237877
0.348350867382012
0.195728915452101
0.6260878683024
2.23690189088113
0.674884834504214
1.10136614122773
0.739808698286209
0.506798084652752
1.82097794554542
1.84960784313726
0.199224074656599
0.526603986811599
0.503302925448257
0.255146621928627
0.456700802721561
0.316894434541493
0.918061817715797
0.136590821711929
0.260971887269465
0.199224074656599
0.851653792830261
0.711847424650196
0.0372816981813519
8.26268451527968
0.283107895564643
1.22563582771195
2.79612736360141
0.453741101907197
0.115340253748557
0.615148019992313
0.618643179196808
0.348350867382012
2.66913657917118
1.43510071883774
0.627963603742153
0.124660678293898
0.432234688290049
0.180583225565923
0.509023336012951
1.22389989864039
0.344855708177505
0.335786469073666
0.296902123891743
0.34485570817751
1.30951964861999
13.3718335605187
2.89048955529925
0.400778255449536
0.335972877564572
3.47799610872276
0.185057029347684
0.0932042454533797
0.264392017056375
0.292428320109981
0.338897510281591
0.358836344995516
1.29903417100649
0.12411962764904
0.180583225565927
0.193834422657952
0.506798084652759
0.460195961926065
0.292428320109981
0.180583225565927
1.34563629373318
0.456700802721561
0.20854449920194
2.94874931553132
0.372816981813519
1.15737991215501
0.0128155837498401
15.3915160835576
0.311069169200657
0.251651462724127
1.43884053918656
4.10027611757716
1.52388941316277
1.1778686519171
5.99769319492503
0.288933160905479
0.572010648585041
0.316894434541497
0.297920263768013
0.711847424650194
0.207164610348003
1.10330525555439
1.7149581163422
0.274952524087473
0.883790150641368
0.558917432689056
0.5374431745366
0.845258117507249
0.68388615101418
0.741202567776956
0.450875537380725
0.143301527384571
7.57284494308716
7.93973180478371
0.236505772837951
0.0966994046578815
0.115340253748557
0.191434413337527
1.92432980322254
13.4307317698321
1.04738270828236
0.260971887269463
0.335535283632172
6.83051973017371
2.19788426362821
0.402770496196101
0.545244835902274
0.386797618631528
0.311069169200659
0.350417555019635
0.674565726468841
12.4217119289784
0.470681439539571
0.0687381310218692
1.34464927026309e-32
12.2225717381427
0.241154334579941
0.3914578309042
0.487427795836098
0.498642713175588
1.46680181282257
0.770088427527876
0.264467046473969
0.590681905560802
0.641466568802208
1.81637959759067
0.758449547376881
0.255146621928627
0.293617140260735
0.655924877378166
0.484662076357579
0.565649458832851
0.0596389500541763
1.94214346463481
0.163314692484243
0.246991250451456
0.165575477963022
0.180583225565923
0.208544499201937
0.459077510980629
0.143970151340392
0.414758892267543
1.62789824426502
0.404273414654041
1.43593955704682
0.264467046473965
0.498642713175585
23.832243542694
1.01942143464635
7.58682557990516
0.308011603928558
0.824857572262417
0.264467046473967
0.349515920450174
0.544079782834104
4.48747439795894
0.602460475574666
4.38525974858154
1.01942143464635
5.08684305570117
0.470681439539571
0.358836344995512
0
1.01592627544184
0.666410354991673
0.708352265445692
0.618643179196816
0.748706325073116
1.29903417100649
1.11135565575012
1.21560472079503
0.66641035499167
0.172435310428389
0.671070567264337
0.376312141018021
1.63456945463866
18.4299744853378
11.249752426223
2.64006559248773
0.23485372758729
1.16039285589459
0.594978038749661
0.96349888737432
8.82061677909429
0.540584623629606
0.205049339997438
0.739838523644752
0.447380378176228
0.994482192163858
0.264467046473969
0.397154474386307
0.572041056470125
0.708352265445692
0.167767641816084
0.152621951929909
0.349800659420039
0.142458494984445
0.260971887269463
7.87083697412418
0.48932228863025
1.06252839816854
0.330875071359502
0.419547260377709
0.275923129798563
0.479358172264748
1.30431640511225
0.191068703179432
7.59148579217784
0.0966994046578815
14.5247166008412
0.0407768573858536
13.0746145421924
0.512623349993591
1.13126652919041
4.54254191278413
2.99185627905351
0.171262801020587
0.394952990108699
0.600002330106138
0.410532545757464
1.13243158225857
1.78146120955809
0.377477194086194
1.51206866822784
0.458977199911449
0.68388615101418
0.545244835902275
0.376312141018021
0.450875537380731
0.516118509198093
1.86804608949938
1.36475434856057
0.430358952850306
0.381059033238966
0.582526534083629
0.736313539081707
0.219029976815442
0.568545897265619
0.394952990108699
0.3914578309042
5.38844313958501
0.288933160905477
0.898255915556952
0.27495252408747
0.233010613633452
0.694371628627682
0.57320610953829
0.488157235562081
0.219029976815442
1.10330525555439
0.768935024990387
8.89518017545699
0.330875071359502
2.05515361224704
0.236505772837955
0.671070567264338
0.504677105542161
0.66952559039065
0
6.69555998275722
0.674565726468839
0.35541528316615
0.269405007398087
0.246991250451456
0.582526534083626
0.713012477718362
0.191068703179428
0.708352265445693
0.348350867382012
0.163107429543415
4.84078384770427
3.95880418953084
0.785620449011455
0.140134447124068
0.683886151014174
0.376312141018021
1.93282304008948
0.935537613738306
0.904081180897787
0.711847424650192
0.260971887269463
0.394952990108701
0.320314564328407
0.442720165903554
0.894760756352454
0.791786259364118
0.792330572157564
0.838838209080426
0.152621951929909
0.181748278634091
0.442720165903556
0.511786725385337
0.978644577260494
0.386797618631528
0.866799482716441
0.292428320109983
0.366991716472688
2.49204851280976
0.311069169200655
3.96584064404133
1.23980287302086
1.18369391725793
0.62574487667913
0.713012477718361
0.960003728169815
1.39806368180071
0.0128155837498397
19.3585217806671
1.25359710134796
0.851653792830265
1.09048967180455
0.394952990108702
0.3914578309042
0.935537613738305
0.358836344995512
0.320389593745996
1.77172823972132
0.767769971922221
0.403627858748972
1.38291799191453
4.18406102547975
0.683886151014181
0.255146621928632
0.587186746356297
0.283107895564645
0.51728356226626
0.175939207530901
0.741192198804654
0.209709552270107
0.456700802721567
0.246991250451456
0.372816981813523
0.335535283632172
0.456700802721567
3.25761653443315
1.62524903009332
0.331389558794408
0.177088066361425
2.76350587769273
0.512844710076542
0.820197359989749
0.358836344995517
1.15267309775961
0.143301527384574
0.152071464355202
0.432234688290055
6.0629361667424
0.419039180734679
0.426414549182716
0.44387356844104
0.251651462724125
12.3903393799587
2.1203965840644
0.671070567264334
0.0687381310218676
5.21361248004847
0.180583225565926
0.852818845898429
1.01592627544185
1.23005592254728
0.870334137219944
0.237670825906122
0.47615206272646
1.18718907646243
0.652429718173662
0.320389593745998
0.372013095196489
1.55068563373061
0.554995281535075
0.181782181678374
0.376312141018021
0.572041056470122
0.764274812717722
0.506343597450864
0.227185348292613
1.03456712453253
0.711847424650188
2.00549567182786
0.838838209080424
0.375193690072585
0.181748278634091
0.320389593745998
0.506798084652759
0.243302575932331
1.56932648282129
0.359644775319514
0.348249624270387
0.419419104540211
0.380561672084161
0.876119907261776
1.29903417100649
15.5884025957382
1.66253072827468
0.862139270443766
0.318853587780924
10.6908712266844
0.86213927044377
1.34563629373318
0.219029976815445
0.292428320109982
1.06876970396002
0.605634080132359
0.0314564328405157
10.5542157445272
0.320389593745993
0.152621951929913
4.31885172369602
0.506798084652752
0.990129670406503
0.452329057588574
1.10330525555439
0.488157235562076
0.544079782834104
0.23835820721634
0.3492292008901
1.10330525555439
0.963498887374315
0.264467046473969
0.236505772837951
0.292428320109981
0.610791187538593
0.227185348292617
0.287133852947
0.526603986811602
0.488157235562076
1.48052835156641
0.516118509198092
0.225482040706953
0.711847424650195
2.90797245814547
0.484662076357579
2.43382789836076
0.492369601435346
0.330875071359502
0.739808698286204
0.376312141018021
9.24120093670267
19.0276467093076
0.423202614379081
0.488157235562082
0.307702165833655
0.32155464681416
0.730488273740867
0.376312141018025
0.748092225600873
0.396679482250418
0.559225472720284
0.487078279915652
0.587186746356299
0.450875537380727
0.0314564328405157
6.4027103794578
0.879203103701371
0.973984364987827
0.27495252408747
0.386797618631526
0.795731245558233
0.994975242622305
0.208544499201937
0.62796360374215
0.348350867382009
0.143301527384571
2.66384211200821
0.503302925448251
1.61709365861615
2.20894061724511
0.152621951929909
0.255146621928631
0.372816981813521
0.181748278634091
0.593261216548405
18.9207287406941
14.4303448557082
7.81401092819779
10.1419466871716
1.91725373690773
10.1460179651183
0.42873952908555
0.20504933999744
0.562720631924785
0.739808698286202
0.386683443430847
1.16039285589458
2.20894061724512
0.419419104540213
0.205049339997438
1.2005727400883
0.646604452832822
1.01592627544184
0.219933591975114
0.227185348292613
0.358836344995514
0.335535283632173
0.469993592208119
0.516088101313015
3.78409236540723
0.822328358556729
0.450875537380724
0.0594177064765296
6.63963743548518
0.764274812717717
4.35300304078851
0.177088066361421
2.36936131790802
0.40427341465404
0.404273414654039
0.51611850919809
0.907576340102292
0.219029976815444
0.407833350809133
0.680390991809679
0.400778255449536
1.30951964861999
1.24311162373446
0.87961506646628
0.255146621928631
0.519518600072236
0.739808698286205
1.29193899782135
0.61912364708212
0.283107895564642
1.02595318816772
0.208544499201937
0.907576340102293
0.414758892267543
0.90757634010229
0.86213927044377
0.400778255449535
0.208544499201937
0.624468444537649
0.24379189822096
0.526603986811595
0.223690189088115
0.768935024990385
0.251651462724127
1.27758554402153
0.308829820698333
0.227185348292613
9.43032353523703
0.243532906923912
0.255146621928627
0.304148753975743
0.323546887560731
0.248808733237802
1.15922780282642
0.152621951929913
2.16583365372293
8.45685878391761
0.932042454533805
1.08459636736453
1.14193841529482
0.767769971922224
0.478836811016743
1.12556941968707
1.38157806438085
0.470681439539573
0.192466766861227
0.876119907261778
1.49476308645858
0.7223329022637
1.96825684759941
0.652429718173664
0.321554646814164
1.3269954446425
1.27107289737047
0.716332412941405
1.33748092225601
1.57864690736663
0.277503990306762
0.152621951929912
0.699031840900355
0.942371698530864
0.562720631924784
1.06634266540842
0.796896298626404
8.61556743909684
0.495093845024644
0.517283562266264
0.0687381310218676
0.177088066361422
0.512623349993588
0.351275034077798
0.143301527384575
0.402893525800101
0.43001596122703
0.796931133713137
0.722332902263695
0.432234688290052
0.199224074656599
0.935537613738303
1.51340393554926
0.478836811016745
0.513683548285626
0.378630596623679
26.7158319061433
6.7142008318479
0.581936900725821
0.60989817436184
0.283107895564645
5.02836904220987
0.246991250451461
0.511551035149648
0.208544499201937
1.35612177134668
0.918061817715799
0.410532545757463
0.208544499201937
0.284524134074309
0.386797618631531
0.531264199084271
0.894760756352449
1.08423322032319
0.180583225565923
1.74641454918272
0.534759358288773
0.177088066361421
0.96349888737432
0.180583225565925
1.38151992823273
0.890100544079776
1.33748092225601
0.739808698286207
0.320389593745993
1.47215395011242
0.41627474281453
7.54488366945116
1.42136474316405
0.181194179394873
3.0990411613249
0.315274544755514
0.75476285344798
1.24427667680263
0.478836811016743
0.900481166917152
0.963498887374317
0.167767641816084
3.54804096326587
1.20525904954971
1.78775249612619
3.1270024349609
0.152621951929909
0.852163037526361
11.4362890729673
0.638449081355658
0.531264199084266
0.152621951929911
5.78648060769169
8.04818659489939
9.75382428669626
5.16817541038995
0.0873789801125435
0.115340253748557
7.98177857001386
0.264467046473965
0.559225472720282
6.32856826628453
1.32699544464251
0.432234688290053
0.191068703179428
0.487220998916504
0.685051204082348
1.53320983770811
1.01592627544184
2.6936026936027
9.06162093833374
0.516572879894678
1.60660818100264
2.72505912644321
0.130457516339871
0.432234688290053
0.86655482157212
0.246991250451458
0.302913797723487
1.43884053918655
0.560159728775642
0.5906819055608
0.292428320109979
0.567742010648585
6.50600072233291
5.72740088311023
2.84309426444374
0.820197359989747
0.950683303624479
6.77944380366526
8.41983852364474
3.51620658721004
7.85780527303021
0.236505772837951
0.177088066361425
0.426380995654353
6.82359220812509
8.98838442091036
0.503302925448251
0.512623349993589
0.823692519194246
3.08855568371139
1.27159239453357
0.255146621928632
1.81477473698927
4.99519893281138
0.27495252408747
0.255279321473089
0.294718697936694
0.532608670324929
0.177088066361425
0.851653792830265
0.227185348292617
0.412924632717019
0.432234688290055
0.348350867382007
1.10330525555439
0.982139736465001
0.422466417345311
0.587437931797789
0.320389593745998
0.321554646814163
6.66151433597799
0.236505772837951
0.432595854741183
0.624144443279387
0.348350867382007
1.38291799191453
12.9134482075659
1.10447030862256
0.264467046473965
0.695879090792587
0.851653792830265
1.3815381030606
0.980608740228121
1.09048967180455
0.320389593745997
0.41475889226754
0.544079782834107
8.52282921487074
0.444227628068455
0.460195961926062
2.52419687066746
0.307574009996153
2.50136893735509
1.91068703179429
1.01147239406755
0.292428320109981
1.39340346952804
0.25165146272413
1.23379119918912
4.45865809187609
0.751290995304835
0.47534165181224
6.63963743548519
6.37051017673855
7.79759533046731
0.573736907716146
1.04388754907786
0.594305220602796
0.652429718173658
0.433399741358222
0.342280940896859
0.400778255449535
1.37942283271003
0.739607726631954
0.810876935444413
7.86643831626531
1.58913238498013
0.879615066466277
0.292428320109981
0.765403865646074
0.824857572262414
3.52181049246793
0.227185348292613
0.209709552270104
0.516118509198095
0.638449081355657
0.236505772837954
0.488157235562076
9.39498794170074
9.4602309135181
0.134447124066497
1.07871750958256
1.42136474316405
1.63456945463866
0.358836344995517
0.643109293628328
2.00115992683467
11.3650926799716
0.205049339997435
0.351631190800738
0.283107895564642
1.93864830543031
0.82369251919425
13.3129443221139
7.53252245639789
0.652429718173661
1.69049200191069
1.83029837009076
1.15922780282642
1.27107289737048
1.7289387531602
7.64475889226754
0.124660678293897
1.39355480992159
7.16394521920471
5.7209673435625
1.5227243600946
11.7769063180828
0.456700802721561
0.381915929770599
0.288933160905482
0.488157235562081
1.59063984714504
2.08194983281489
0.946023091351813
0.432520242797062
1.50223760092273
0.382032435077419
0.313550615730548
0.348350867382011
0.490899653979238
1.84078384770426
1.31767502009717
3.07923525916606
0.657089930446334
1.14465753265062
0.43223468829005
0.935537613738307
0.590613283935086
0.562720631924782
0.450875537380724
0.299807649738445
3.45205224097958
0.335598079992537
0.74072909021005
0.350531846725615
1.99806601190685
0.655924877378165
0.199224074656601
0.936702666806473
0.638449081355656
0.67234000908741
0.600002330106136
0.612293523469992
0.400778255449533
0.376312141018021
1.07184882271387
0.600002330106137
0.502923001642721
0.265632099542132
0.327741078606128
1.29903417100649
0.437722088241121
0.516118509198093
0.851653792830262
2.1299383686927
1.094841844046
2.75418545314739
1.02470366875211
3.25632332552748
1.07534398191838
6.16080062446844
2.86486549462328
2.43612596553773
2.13787238008691
0.782915661808394
0.696829890601516
0.810876935444411
1.88622091736279
0.834177996807755
0.813476867871329
0.400778255449539
0.152621951929913
0.861060314797333
0.488157235562076
1.83166602588748
0.484662076357575
0.96000372816982
1.21165519089395
1.12399380191768
0.506977386319948
0.674745028136034
11.0081087693544
0.904081180897791
0.497540456467797
0.852818845898433
