47.779
295.31
42.347
813.7
70.179
38.633
45.976
36.121
39.243
452.4
63.297
11.614
12.319
17.362
26.779
48.943
39.179
19.65
34.169
74.802
241.83
10.857
57.327
12.33
36.241
22.572
73.943
21.95
930.05
91.846
13.786
965.51
62.916
77.646
39.798
1246.8
1039.9
81.159
323.61
67.821
274.4
37.039
61.557
120.68
57.711
48.104
59.932
17.042
576.36
1492.5
135.62
27.802
44.739
1417.7
12.348
30.7
2083
9.019
61.728
22.982
14.634
47.557
88.739
66.551
37.533
19.049
40.403
125.18
101.26
39.747
44.441
849.25
59.687
62.767
66.992
69.596
42.78
1561.1
57.732
11.638
1013.7
227.54
43.659
44.294
10.502
44.489
31.54
58.703
97.42
53.076
1713.7
74.203
31.718
54.896
53.632
1363.4
39.744
585.74
321.77
42.113
36.811
48.986
2621.8
55.64
13.575
50.134
81.678
98.279
42.153
57.479
24.867
47.98
42.784
25.411
259.87
19.576
35.11
40.187
92.822
279.91
74.887
58.457
40.969
24.38
41.005
19.454
706.89
5.556
43.306
8.1526
22.33
33.274
10.899
12.502
35.787
20.586
27.996
31.248
37.356
46.629
65.451
77.269
37.972
139.82
1654.9
380.77
19.554
881.73
13.445
16.897
24.995
20.353
28.062
21.381
41.95
545.08
99.684
127.67
28.631
34.327
503.4
1217.7
556.93
98.362
33.622
722.3
25.477
18.982
648.26
716.36
70.072
97.641
27.415
89.019
175.56
109.54
50.976
241.79
43.738
46.763
78.279
14.617
69.202
94.473
17.421
52.039
132.82
57.344
34.588
474.15
48.978
18.354
69.504
45.434
30.407
54.127
65.926
46.891
419.71
52.294
72.388
17.625
63.963
31.123
119.64
125.39
18.018
26.249
9.7028
24.419
472.63
2388.7
163.14
645.99
21.118
84.711
27.605
21.304
22.659
28.608
34.765
78.098
58.806
37.525
17.966
30.951
18.817
70.046
223.88
89.254
1036.8
46.809
51.87
277.66
29.482
585.39
25.272
49.202
101.38
721
420.14
202.67
700.27
86.161
511.93
570.36
0.14042
33.019
738.83
55.784
8.7205
569.38
169.6
74.166
16.652
43.658
111.64
991.2
156.98
18.443
18.227
20.353
627.78
1358.4
88.53
38.969
687.57
591.64
1045.2
497.26
83.425
43.557
37.633
101.91
214.51
66.481
18.528
29.32
45.659
47.723
51.69
1343.2
282.07
25.249
27.548
77.802
67.868
12.723
37.33
882.7
33.094
40.932
1156.1
627.77
110.57
52.92
69.453
208.95
185.39
915.56
86.19
612.13
25.002
659.97
39.183
38.203
783.23
15.799
80.959
19.802
24.238
72.256
500.09
91.052
126.84
34.057
52.88
782.68
2183.4
1567
56.318
59.088
27.272
43.142
635.63
760.44
33.935
218.5
496.99
1012.5
70.108
50.826
29.405
27.047
91.781
25.765
41.403
922.7
163.21
935.88
592.59
953.36
743.93
716.02
26.79
278.71
1834.9
1272.7
34.88
46.358
874.8
85.916
25.423
220.2
107.38
33.291
880.98
785.63
374.88
32.405
78.342
35.831
34.526
10.526
19.102
58.035
73.579
40.148
1718.3
104.23
152.39
1158.9
61.41
23.694
44.846
234.78
25.693
1541.2
1648.2
1302.6
59.458
1192.2
69.097
132.82
753.69
604.17
27.852
23.372
622.58
36.023
24.988
825.57
74.751
1390.7
221.95
315.65
76.262
37.179
821.94
44.571
21.537
40.583
60.757
45.218
154.79
171.98
19.331
57.725
43.86
20.951
798.84
14.653
63.696
96.584
59.516
161.07
1041.8
49.063
46.425
21.84
18.547
1328.2
74.629
145.45
15.117
106.99
56.671
57.947
54.016
61.967
79.893
1519.2
389.33
34.553
153.14
950.07
1190.8
14.512
38.698
31.012
643.36
1355.9
109.97
33.235
67.937
45.652
810.19
62.463
59.894
31.74
32.018
970.42
23.13
65.3
279.91
869.85
60.089
50.107
23.525
22.645
48.926
25.949
33.855
8.9738
151.08
22.984
14.116
994.7
31.239
1440.4
693.85
40.249
73.69
89.629
1472.7
139.17
42.735
49.507
33.161
737.94
1121.8
29.046
34.621
107.7
56.299
92.169
81.546
327.41
195.15
679.55
303.47
40.975
104.67
91.847
58.905
20.955
65.965
28.129
96.752
136.36
49.202
13.405
853.12
99.882
812.63
56.659
57.965
12.624
59.787
1492.2
232.69
23.1
64.606
12.356
16.781
35.542
952.78
6.5315
24.177
16.106
20.426
797.12
46.255
42.866
149.38
32.713
123.72
91.673
90.807
52.475
187.12
67.649
45.388
166.68
34.341
31.864
41.534
1804.8
57.355
35.102
11.079
12.128
78.161
25.794
59.05
453.84
1435.9
14.408
60.844
99.838
17.255
22.632
13.131
18.458
63.709
78.712
26.649
22.097
22.978
112.7
319.14
375.22
65.771
22.189
40.398
1400.5
27.287
149.88
28.02
59.968
86.18
944.37
26.726
71.4
46.956
30.611
431.49
62.08
121.55
72.6
48.759
38.29
830.82
32.747
60.13
39.09
36.445
55.62
30.434
31.618
74.831
19.059
9.3857
64.275
23.101
23.375
42.907
78.733
45.62
189.28
59.038
115.12
73.923
218.84
602.36
67.733
669.51
95.993
20.402
29.772
31.187
24.364
6.4479
19.331
86.676
26.914
243.13
161.4
50.087
80.555
15.966
8.6791
187.27
1932.3
28.362
33.214
1215.2
20.514
225.22
47.713
30.52
50.392
163.56
1211.8
20.366
2115.8
19.83
10.02
32.723
20.394
162.08
3147.9
1562.5
785.94
54.181
158.26
1888.8
66.624
25.299
22.722
17.472
73.443
60.393
310.19
84.028
18.98
9.6759
22.187
2170.7
45.701
10.035
16.606
13.279
32.177
28.02
437.39
337.9
30.36
267.36
48.837
16.903
40.889
33.594
193.54
865.27
53.767
68.716
51.709
154.42
61.411
118.87
62.065
657.79
34.459
78.712
15.594
81.78
106.46
80.019
1815.6
29.153
47.901
17.087
45.829
34.849
19.029
43.469
18.786
28.829
92.79
13.11
41.242
104.33
40.116
15.013
72.656
76.318
9.2645
1779.4
15.376
26.779
76.652
47.766
7.5359
62.526
40.334
836.63
1097.8
117.88
47.117
97.183
38.711
100.01
225.82
46.029
17.876
18.918
126.07
188.74
462.45
52.466
95.256
6.7788
47.362
34.82
67.483
168.93
87.367
18.813
21.545
163.04
98.343
52.342
50.79
38.027
28.303
121.16
125.62
33.332
30.191
30.289
60.529
59.234
39.809
88.341
55.878
26.14
30.438
27.447
61.437
12.44
29.592
132.76
65.479
130.12
104.02
1028.7
105.85
20.466
1095.2
43.14
58.72
75.206
30.662
69.846
31.101
17.825
17.359
123.39
9.5661
78.053
905.34
319.39
636.62
53.478
80.155
96.919
144.16
23.652
521.66
335.44
884.39
660.87
987.4
41.273
845.02
888.12
114.04
181.8
31.208
24.907
44.213
62.844
104.29
966.53
15.122
446.11
711.54
114.67
243.35
10.516
68.176
792.28
54.695
752.25
1522.1
153.21
541.13
1106.1
1106.2
35.646
30.64
35.953
71.051
680.33
572.28
1524.7
785.3
21.545
91.268
54.856
1287.5
75.609
35.235
1139.1
42.281
1298.7
1599.3
56.845
21.609
58.775
16.096
39.282
599.7
65.594
63.149
161.54
17.596
1273.6
1022.7
182.82
1314.5
595.48
99.899
168.9
279.8
127.18
82.123
34.694
60.922
92.553
14.768
717.56
1021
578.12
855.39
710.49
674.27
84.858
989.67
401.17
65.026
44.299
110.92
61.954
12.289
325.85
88.299
33.102
103.58
11.181
291.97
611.77
36.714
59.461
37.382
743.54
1229.8
16.209
8.5802
33.386
94.421
986.58
2093.2
8.5216
861.7
112.77
64.571
1120.7
55.917
48.686
5.2652
85.987
836.41
874.1
101.81
506.32
58.933
30.177
55.864
779.78
837.16
601.22
45.657
289.17
162.22
197.64
643.77
562.79
650.16
1189.5
75.913
939.53
12.708
33.822
114.76
16.178
87.045
41.834
109.59
70.443
771.96
375.68
95.996
28.946
51.337
41.642
109.46
29.174
38.806
13.016
29.475
51.221
62.87
76.702
103.2
10.644
176.47
183.37
401.31
439.46
159.29
832.29
118.34
27.641
17.204
1359.8
55.509
72.185
810.62
747.31
663.29
677.94
162.68
749.75
25.801
726.82
842.32
93.63
22.075
129.93
631.36
69.345
1.0622
137.77
58.001
1277.5
58.619
1115.3
1.8185
694.99
682.94
621.68
33.634
1094
46.758
59.97
923.17
68.839
346.57
76.998
180.46
36.077
79.023
19.449
90.866
476.06
42.422
1037.6
65.459
62.653
35.689
57.805
23.309
29.987
10.788
683.66
1662.6
29.823
15.038
58.607
45.026
23.663
11.233
35.253
9.9746
49.456
16.181
16.747
17.068
37.637
34.908
27.683
58.82
1315.3
81.244
88.121
523.03
1283.6
944.5
43.489
867.93
142.12
128.23
743.49
856.57
89.8
21.985
14.61
19.524
40.159
79.137
28.575
46.595
1041.3
205.46
1082.3
43.203
614.54
19.111
54.507
70.212
893.51
47.648
730.99
1534.3
