0.152621951929911
0.143301527384571
0.0311651695734739
0.0966994046578828
0.124660678293897
0.143301527384573
0.0372816981813519
0.0510176738550435
0.171262801020585
0.0699031840900348
0.0314564328405156
0.0451458063914808
0.0559225472720278
0.0838838209080417
0.0419419104540208
0.0233010613633456
0.0731070800274947
0.0652429718173672
0.199091142101523
0.0594177064765301
0.0687381310218676
0.20854449920194
0.0873789801125445
0.180583225565924
0.171262801020587
0.177961856162549
0.199224074656602
0.0407768573858536
0.107184882271387
0.139806368180071
0.219029976815445
0.0407768573858536
0.152621951929909
0.0731070800274947
0.339030442836671
0.129029627299523
0.233010613633449
0.0241748511644704
0.236505772837953
0.274952524087473
0.0687381310218684
0.219029976815442
0.124660678293895
0.0978644577260487
0.135146155907401
0.0966994046578828
0.0594177064765296
0.260971887269465
0.0978644577260487
0.0966994046578814
0.083883820908043
0.136832570223575
0.152621951929911
0.115340253748557
0.0314564328405157
0.0128155837498397
0.0512623349993593
0.195728915452099
0.0407353814966269
0.171262801020587
0.0978644577260493
0.0451458063914808
0.0932042454533797
0.0279612736360139
0.208544499201939
0.316894434541494
0.124660678293897
0.0407768573858536
0.0372816981813519
0.149126792725409
0.0932042454533808
0.0932042454533797
0.0418173662810344
0.0407768573858536
0.0233010613633449
0.0940780352545067
0.0594177064765295
0.045145806391481
0.181748278634092
0.0932042454533803
0.1196923094847
0.227185348292615
0.139806368180071
0.0792236086353728
0.165274894271434
0.152621951929909
0.0966994046578828
0.199224074656601
0.195728915452099
0.236505772837953
0.205049339997438
0.0873789801125435
0.115048990481516
0.0792236086353737
0.208544499201937
0.265632099542134
0.0233010613633449
0.124660678293896
2.15143883242094e-31
0.0697167755991292
0.0838838209080418
0.0652429718173658
0.0372816981813519
0.0932042454533812
0.0652429718173658
0.0687381310218681
0.0372816981813518
0.0559225472720278
0.0652429718173658
0.13980636818007
0.068738131021869
0.121165519089394
0.0838838209080417
0.0687381310218676
0.0817750748546585
0.0314564328405157
0.0792236086353735
0.0407768573858536
0.107184882271388
0.18587676068645
0.0687381310218675
0.0873789801125442
0.107184882271387
0.0419419104540209
0.101068353663509
0.0591264432094878
0.124660678293897
0.115048990481517
0.152621951929911
0.0792236086353737
0.156990900935538
0.427283212750341
0.152621951929909
0.107184882271387
0.0407768573858536
0.150000582526535
0.0652429718173672
0.121165519089395
0.227185348292615
0.121165519089395
0.121165519089394
0.293593373178149
0.124660678293897
0.177088066361423
0.0687381310218675
0.0233010613633449
0.0512623349993598
0.124660678293895
0.0792236086353727
0.0434681299733203
0.0407768573858548
0.0652429718173671
0.044873649994756
0.0559225472720278
0.147390863653839
0.0240945790080737
0.13980636818007
0.175188913355003
0.0932042454533808
0.0966994046578814
0.0792236086353728
0.0407768573858541
0.0419419104540209
0.0372816981813519
0.107184882271387
0.0279612736360143
0.0407768573858536
0.0372816981813519
0.0419419104540208
0.0966994046578821
0.124660678293895
0.0792236086353728
0.264467046473967
0.0932042454533797
0.152621951929911
0.180583225565925
0.0584878776228258
0.111845094544057
0.139806368180071
0.0687381310218686
0.0559225472720286
0.0792236086353741
0.0686332762457334
0.209709552270106
0.209709552270105
0.124660678293896
0.0512623349993593
0.0652429718173666
0.107184882271388
0.087378980112544
0.124660678293896
0.124660678293896
0.167767641816086
0.0873789801125448
0.177961856162547
0.0594177064765308
0.0314564328405156
0.0596595714934822
0.0652429718173671
0.0652429718173672
0.199224074656601
0.0940592779001077
0.0314564328405157
0.0419419104540209
0.0314564328405157
0.0649133783043808
0.0661167616184925
0.135146155907401
0.0838838209080417
0.115340253748558
0.058093740169865
0.0966994046578822
0.0966994046578815
0.0128155837498397
0.0687381310218675
0.0233010613633449
0.0407768573858536
0.0372816981813519
0.0847576107091672
0.0652429718173672
0.16398121934454
0.246991250451459
0.246991250451458
0.0372816981813519
0.153787004998077
0.0687381310218684
0.177088066361422
0.0419419104540209
0.111845094544057
0.251651462724127
0.0966994046578823
0.171262801020587
0.429613318886675
0.25737187328883
0.101068353663509
0.0792236086353734
0.219029976815444
0.42873952908555
0.0873789801125443
0.063786655482157
0.115048990481516
0.0451458063914808
0.037281698181353
0.0512623349993589
0.0407768573858544
0.0407768573858548
0.0792236086353727
0.0652429718173658
0.0594177064765308
0.0652429718173658
0.0932042454533804
0.0792236086353732
0.123370265515593
0.0687381310218676
0.0652429718173672
0.0594177064765296
0
0.167767641816086
0.0687381310218675
0.083883820908043
0.122129600503304
0.0407768573858536
0.0838838209080429
0.0652429718173672
0.0978644577260503
0.107184882271388
1.63456945463866
0.0873789801125445
0.0940780352545067
0.0594177064765296
0.0966994046578823
0.0687381310218684
0.0661167616184918
0.124660678293897
0.0559225472720278
0.0419419104540209
0.0838838209080418
0.19106870317943
0.202837952768749
0.0419419104540209
0.0407768573858539
0.0407768573858536
0.0687381310218681
0.177088066361423
0.124660678293896
0.0932042454533802
0.0966994046578822
0.0757284494308708
0.0687381310218676
0.0407768573858544
0.0372816981813519
0.153787004998078
0.0372816981813519
0.0372816981813519
0.0128155837498397
0.0128155837498397
0.0512623349993588
0.024909300618643
0.0932042454533797
0.124660678293897
0.0128155837498397
0.0311651695734738
0.0407768573858544
0.0128155837498397
0.0233010613633449
0.0794100171262794
0.0279612736360143
0.0407768573858536
0.0128155837498397
0.0141832395465618
0.0512623349993589
0.121165519089394
0.0419419104540209
0.0372816981813519
0.0419419104540221
0.0652429718173664
0.199224074656601
0.0687381310218684
0.0652429718173658
0.124660678293897
0.083883820908043
0.0792236086353733
0.0279612736360141
0.0280894294735126
0.0699031840900355
0.205049339997437
0.143301527384573
0.0419419104540214
0.124660678293896
0.0372816981813524
0.0233010613633449
0.0792236086353735
0.0381554879824778
0.0419419104540214
0.0587814709960043
0.0407768573858542
0.0372816981813519
0.0128155837498397
0.0372816981813519
0.0372816981813519
0.0652429718173658
0.400778255449535
0.0372816981813519
0.143301527384573
0.0687381310218684
0.0687381310218675
0.0687381310218681
0.185333263430148
0.0233010613633449
0.0687381310218689
0.0233010613633449
0.0255485652371456
0.13588992578612
0.0407768573858536
0.0699031840900354
0.0512623349993589
0.037281698181353
0.0372816981813519
0.0792236086353737
0.083883820908043
0.0128155837498397
0.142541330257592
0.0966994046578814
0.121165519089394
0.226894085025573
0.15018699101744
0.0652429718173671
0.0854100404273414
0.0314564328405161
0.0128155837498399
0.0588468304731281
0.0594177064765298
0.0407768573858542
0.0932042454533806
0.068738131021868
0.044148404459824
0.0594177064765299
0.0233010613633449
0.0419419104540215
0.0288350634371394
0.135146155907401
0.115340253748558
0.0594177064765301
0.0451458063914813
0.0687381310218675
0.0372816981813518
0.0407768573858544
0.0966994046578815
0.0879842251814564
0.0687381310218684
0.0407768573858544
0.15262195192991
0.0966994046578828
0.0419419104540209
0.0451458063914816
0.064579357589738
0.0687381310218675
0.0873789801125445
0.0451458063914808
0.124660678293897
0.121165519089395
0.0233010613633449
0.0873789801125445
0.279612736360142
0.0687381310218687
0.0652429718173658
0.0372816981813519
0.208544499201938
0.0434909650134562
0.125825731362064
0.0592195309496345
0.0966994046578828
0.0407768573858536
0.149126792725409
0.177961856162549
0.0687381310218683
0.0594177064765302
0.0512623349993591
0.0372816981813524
0.0407768573858542
0.124660678293896
0.0966994046578825
0.0687381310218679
0.125287360339264
0.0757284494308715
0.0594177064765301
0.0932042454533805
0.208544499201938
0.0407768573858538
0.0594177064765302
0.040776857385854
0.0233010613633449
0.0652429718173658
0.0407768573858536
0.0419419104540208
0.0372816981813519
0.115340253748557
0.219029976815444
0.0233010613633449
0.0372816981813519
0.0870877168455026
0.153787004998078
0.177088066361424
0.0372816981813519
0.14301026411753
0.283107895564644
0.0314564328405157
0.111845094544056
0.0652429718173658
0.0687381310218687
0.149126792725408
0.0932042454533797
0.0687381310218681
0.180583225565924
0.0407768573858536
0.135146155907401
0.124660678293896
0.0559225472720278
0.0128155837498397
0.0559225472720278
0.120897090862491
0.0368697354164475
0.0966994046578818
0.208544499201939
0.0978644577260493
0.0314564328405161
0.0652429718173661
0.0687381310218678
0.068738131021868
0.121165519089395
0.0559225472720283
0.0392739389279189
0.236505772837953
0.152621951929911
0.0128155837498397
0.040776857385854
0.0407768573858542
0.0512623349993591
0.0687381310218683
0.0932042454533803
0.0314564328405166
0.0233010613633456
0.0314564328405157
0.0407768573858536
0.124660678293895
0.0932042454533803
0.0419419104540209
0.291391422879312
0.0838838209080429
0.0233010613633449
0.0148544266191324
0.0559225472720278
0.0707769738911602
0.0594177064765295
0.0978644577260487
0.0372816981813519
0.0652429718173658
0.0718244731047496
0.0512623349993589
0.0616754628173311
0.0688667528805927
0.0873789801125435
0.0314564328405157
0.0372816981813519
0.0314564328405157
0.0407768573858536
0.0128155837498397
0.0652429718173672
0.0372816981813519
0.0231980706721191
0.0233010613633449
0.0978644577260493
0.0419419104540215
0.0407768573858542
0.0233010613633453
0.0470629012151504
0.0838838209080421
0.121165519089395
0.0372816981813519
0.0873789801125441
0.0652429718173661
0.0233010613633449
2.15143883242094e-31
0.0372816981813519
0.0699031840900351
0.13280335069262
0.0652429718173661
0.0594177064765302
0.0594177064765308
0.0699031840900362
0.0559225472720278
0.199224074656601
0.0687381310218676
0.0233010613633449
0.0407768573858536
0.135146155907402
0.0128155837498397
0.0279612736360139
0.0314564328405156
0.229974368832503
0.087378980112544
0.219029976815443
0.0407768573858548
0.0652429718173658
0.0966994046578814
0.15262195192991
0.167767641816084
0.109110831498374
0.101068353663509
0.167767641816086
0.124660678293895
0.0279612736360143
0.0372816981813519
0.0792236086353728
0.0372816981813519
0.108215255204876
0.0838838209080424
0.087378980112544
0.115340253748558
0.0358616149965628
0.0279612736360141
0.0406720026097188
0.125825731362064
0.0932042454533803
0.0652429718173664
0.0128155837498399
0.0419419104540209
0.288933160905479
0.126419908426829
0.0932042454533804
0.62796360374215
0.0314564328405157
0.184952174571552
0.0658371488821309
0.0838838209080424
0.0594177064765298
0.0407768573858536
0.0687381310218675
0.0128155837498397
0.0687381310218676
0.23767082590612
0.09786445772605
0.0407768573858536
0.0602448941549298
0.0594177064765296
0.0932042454533812
0.0407768573858536
0.115340253748557
0.180583225565925
0.177088066361422
0.0372816981813518
0.0687381310218687
0.0966994046578815
0.124660678293896
0.0524688639567534
0.0407768573858548
0.0407768573858536
0.0873789801125451
0.0407768573858536
0.0512623349993589
0.038144303473023
0.233010613633451
0.171262801020586
0.0699031840900348
0.0280894294735126
0.0966994046578822
0.0731070800274954
0.233010613633451
0.596507170901635
0.0233010613633449
0.436708492071813
0.0233010613633453
0.0509989165006469
0.0767392494728128
0.0279612736360141
0.124660678293896
0.0128155837498399
0.129029627299523
0.0594177064765302
0.111845094544056
0.068738131021868
0.163107429543415
0.0128155837498399
0.0314564328405161
0.0372816981813519
0.0687381310218675
0.180583225565925
0.195728915452099
0.111845094544057
0.23767082590612
0.0314564328405157
0.0407768573858544
0.0594177064765301
0.0356389733552362
0.0372816981813519
0.0372816981813519
0.177088066361424
0.143301527384572
0.124660678293895
0.0594177064765306
0.152621951929911
0.0593799587571207
0.037281698181353
0.0202900982139738
0.0687381310218675
0.0966994046578831
0.0128155837498397
0.0407768573858536
0.0354729532930226
0.19106870317943
0.0407768573858536
0.121165519089394
0.0128155837498399
0.0699031840900355
0.0687381310218683
5.37859708105235e-32
0.0314564328405157
0.171262801020586
0.0652429718173665
0.0792236086353733
0.0314564328405157
0.0838838209080424
0.0932042454533804
0.0419419104540215
0.162769564153647
0.203401488937821
0.0699031840900355
0.0694952990108705
0.0512623349993591
0.107184882271387
0.0800973984364988
0.143301527384572
0.0407768573858544
0.124660678293897
0.15262195192991
0.0512623349993588
0.0687381310218675
0.233884403434577
0.0233010613633456
0.0966994046578815
0.0128155837498397
0.124660678293896
0.0128155837498397
0.0407768573858536
0.0921662996749502
0.0740619575221649
0.107184882271387
0.135146155907403
0.0047686787133157
2.15143883242094e-31
0.260971887269464
0.0311651695734743
0.0652429718173658
0.0652429718173663
0.197012687427909
0.124660678293896
0.0792236086353728
0.191068703179428
0.0687381310218675
0.265911712278497
0.0279612736360141
0.180583225565924
0.135146155907402
0.0687381310218681
0.0932042454533805
0.191068703179429
0.115340253748558
0.443474537765196
0.111845094544056
0.147661039460347
0.0594177064765302
0.0314564328405161
0.153787004998078
0.0594177064765298
0.087378980112544
0.0233010613633453
0.143301527384572
0.124660678293896
0.0229854484871784
0.177088066361423
0.0508610907226826
0.0407768573858541
0.0512623349993593
0.219029976815442
0.0687381310218689
0.0279612736360139
0.0873789801125435
0.124660678293897
0.0559225472720278
0.0932042454533803
0.0966994046578829
0.0407768573858536
0.0233010613633449
0.0407768573858536
0.0233010613633449
0.0407768573858548
0.0382690806566235
0.0699031840900348
0.223690189088114
0.0314564328405156
0.227566903172441
0.135146155907402
0.0559225472720278
0.319352696515326
0.0407768573858536
0.0594177064765301
0.100750410681203
0.0800973984364994
0.163107429543415
0.124660678293897
0.0652429718173661
0.0978644577260495
0.121483695082311
0.0512623349993594
0.0687381310218682
0.108058672072513
0.123488518402012
0.236505772837953
0.167767641816084
0.0687381310218678
0.111845094544056
0.107184882271387
0.177088066361423
0.149126792725409
0.0966994046578821
0.115340253748558
0.0687381310218682
0.219029976815444
0.0314564328405157
0.0687381310218675
0.0233010613633449
0.0407768573858536
0.0128155837498397
0.0838838209080418
0.0687381310218684
0.0687381310218682
0.135146155907401
0.0594177064765308
0.0512623349993599
0.0687381310218676
0.0687381310218676
0.0978644577260493
0.0128155837498397
0.0407768573858548
0.0792236086353737
0.246991250451458
0.0513420246292225
0.0279612736360139
0.0419419104540209
0.171262801020585
0.0792236086353727
0.0792236086353728
0.0594177064765301
0.152994302890497
0.0672352125639328
0.0594177064765301
0.0407768573858536
0.103689723066886
0.0233010613633449
0.108058672072512
0.0512623349993593
0.125825731362064
0.068633276245733
0.139806368180071
0.149126792725409
0.0966994046578822
0.0314564328405161
0.0687381310218683
0.0873789801125442
0.125825731362063
0.0699031840900351
0.124660678293896
0.105273729218368
0.208544499201939
0.135146155907402
0.0594177064765298
0.0838838209080418
0.0314564328405166
0.0128155837498397
0.0559225472720278
0.0832885952955146
0.0731070800274959
0.0687381310218676
0.349515920450176
0.0978644577260487
0.0687381310218689
0.083883820908043
0.29242832010998
0.111845094544056
0.111845094544057
0.0792236086353727
0.115340253748557
0.0358253818461439
0.0521361248004853
0.0594177064765296
0.0358253818461428
0.0512623349993588
0.0512623349993593
0.0372816981813519
0.0407768573858536
0.0677012337911991
0.0652429718173658
0.0233010613633449
0.0637866554821573
0.177088066361423
0.124660678293895
0.111845094544056
0.135146155907401
0.0792236086353727
0.115340253748558
0.0233010613633449
0.0873789801125438
0.0279612736360141
0.115340253748559
0.0838838209080423
0.107184882271387
0.339030442836671
0.1992240746566
0.236505772837953
0.0407768573858542
0.0873789801125442
0.0788857432456047
0.068738131021868
0.124660678293896
0.0687381310218681
0.087378980112545
0.0994455512448563
0.0279612736360143
0.0652429718173658
0.195728915452099
0.0699031840900362
0.133402770496197
0.0233010613633449
0.0512623349993593
0.0372816981813529
0.153787004998077
0.0407768573858536
0.152621951929911
0.0687381310218684
0.0372816981813519
0.0838838209080417
0.0847576107091672
0.0979926135635497
0.0128155837498397
0.0661167616184912
0.163107429543417
0.0932042454533797
0.114992019386483
0.171262801020587
0.233884403434577
0.125825731362064
0.184952174571551
0.135146155907401
0.0407768573858536
0.208544499201937
0.20854449920194
0.219029976815445
0.271457364882969
0.255146621928628
0.29242832010998
0.186070625516994
0.171262801020587
0.149126792725408
0.107184882271388
0.246991250451458
0.177088066361423
0.163107429543415
0.208905665653072
0.150000582526534
0.087378980112544
0.23767082590612
0.143301527384572
0.177088066361424
0.0358253818461428
0.0687381310218676
0.167767641816084
0.0966994046578821
0.027519019491337
0.0314564328405157
0.0314564328405165
0.096699404657882
0.0978644577260499
0.0512623349993588
0.0966994046578815
0.0559225472720286
0.0978644577260493
0.0512623349993588
0.163107429543416
0.0652429718173672
0.190730837789662
0.0407768573858536
0.0372816981813519
0.0792236086353741
0.12203930889052
0.13980636818007
0.087378980112545
0.0966994046578821
0.111845094544056
0.119709202754185
0.111845094544057
0.283107895564644
0.366991716472685
0.0873789801125445
0.293593373178149
0.172089988698986
0.265632099542135
0.152621951929911
0.274952524087472
0.135146155907402
0.199224074656601
0.260971887269466
0.191068703179429
0.307574009996156
0.212913448207566
0.264467046473967
0.0966994046578828
0.292428320109981
0.366991716472685
0.265632099542133
0.152621951929911
0.34835086738201
0.348350867382009
0.19106870317943
0.320389593745995
0.334265375787868
0.292428320109981
0.264467046473966
0.237670825906121
0.255146621928628
0.124660678293896
0.329418755024292
0.083883820908043
0.345729497978633
0.233010613633451
0.0559225472720278
0.0661167616184926
0.152621951929911
0.124660678293895
0.274952524087472
0.20854449920194
0.174144093763471
0.208544499201938
0.264467046473966
0.387962671699695
0.344855708177507
0.246991250451459
0.447380378176226
0.171262801020587
0.251651462724128
0.182622068435218
0.14912679272541
0.233010613633452
0.177088066361423
0.268835995479593
0.163981219344542
0.1992240746566
0.264467046473967
0.180583225565925
0.0978644577260487
0.265632099542135
0.208544499201937
0.153787004998078
0.209709552270106
0.307574009996156
0.349515920450175
0.339030442836671
0.372816981813522
0.414758892267543
0.236505772837953
0.264467046473966
0.457574592522689
0.177088066361423
0.516118509198094
0.358836344995514
0.330875071359501
0.33873917956963
0.358836344995515
0.484662076357578
0.316894434541493
0.473493761140818
0.414758892267543
0.264467046473967
0.76776997192222
0.208544499201938
0.301457481388277
0.246991250451459
0.346847948924074
0.180583225565923
0.870294641920941
0.546817541038992
0.283107895564644
0.322428436615287
0.0873789801125442
0.0792236086353735
0.0966994046578821
0.152621951929909
0.0873789801125434
0.125825731362064
0.0932042454533804
0.108058672072513
0.124660678293897
0.0966994046578828
0.125825731362063
0.143301527384573
0.171262801020587
0.167767641816086
0.0792236086353727
0.180583225565925
0.152621951929911
0.135146155907402
0.275826313888597
0.152621951929909
0.209709552270106
0.316894434541493
0.721529015646661
0.171262801020587
