0.739808698286205
1.19033891393753
0.237139095685806
0.851653792830265
1.4015588410052
0.219982524203977
0.627963603742153
1.14773234070812
0.135146155907401
0.252144979203806
1.62709400813207
1.43884053918656
1.05786818589587
1.16387636456841
0.44738037817623
0.135146155907402
1.66781820511925
1.09555019631144
0.348350867382007
0.890100544079781
0.562720631924784
0.314826698356113
0.711847424650194
0.935537613738306
0.233010613633451
1.81282257406825
1.47728729043608
1.26875805342933
0.572041056470124
0.683886151014181
0.683886151014179
7.184686542472
0.484662076357581
0.722332902263693
1.74641454918271
0.711847424650189
2.37320144932601
0.600002330106138
0.782915661808391
0.0892239581512962
1.15573264362192
0.646604452832827
0.24699125045146
0.358836344995512
0.432234688290049
1.4500991460161
0.115340253748557
0.124660678293897
0.540584623629609
0.848158633625764
0.428739529085549
0.177088066361426
0.824857572262414
0.573206109538292
0.706552957487209
0.498919879300504
0.316894434541491
0.44272016590356
1.44077872147077
2.16699870679109
0.274952524087475
0.646604452832823
0.358836344995516
0.219029976815444
3.81554879824776
0.652429718173662
0.767769971922223
0.283107895564644
4.11030722449407
0.768935024990392
0.265632099542132
0.969910873440284
1.62793284634115
1.92627963603742
2.02415155010311
1.18718907646243
0.124660678293898
0.543594654736527
1.24427667680263
0.422914263744711
1.43370265515594
0.208544499201937
0.768935024990384
2.25873917956963
1.70630631575268
2.21243577644962
1.54136520918528
0.80760674798738
1.85476448452227
0.730488273740871
0.391457830904201
0.624468444537646
0.31878601470297
0.9511400044272
0.115340253748559
0.083883820908043
0.847160882178186
0.28893316090548
2.57667004532056
3.39263453450305
0.504922232707705
0.610487807719645
1.13126652919041
0.465303088555684
3.12693672596787
1.32816049771067
0.823692519194248
0.880780119534448
1.49476308645859
0.46772639893747
0.432234688290048
0.394952990108703
0.795731245558229
0.339030442836669
0.745475050388547
1.6743974928058
1.86874512134028
0.311069169200655
0.489322288630248
0.517283562266263
1.04388754907786
0.460195961926068
0.622659699649321
0.177088066361423
0.391457830904195
1.32816049771067
0.381542763272864
0.366991716472685
0.764274812717719
0.358836344995516
0.577707408572463
0.209177822049793
0.990912120047069
0.504914892873371
0.190674798737085
0.367496300956518
0.432234688290054
0.40427341465404
1.60155604487785
0.806216723171739
0.618643179196814
1.85253876714084
0.0873789801125445
0.0128155837498397
0.428739529085552
0.496899327764381
0.442720165903559
0.540139107336342
0.126097305232254
0.320389593745995
0.290824741066954
0.394952990108697
1.00194563862384
0.739808698286209
0.219029976815445
0.739808698286208
0.890100544079782
1.69226241655306
2.74952524087473
1.3208905665653
1.25315857537311
0.814372094648906
0.898255915556954
0.349515920450176
0.926217189192968
1.02058648771451
3.07660643342304
0.544079782834104
1.12194610464507
0.516118509198095
1.88272575815828
2.76288094322696
16.0625866508219
3.21904162734613
1.14641221907658
0.506798084652753
0.646604452832823
0.638449081355657
0.851653792830262
1.22771381636434
0.568545897265624
1.17831556627405
0.497048920578333
0.792236086353729
0.686476763016557
1.35495671827852
0.711847424650195
0.180843731431969
0.600002330106135
0.876240606759639
0.152621951929911
0.0128155837498401
0.982139736464992
0.935537613738306
1.31402362727623
0.960003728169816
2.90027145736488
0.274952524087472
1.5937925972528
1.25986928104575
0.385623245138819
0.823692519194252
1.0116663754034
0.544079782834107
0.572041056470122
0.372816981813524
2.32428087099367
27.3282316824531
2.33360129553901
7.00485023242811
0.379157200610488
1.02120757750515
11.8590751808745
0.726181771579693
0.442720165903557
0.499415842391618
0.702527000104856
0.404273414654041
1.28400918061817
1.18718907646243
0.232303542926382
0.572041056470125
0.484782775855441
1.01010101010101
1.30266668996772
3.16894434541493
0.461361014994232
1.81282257406825
1.17713420246293
0.534759358288771
0.846135635478196
1.24427667680263
1.23993464052288
0.250560507031098
0.795731245558236
1.75641664627823
0.987965001805832
2.72505912644321
0.0407768573858536
0.0594177064765295
1.44000559225473
0.890100544079782
3.63991425209419
0.657089930446334
0.404273414654039
0.592992904826816
0.618643179196811
0.270271224354269
0.840699963883357
0.627963603742147
0.48932228863025
0.449465823168244
1.51340393554926
0.544079782834108
1.06339473163002
1.1277713699859
0.517283562266258
0.775300408933628
0.121165519089394
10.5992222105717
13.4844895319982
0.562720631924787
0.582526534083623
0.450280894294735
1.1570398331644
4.65193235701885
1.1312665291904
0.569878251954377
0.998244964058114
0.600002330106139
4.4971048431256
1.60330176039519
0.792236086353728
0.615148019992311
0.236505772837956
0.292428320109983
0.516118509198096
0.575846003285454
1.06720445516293
0.680390991809679
0.542440669672505
0.834177996807755
0.516118509198093
0.262304241958221
0.964259783533135
1.92466766861231
0.274952524087473
0.0314564328405166
0.191068703179428
0.358836344995517
21.504670231729
0.327920030757398
1.4048093390654
1.29553901180199
0.453186536646741
1.7009774795242
0.786410821012899
2.65166078314867
0.260971887269463
0.61048780771964
0.879615066466278
0.344855708177505
9.26705346428529
0.219029976815443
1.28878391760745
0.486867638320929
0.432234688290048
0.348350867382007
0.404273414654035
1.39340346952804
1.10330525555439
1.23379119918913
0.48815723556208
4.20700662915196
19.1814337143057
0.6027139911223
1.17151165635594
0.617319212890149
0.973984364987825
0.81087693544441
0.516118509198095
0.806216723171741
1.87676581268277
1.16039285589459
14.5258816539093
2.6434041685599
0.488157235562079
0.878198827956621
1.01942143464635
0.372937681311385
0.442720165903557
0.25866927638554
0.42522526301073
5.91100520778722
0.0128155837498397
0.0652429718173658
13.7418009390328
6.22700313399276
1.06447764845689
0.841645520953475
0.292428320109979
1.48294432211387
9.1758554402153
11.9802406999639
1.71692414339473
4.70008271876784
1.99720806682745
0.795731245558238
0.293593373178146
1.36863863548985
2.84104994582503
0.348350867382013
0.405438467722202
0.795731245558235
0.873817296377852
0.516118509198095
0.460195961926063
0.728977898943296
1.29771020469983
0.666410354991672
0.447380378176225
0.680390991809678
0.805369846096483
0.796896298626397
0.600002330106137
1.19767455407594
0.708352265445693
1.70913285100136
1.30783393333567
0.610487807719645
0.507685855090704
1.19767455407594
0.618643179196816
0.288933160905477
12.9414094812019
2.66913657917118
0.568545897265621
0.631113441217249
1.6003554576911
2.09243531042839
1.88272575815828
2.432937914322
0.0594177064765301
0.0407768573858548
1.02298405042349
0.40427341465404
0.219029976815445
1.77437582281873
1.28971374646114
0.987965001805833
16.8699684270618
1.32699544464251
1.73359896543288
2.22175620099495
1.21515035009845
1.01942143464635
1.41197860962567
2.80544778814674
1.37125581070218
0.540584623629604
1.24427667680263
0.963498887374317
0.281989444619202
0.572041056470124
1.17437349271259
0.460195961926068
10.9287919564736
1.04738270828236
0.462972982419353
1.24311162373446
0.691845793575895
1.06602355737304
1.00081262451505
2.36672189018209
0.236505772837951
0.521412044318619
0.674565726468843
7.31070800274953
14.0304004287395
0.61514801999231
0.373038341896478
0.362579777008842
0.643975627089815
1.00194563862384
4.70681439539571
0.150746216490162
0.627758088380926
1.16971328043992
0.321554646814164
0.659291414723942
0.0402263698111451
0.0407768573858536
12.8727397387951
0.163107429543415
0.600002330106135
0.830207495951442
0.236505772837955
7.52507776729231
2.78098167371524
0.208544499201937
0.957701117285894
0.767769971922219
0.978644577260495
1.00194563862384
0.815219670756007
1.28637365582002
0.34363601412045
1.01010101010101
0.689578483799937
0.526603986811596
0.650142835506155
0.680390991809672
1.41087926555054
1.15922780282642
1.03043479780503
0.405438467722202
0.66598161546258
0.820197359989749
1.00676091945988
0.666410354991671
1.00194563862383
1.13721249402911
0.219029976815446
0.629128656810319
1.14175200680391
0.366991716472683
2.24971747463097
1.42154311278878
0.523706616336366
0.596507170901636
0.596507170901635
1.20683606538278
0.267814360444119
0.339030442836672
1.09048967180455
15.562060745867
0.246991250451458
4.20700662915196
0.0407768573858544
0.0407768573858548
0.307574009996155
0.725190893945232
1.07534398191838
1.68117157736535
1.88732026143791
1.44932601680007
2.41398995724255
1.46680181282257
1.1883541295306
0.655924877378167
1.1883541295306
0.765455127981076
0.96032190416274
0.432234688290054
0.848158633625764
0.725063320634255
1.70913285100137
0.358836344995512
0.292428320109984
0.711847424650195
0.792236086353731
0.199224074656601
2.09853086808104
0.40427341465404
3.33088672189018
1.24454359046055
2.42959001782532
1.26757773816597
3.27146901541365
0.292428320109979
0.33622266494239
0.330875071359498
0.582868011137907
1.25490324234269
0.422914263744713
0.838838209080425
0.624468444537648
2.92658196730859
1.58913238498014
2.00941584239162
2.34890356855754
0.876119907261775
1.5227243600946
1.83029837009076
0.224556522549603
0.629128656810318
0
0.0407768573858536
0.96804678853122
0.7223329022637
4.70681439539571
2.13570957557117
0.879615066466277
1.30019922407466
2.11380657788962
0.851653792830265
2.23224167860846
0.866799482716438
5.25671944357065
2.33010613633451
0.428860228583412
1.21043549683687
9.21279041860356
0.768935024990386
1.47554390502488
0.736434238579568
0.568545897265624
0.582526534083629
1.25359710134797
0.414758892267545
0.982139736464995
1.44525252525253
0.404273414654035
0.67630526720491
0.81437209464891
1.08582945953188
0.512623349993589
3.16350774177764
13.4724290191418
3.31341092586767
0.806216723171743
3.97538242866963
0.713012477718359
2.49324106113033
1.29903417100649
0.180583225565924
0.410207146435515
0.517283562266262
0.316024256404879
0.600002330106136
0.680390991809678
1.18718907646243
0.711847424650193
2.59573823587665
5.37859708105235e-32
0.0314564328405166
2.3161254995165
1.23961646452996
1.95262894224831
0.767769971922221
1.11780084582854
0.382291659385087
5.41818414828796
1.32287535097224
0.320389593745993
0.512623349993594
1.17689513357334
0.783528013701023
0.638449081355658
0.754037607913035
0.582526534083631
0.600002330106138
1.34214113452868
0.450875537380729
0.506798084652758
1.3329414094812
1.27497664068599
1.20233476634861
1.26946931832745
0.767769971922222
4.78137779175841
0.61048780771964
1.49126792725408
10.5542157445272
5.55298439993941
0.949972621252896
1.63693812403155
0.898255915556953
0.562720631924782
0.71248074749805
0.87387496650473
1.53787004998078
0.638449081355656
0.795731245558236
0.935537613738305
0.867292999196114
2.30430906527792
0.764274812717718
0.358836344995515
0.954178462828983
0.811061479850406
13.9735234699941
0.0372816981813519
0.0128155837498397
0.734756562161408
0.124660678293895
1.68699684270619
0.65592487737816
2.3087898593781
1.97630515069964
1.29903417100648
1.83029837009076
1.94096489695106
0.363496557268186
0.377057774981653
0.273309799261361
0.449619610173241
3.20484883436442
27.5062780049631
10.6287791408899
52.0638915102583
3.40269255414583
4.31885172369602
16.090547924458
0.795731245558234
0.432234688290051
0.464464250346606
1.13126652919041
0.462413756946629
1.01010101010101
1.3253563314809
1.27860333438188
1.1137907331679
1.38901354956719
2.4978737781506
0.414758892267541
1.26175247282514
0.484662076357577
0.71499726212529
0.34835086738201
1.28155837498398
0.517283562266261
2.66913657917118
1.94956997891254
1.12194610464507
1.27223795043864
1.35146155907402
0.740973751354375
1.14990737828108
14.0738410634604
0.0372816981813519
0.0407768573858536
13.5181107499447
0.870294641920938
1.99806601190684
0.544079782834106
7.46624678154089
0.655924877378162
0.317725233884403
1.04388754907786
1.51340393554927
0.219029976815444
0.292428320109983
2.12855195554158
1.2465987440728
11.0866449966796
0.372816981813521
0.292428320109984
1.58981230995071
0.466242587349858
1.11845094544056
0.50183915277341
0.460195961926069
0.663455314389567
11.8404343317838
0.610487807719643
1.68117157736535
0.646604452832826
0.526603986811598
0.590681905560802
1.22563582771195
1.40155884100521
1.64505493225216
0.208544499201937
0.439822795428324
0.48815723556208
0.764274812717719
1.96660957906633
0.883102186804604
2.19379492735894
0.47094986776648
0.848372537369077
2.14817377931567
1.83146936492958
2.29979366910163
1.31767502009717
0.926217189192969
2.14591730453322
0.0372816981813519
0.0314564328405157
3.45660014213647
11.8369391725793
0.227185348292615
0.435962392086965
2.35464634814116
2.32508429158948
1.03195402700593
4.22564747824264
19.6975522235038
19.130606060606
1.28971374646115
0.386731909638487
2.7716612491699
2.27884380133514
1.43884053918656
1.01942143464635
0.680570293476858
0.87029464192094
3.41004916523948
0.789933475469808
0.47534165181224
0.68672888050051
0.540584623629606
0.522681369636383
0.431108198478442
0.200304661377327
0.121165519089395
0.404273414654035
0.655924877378162
0.627963603742149
0.339030442836671
0.448723800869131
0.862139270443769
0.512623349993595
0.600002330106136
0.491083848869315
1.85476448452227
0.842333368284926
0.394952990108698
0.954178462828979
1.61709365861615
0.460195961926067
1.54136520918528
0.38579986718395
1.57515174816213
5.28711928978367
0.0128155837498397
0.0407768573858536
0.864869688814326
0.646604452832827
2.27767874826698
1.54719047452612
0.503796441927927
0.654049141938414
1.18718907646244
0.460195961926062
1.52661983153332
1.57732294105996
2.305640021903
0.739808698286207
0.987060454603704
0.727859447997858
0.366991716472686
0.41475889226754
0.685358312071114
2.78214672678341
0.45691470646488
17.1682220125127
0.954178462828979
0.641443151235543
2.27300688546363
1.08582945953188
16.2895961926066
0.717644262696172
2.35806740997052
1.35495671827851
0.926217189192967
1.49260028194284
1.24311162373446
1.08772103969336
2.81942842496476
0.543878811179846
0.199224074656601
1.83029837009076
1.24311162373446
3.10370137359757
1.46330665361807
0.489322288630247
8.03932287115678
1.34937040532196
0.475341651812239
2.08194983281488
1.08582945953188
15.2945645614158
0.0128155837498397
0.0344175317185715
0.358836344995512
0.0792236086353728
1.46939242482495
0.288933160905482
1.21515035009845
3.76033646732609
12.6513112672282
5.42798224459125
0.618643179196815
0.740709400813219
0.600002330106132
1.39340346952804
1.63456945463866
0.708352265445689
6.5283660130719
2.44195123087856
1.3269954446425
2.54797106008179
12.0082019735999
0.316894434541497
3.42791047732224
0.823692519194249
0.377477194086193
1.01942143464635
0.82019735998975
0.721126373306304
0.572842146959796
0.587717544534168
6.14632262649563
0.991460161010335
2.87535097223678
6.11871086878008
0.806216723171742
0.739808698286206
9.54268067060455
8.38630025747672
2.86137033541878
0.442720165903557
1.41087926555055
0.42873952908555
0.918061817715798
0.916419092889682
0.764274812717719
0.858179954096911
0.767769971922221
12.8248347372223
2.15143883242094e-31
0.0372816981813519
0.674565726468839
9.95432094881921
6.45293022497175
0.401271771929208
1.21420665711323
1.35146155907402
0.264467046473968
0.269928232731004
4.40273554460406
0.292428320109981
0.676876725734858
0.85165379283026
0.904081180897788
0.659842601330491
0.872883855859634
0.534759358288768
0.382358766441817
0.33807929351182
1.10330525555439
0.163107429543418
0.702527000104857
0.959759067025507
0.573206109538287
0.722332902263696
1.04499248540772
18.2901681171577
0.512623349993591
0.526603986811599
1.29903417100649
1.34563629373318
1.76773921452122
0.936636957813428
0.851653792830263
0.321554646814162
0.385664604522737
1.73359896543288
1.71077545932218
0.685051204082345
0.516118509198093
0.544079782834108
1.35612177134668
0.739808698286208
0.685051204082346
2.87650437477427
0.471342723661062
7.51255065068213
0.0233010613633449
0
0.599644775319527
0.782915661808393
2.62391795696294
0.652185057029351
1.31050703109528
1.0952333018769
2.44544639008306
0.925160602565468
13.3362640243269
0.702527000104853
0.456700802721561
0.458033157410323
1.19767455407594
2.4218545314739
0.466051052625449
1.12194610464507
2.13787238008691
2.46408723917375
0.869350948935728
0.65592487737816
3.7468106672259
0.976435170622023
1.56028695257069
0.533115584914898
0.483293838034328
0.311069169200659
1.3479080307108
0.540584623629605
0.498642713175584
22.3818344925611
0.476284878776231
0.316894434541493
0.181748278634092
2.69826290587536
3.25632332552747
0.62796360374215
2.53981568860462
2.66913657917118
0.702527000104855
0.365677536611791
6.75148253002924
1.40738410634604
0.53475935828877
0.274952524087473
0.470681439539571
9.53701396898629
0.0419419104540208
0
2.60108582945954
0.842333368284924
0.572041056470125
1.77522339892582
0.554126734472755
0.372816981813523
1.88622091736279
1.25825731362063
0.224183705567788
0.0419419104540221
4.97710670721051
0.824857572262418
1.10694895902508
0.700177787098206
5.25205923129799
2.6970978528072
2.06405461768783
1.32310078874091
0.851653792830265
0.479283725373688
1.82325958547412
0.260971887269467
0.442720165903559
0.852818845898429
1.06252839816854
1.74641454918271
3.44387018978714
0.814372094648911
8.90450060000232
0.450875537380728
0.214628872345135
0.778946442510469
3.00932042454533
0.739808698286206
1.43884053918656
3.14098307177892
1.23379119918912
0.814372094648912
0.851653792830263
1.24311162373446
0.880780119534444
1.1137907331679
0.991460161010334
1.5227243600946
0.87029464192094
8.79382055852644
0
0.0128155837498397
0.350137010240812
1.5798119604348
0.367921312315777
0.432234688290051
0.534759358288772
0.674565726468843
0.489322288630244
1.14990737828108
0.655924877378167
1.1539071219694
1.42602495543672
1.5227243600946
6.99381356820803
1.48194750270875
5.08895180175457
1.06454848368343
17.4606503326227
3.52202952244474
4.65438700732818
2.38952384281104
1.22563582771196
2.41748511644705
12.2889797630282
0.982139736464996
1.74641454918272
0.796896298626402
0.19106870317943
0.414758892267543
1.43510071883774
1.25359710134797
0.598883879160697
0.600002330106137
19.2881800706022
1.12193445411438
7.10064089569279
0.828110400428738
10.0474176598744
1.23029603998462
1.31767502009716
0.750445166777352
3.23645404448173
0.907576340102291
0.413847704262928
2.23515151515151
17.8148264653455
9.94322416786084
0.0407768573858548
0.0314564328405157
