0.0372816981813519
0.0128155837498397
0
0
0.0372816981813519
0.0314564328405157
0.0314564328405157
0
0.0233010613633449
0
5.37859708105235e-32
0
0
0
0.0314564328405157
0.0407768573858536
0.0135699556114782
5.37859708105235e-32
0
0.0407768573858536
0
0.0128155837498397
0.0128155837498404
0.0233010613633463
0
0.0314564328405157
0.0314186851211076
0.0372816981813519
0.0233010613633463
0.0372816981813519
0.0314564328405157
0
0.0314564328405157
0.0229854484871784
0.037281698181353
0.0407768573858536
0.0233010613633449
0.0314564328405166
0.0233010613633449
0.0407768573858536
0
0.0419419104540209
0.0128155837498401
0.0314564328405157
0.0314564328405166
0.0372816981813529
0
0.0128155837498397
0.0314564328405157
0.0512623349993608
0.0128155837498397
0
0.0372816981813519
1.34464927026309e-32
0.0407768573858536
0.0128155837498397
0
0
5.37859708105235e-32
0.0128155837498405
0
0.0233010613633449
0
0.0241748511644704
0.0230009436929851
5.37859708105235e-32
0
0
0.0229631959735764
0
0.0314564328405174
0.0407768573858536
0.0233010613633449
0
1.34464927026309e-32
0.0128155837498397
0.0559225472720278
0.0233010613633449
0.0233010613633449
0.037281698181353
0.0128155837498397
0.0314564328405157
0.0419419104540209
0
0.0314564328405157
0.0314564328405157
0.0279612736360143
0.0372816981813519
0.0248085235282459
0.0419419104540209
0.0419419104540209
0.0687381310218675
0.0407768573858536
0.0372816981813519
0
0.0372816981813519
0.0372816981813519
0.0407768573858559
0.0314564328405157
0
0.0407768573858536
1.34464927026309e-32
0.0128155837498397
0.0128155837498397
0
0
5.37859708105235e-32
0.0233010613633463
0.0128155837498397
0
0.0128155837498397
0.0241748511644704
0.0233010613633463
0.0128155837498404
0.0128155837498397
0.0314564328405157
0.0407768573858536
0.0233010613633449
0.0314564328405157
0.0314564328405157
0.030503302925448
0.0314564328405157
0.0233010613633449
0.0407768573858559
0.0233010613633449
0.0233010613633449
0.0407768573858536
5.37859708105235e-32
0.0407768573858548
0.0559225472720286
0.0128155837498401
0.0233010613633456
0.0128155837498397
0.0128155837498397
0.0314564328405157
0.0128155837498397
0.037281698181353
0.0128155837498397
0
0.0314564328405157
0
0.037281698181353
0.0407768573858536
0.0233010613633449
0.0128155837498397
0.0314564328405174
0
0
0
0.0233010613633449
0
0.0128155837498397
0
0.0314564328405157
0.0128155837498397
0.0128155837498405
0
0.0314564328405157
0.0233010613633449
1.34464927026309e-32
0.0361328393508339
0.0127935642468514
0.0407768573858536
0.0128155837498397
0.0407768573858536
5.37859708105235e-32
0.0128155837498397
0.0407768573858536
0.0314564328405157
0.0233010613633449
0
0.0314564328405157
0.0372816981813519
0.0419419104540209
0.0512623349993589
0.0314564328405157
0.0407768573858536
0.0314564328405157
0.0419419104540209
0.0372816981813519
0.0128155837498401
0.0293046963289173
1.34464927026309e-32
0.0314564328405166
0.0419419104540209
0.0233010613633456
0.0314564328405157
0
0.0407768573858536
0.0314564328405157
0.0512623349993598
0.0128155837498397
0.040776857385856
0.0128155837498404
0.0233010613633449
0.0372816981813519
0.0314564328405157
0.0407768573858536
5.37859708105235e-32
0
0.0407768573858536
0
0.0128155837498397
5.37859708105235e-32
0
0
0.0128155837498397
1.34464927026309e-32
0.0128155837498404
0.0128155837498397
0.0127205154194773
0.0128155837498397
0
0.0314564328405175
0.0314564328405157
0
5.37859708105235e-32
0.037281698181354
0.0128155837498397
0.0128155837498397
1.34464927026309e-32
0.0128155837498397
0.0233010613633449
0.0407768573858548
1.34464927026309e-32
0.0128155837498397
0.0314564328405157
0.0407768573858536
0.0314564328405157
0.0233010613633449
0.0419419104540209
0
0.0233010613633449
0.0233010613633449
0.0314564328405157
0.0419419104540221
0.0407768573858536
0.0372816981813519
0.0372816981813519
0.0314564328405157
0.0128155837498397
0.0128155837498397
0
0
0
0.0419419104540209
5.37859708105235e-32
0.0233010613633463
0.0233010613633449
0.0372816981813519
0.0128155837498397
0.0128155837498397
0.0128155837498397
0.0279612736360139
0
0.0233010613633449
0.0314564328405174
0.0372816981813519
0.0128155837498397
0.0314564328405157
0.00475574662425919
0
0.0372816981813519
0.0407768573858536
0.0314564328405157
0.0233010613633463
0.0314564328405157
0.0559225472720278
0.0233010613633456
0.0128155837498397
0.0233010613633456
0.0372816981813519
1.34464927026309e-32
0
1.34464927026309e-32
0
1.34464927026309e-32
0
0.0233010613633449
0.0372816981813519
0.0594177064765296
0.0512623349993593
0.0419419104540209
0.0128155837498397
0.0419419104540209
0.0372816981813519
0.0128155837498401
0.0128155837498401
0
0.0128155837498397
0.0233010613633449
0.0128155837498397
0
0
0.0372816981813519
5.37859708105235e-32
0
0
0
5.37859708105235e-32
0
0.0314564328405157
0.0369881048081736
0.0128155837498397
0.0314564328405174
0.0128155837498397
0.0233010613633449
0.0233010613633449
0.0128155837498397
0
0.0407768573858536
0.0233010613633449
5.37859708105235e-32
0.0384952174571553
0.0356618083953724
0.0244636678200687
0.0372816981813519
0.0233010613633449
0
0.0127107289737047
0
0
0.0128155837498397
0.0128155837498397
1.34464927026309e-32
0.0233010613633449
0.0308201973599907
0.0128155837498397
0.0314564328405157
0
0.0419419104540209
0.0128155837498397
0.0233010613633449
0.0128155837498397
0
0.0419419104540209
0.0309059452658069
0.0128155837498397
0.037281698181354
0.0407768573858536
0.0233010613633449
0
0.0372816981813519
0.037281698181354
0.0128155837498397
0
0.0233010613633449
0.0372816981813519
0
0.0233010613633449
0.0128155837498397
0.0407768573858536
0
0.0233010613633449
0
0.0128155837498397
0
0.0407768573858536
0.0407768573858536
0.0407768573858536
0.0128155837498404
0.0419419104540209
1.34464927026309e-32
0.0419419104540221
1.34464927026309e-32
0.0407768573858548
0.0128155837498397
0.0128155837498397
0.035643517062202
0.0308201973599898
0.00416378316032199
0
0.0407768573858536
0.0372816981813519
0.0314564328405157
0.0372816981813519
0.0233010613633456
0.0401331655656909
0.0407768573858536
0
1.34464927026309e-32
0.0233010613633456
0.0407768573858536
0.0128155837498397
0.0233010613633449
0.0233010613633449
0.0419419104540233
0.0314564328405157
0.0419419104540209
0
0.0233010613633449
0.0233010613633463
0.0197102513019453
0
0.0128155837498397
0.0233010613633463
0
0.0407768573858536
0.0128155837498397
0.0407768573858559
0.0233010613633449
0
0.0372816981813519
0.0233010613633449
0
0.0233010613633449
0.0294874931553126
0.0233010613633449
0.0407768573858536
0.0314564328405157
0.0233010613633449
0
1.34464927026309e-32
0.0407768573858536
1.34464927026309e-32
0.037281698181353
0.0372816981813519
0.0233010613633456
0.0128155837498397
0.0407768573858548
0.0372816981813519
0.0128155837498397
0.0233010613633449
0.0128155837498397
0.000233010613633555
0.0233010613633449
0
0.0128155837498397
0.0128155837498397
0.0327346125616025
0
0
0.0128155837498397
0.0372816981813519
0.0128155837498397
0.0128155837498397
0.0372816981813519
0.0355457691097823
0.0419419104540233
0.0419419104540233
0.0128155837498397
0.0128155837498397
0.0233010613633449
0
0
0.0407768573858536
5.37859708105235e-32
0
0.0233010613633449
0
0.0182767700068737
0.0128155837498404
0
5.37859708105235e-32
0.0233010613633449
0.0419419104540233
0.0407768573858536
0.0128155837498397
0.0314564328405166
0.0128155837498397
0.0233010613633449
0.0236667715214423
0.037281698181353
0.0233010613633449
0.0407768573858548
0.0233010613633449
0.0419419104540221
0
0
0.0128155837498397
0.0128155837498397
0.0372816981813529
0.0128155837498397
0
0.0419419104540209
2.15143883242094e-31
0.0128155837498397
0
0.0393176284179743
0.0233010613633449
0.0372816981813519
0.0407768573858536
0
0
0
5.37859708105235e-32
0.0369140074330386
0.0233010613633449
0
0.0407768573858536
0.0314564328405174
0.0128155837498397
0.0128155837498397
5.37859708105235e-32
0.0233010613633449
0.0128155837498397
0
0.0314564328405157
1.34464927026309e-32
0
0.0372816981813519
0.0233010613633449
0.0512623349993608
0.0103806228373696
0.0314564328405157
0.0314564328405157
0.0128155837498397
0.0310421399694758
0.0372816981813519
0.0407768573858536
0
0.00461361014994265
0.0419419104540209
0.0128155837498397
0.0128155837498397
0
0.0233010613633456
0.0233010613633449
0
0.0381554879824773
0
0.0233010613633449
1.34464927026309e-32
0
0.0372816981813519
0.0233010613633449
0.0208930131767498
0
1.34464927026309e-32
5.37859708105235e-32
0.0407768573858536
0.0407768573858536
0.0279612736360139
0.0305909149161741
0.0372816981813519
0.0407768573858536
0.0128155837498397
0.0314564328405157
0
0.0128155837498397
0
0.0128155837498397
0.037281698181354
0.0407768573858536
0.0407768573858536
0.0070178136614124
0.0128155837498404
0.0233010613633449
0
0.0407768573858536
0
2.15143883242094e-31
0.0407768573858536
1.34464927026309e-32
0.0233010613633449
0.037281698181353
0.0407768573858536
0.0372816981813529
1.34464927026309e-32
0.0314564328405166
0
0.0297531252548555
0
0
0.0407768573858536
0.0233010613633449
0
5.37859708105235e-32
0.0233010613633449
0.0407768573858536
1.34464927026309e-32
0.0128155837498401
0.0314884717998899
0.0128155837498397
0.0128155837498397
0.0419419104540209
0
0.0359302366222777
0.0314564328405157
0.0314564328405157
1.34464927026309e-32
0.0128155837498397
0.0372816981813519
0.0233010613633449
5.37859708105235e-32
0.0407768573858536
0.0128155837498397
0
0.0233010613633449
0.0372816981813519
0.0233010613633449
0.0308855568371136
0.0128155837498397
5.37859708105235e-32
0.024016869968427
0.0371245325224555
0.0372816981813519
5.37859708105235e-32
0.0233010613633449
0.0233010613633449
0.0233010613633456
0.0314564328405166
0.0407768573858536
5.37859708105235e-32
0.0128155837498397
0
0.0233010613633449
0
0.0128155837498397
0.0419419104540221
0.0128155837498397
0
0.0128155837498397
0.037281698181353
0
0
0
1.34464927026309e-32
0.0308617897545237
2.15143883242094e-31
0.0128155837498401
0.0144555124485916
0.00271177752146651
0
0.0128155837498397
0.0407768573858536
0.0128155837498397
0.0407768573858536
0.0233010613633449
0.0314564328405174
0.0233010613633449
0
0.0314564328405157
0.0128155837498397
0.0372816981813519
0
0.0314564328405157
0.0233010613633449
0.0128155837498397
0
0
0.0128155837498397
0.0128155837498397
0
0
0.0233010613633449
0
2.15143883242094e-31
0.0128155837498397
0.00779700115340215
1.34464927026309e-32
0.0233010613633449
0
0.0128155837498397
1.34464927026309e-32
0
0.0233010613633449
0
1.34464927026309e-32
0.0419419104540221
0.0233010613633449
0.0233010613633449
0.0407768573858536
0.0128155837498397
0.0208930131767498
1.34464927026309e-32
0.0128155837498401
2.15143883242094e-31
0.0141832395465622
0.037281698181353
0.0233010613633449
0.0314564328405157
0.0407768573858536
0
0.0449686018198136
0.0372816981813519
0.0128155837498404
0.0407768573858536
0.0372816981813519
0.0233010613633449
5.37859708105235e-32
0.0233010613633463
0.0233010613633449
0.0128155837498397
0.0314564328405156
5.37859708105235e-32
0.0129232346533385
0
0.0314564328405157
0.0314564328405157
0
5.37859708105235e-32
0.022677874477182
0.0128155837498397
0.0233010613633449
0.0128155837498397
0.0233010613633449
0.0372816981813519
0.0314564328405166
0.0233010613633449
0.0233010613633456
0.00226066897347251
0.0407768573858548
0.0372816981813519
1.34464927026309e-32
0.0372816981813519
0.0233010613633449
0.0314564328405157
0
0.0128155837498397
0.0407768573858536
0.0128155837498397
0
0.0128155837498397
0.0128155837498401
2.15143883242094e-31
0
0.0314564328405166
0
0.0407768573858536
0.0233010613633449
0.0210991110645084
5.37859708105235e-32
0.0233010613633449
0.0314564328405157
0.0419419104540209
0.0128155837498397
0.0314564328405157
0
0.0407768573858536
0
0.0419419104540209
0.0314564328405157
0.0407768573858536
0.0233010613633449
0
1.34464927026309e-32
0.0128155837498404
0.0407768573858536
0.0314564328405157
0.0128155837498397
0.037281698181354
0.0233010613633449
0.0364778115643163
0
0
0.0128155837498397
0
0
0.0372816981813519
0
0.0306134004403897
0
0
0.0186197616301418
0
0
0.0128155837498397
0.0233010613633449
0.0419419104540209
0.0407768573858536
0.0279612736360139
0.030666060839072
0.0128155837498401
0.0419419104540209
0.0314564328405157
0
0.0279612736360139
0
0.0314564328405157
0.0348745820372118
0.0419419104540209
0.0314564328405157
0.0308855568371136
0.0314564328405157
0.0128155837498397
0.0233010613633449
0.0233010613633449
0.0233010613633449
0.0128155837498397
0.0314564328405174
0.0233010613633449
0.0128155837498397
0.0128155837498397
1.34464927026309e-32
0
0
0.0128155837498397
0.0407768573858536
0.037281698181354
0.040559108967413
0.0372816981813519
0
0.0233010613633449
0.00194925028835048
0.0307447019211722
0.0128155837498397
0.0127107289737047
0
0.0419419104540209
0.0233010613633449
0
0
0.0419419104540221
0
0.0128155837498401
0.0128155837498397
0.0233010613633449
0
0.0314564328405157
0.0372816981813519
5.37859708105235e-32
1.34464927026309e-32
0
0
0
0.0372816981813519
0.0407768573858536
0.0513102186804614
0.0314564328405157
0.0372816981813519
0.0407768573858536
0.0128155837498397
5.37859708105235e-32
0.0314564328405157
0.0571509792271031
0.0687381310218676
0.0419419104540209
0.0279612736360147
0
0.0407768573858536
5.37859708105235e-32
0.0233010613633449
0
0.0372816981813519
0.0128155837498397
0.0128155837498397
0
0.0128155837498397
0.0128155837498397
0
0
0.0233010613633449
0.0233010613633449
0.0407768573858548
0.0129232346533385
0.0128155837498397
0
1.34464927026309e-32
0.0419419104540221
0
0.0407768573858536
0.0372816981813529
0.0233010613633449
0
0.0128155837498397
0.0233010613633456
0.0314564328405166
0.0382998380576231
0
0.0233010613633449
0.0407768573858536
0.037281698181353
0.0314564328405166
0.0128155837498404
0.0407768573858536
0.0372816981813519
0.0128155837498397
0
0
5.37859708105235e-32
0.0233010613633463
0
0.0372816981813519
1.34464927026309e-32
1.34464927026309e-32
0
0.0314564328405157
0.0407768573858536
0.0407768573858536
0.0407768573858559
0.0419419104540209
0.0372816981813519
0.0128155837498397
1.34464927026309e-32
0.0233010613633463
0.0372816981813519
0.0148544266191324
0.0233010613633449
0
1.34464927026309e-32
0.0372816981813519
0
0.0128155837498397
0.0419419104540209
0.0233010613633449
0.0236016450549328
0.0279612736360139
0.0128155837498397
0.0314564328405157
0.0128155837498397
0.0233010613633449
0
0.0314564328405157
0.0372816981813519
0.024016869968427
0.0407768573858536
0.0372816981813519
0.0128155837498397
0
0
0.0314564328405157
0.0128155837498404
0.0407768573858536
0.0128155837498397
0
0
0
0
0.00861719851339327
0.0314564328405157
0
1.34464927026309e-32
0.0128155837498405
0.0128155837498397
0.0128155837498397
0.0372816981813519
0.0314564328405156
0
0
0
0.0128155837498397
1.34464927026309e-32
0.0233010613633463
0.0397399601551846
0.0128155837498397
0.0128155837498397
0.0128155837498397
0.0372816981813519
0.0128155837498401
0.0128155837498397
0.0128155837498401
0.0512623349993598
0.0372816981813519
0.0128155837498397
0.0419419104540209
0.0128155837498397
0.0372816981813529
0.0407768573858536
0.0128155837498397
0.0407768573858536
0.0372816981813519
0.0314564328405157
0.0594177064765296
0.0316357345077061
0.0372816981813519
0
0.0396046974939692
0.0407768573858536
0.0594177064765296
0.0372816981813519
0.0316357345077061
0.0233010613633463
0.0314564328405157
0.0128155837498397
0.0407768573858536
0.0128155837498397
0.0233010613633463
0
0.038168420071534
0.0372816981813519
0.0314564328405157
0
0
0.0309311104120789
0.0372816981813519
1.34464927026309e-32
0.0139340346952809
0
0.0407768573858536
0.0233010613633449
0.0128155837498397
0.0233010613633449
0
0.0419419104540209
0.0407768573858548
0.0594177064765296
0.0279612736360139
0.0407768573858536
0.0652429718173658
0.0407768573858536
0
0.0314564328405157
0.0314564328405157
0
0.0314564328405157
0.0372816981813529
0.0372816981813519
0.0407768573858536
0.0314564328405165
0.0233010613633449
0.0279612736360143
0
0
0.0512623349993598
0.0210991110645084
0.0407768573858536
0.0559225472720286
0.0594177064765296
0.0314564328405157
0.0652429718173658
0.0407768573858559
0.0932042454533797
0.0407768573858536
0.0838838209080418
0.0580824391551019
0.0594177064765306
0.0652429718173658
0.0372816981813519
0.0966994046578815
0.0512623349993608
0.0407768573858536
0.0838838209080418
0.163107429543415
0.0407768573858536
0.0407768573858536
0.0838838209080418
0.0419419104540209
0.0407768573858536
0.0873789801125435
0.037281698181354
0.023087973157177
0.0233010613633449
0.0419419104540209
0.0128155837498401
0.0233010613633449
0.0128155837498401
0.0279612736360143
0
0.0233010613633449
0.0419419104540209
0.0372816981813519
0.0233010613633456
0.0128155837498397
0
0.0407768573858536
1.34464927026309e-32
0.0128155837498397
0.0419419104540209
0.0314564328405157
0.0314564328405166
0.0233010613633456
0.0407768573858536
0.0372816981813519
0.0407768573858536
0.0233010613633449
