0.31585
0.3135
0.31314
0.32042
0.32263
0.30227
0.32031
0.29961
0.31568
0.31536
0.29971
0.30618
0.30324
0.30211
0.3033
0.31719
0.31824
0.3025
0.32152
0.31353
0.30967
0.3027
0.30987
0.30536
0.31034
0.32041
0.32354
0.31105
0.30078
0.31274
0.2993
0.3175
0.31386
0.3282
0.32239
0.32662
0.3171
0.2984
0.32775
0.33029
0.30505
0.31416
0.31727
0.30635
0.31059
0.29529
0.30309
0.33222
0.34174
0.3432
0.33115
0.30892
0.30922
0.33935
0.33325
0.31634
0.3227
0.31004
0.3309
0.31343
0.32865
0.32263
0.31598
0.31742
0.31755
0.32306
0.3169
0.32465
0.32801
0.31563
0.33762
0.32375
0.3257
0.30806
0.33412
0.33245
0.31943
0.32198
0.31924
0.35675
0.3152
0.32935
0.31891
0.31461
0.34275
0.34822
0.33244
0.33013
0.33899
0.32566
0.3303
0.3219
0.33095
0.31788
0.31301
0.31198
0.3411
0.3498
0.32407
0.34489
0.33977
0.33527
0.32936
0.33734
0.3309
0.32868
0.35555
0.33824
0.33888
0.33149
0.33108
0.32186
0.33044
0.32392
0.32242
0.33982
0.3402
0.31794
0.34794
0.33102
0.33899
0.32424
0.32882
0.33162
0.33108
0.33026
0.34088
0.35358
0.32059
0.32956
0.3248
0.33127
0.36469
0.35294
0.34756
0.33667
0.33765
0.33358
0.34025
0.33962
0.32843
0.33124
0.32721
0.33359
0.353
0.35132
0.32848
0.34882
0.34863
0.34525
0.34789
0.34343
0.33083
0.34406
0.34105
0.35631
0.3593
0.35208
0.33465
0.35031
0.34315
0.33916
0.3409
0.34404
0.34127
0.33566
0.35576
0.33574
0.33588
0.33416
0.33913
0.34919
0.34284
0.34907
0.35171
0.36287
0.33391
0.33722
0.34342
0.36005
0.33799
0.34164
0.34706
0.33919
0.34338
0.33796
0.33426
0.3405
0.33919
0.32784
0.33833
0.33216
0.35151
0.36387
0.33914
0.34759
0.37069
0.35771
0.37288
0.34402
0.35673
0.34168
0.3496
0.34742
0.35555
0.36325
0.3477
0.36354
0.345
0.35784
0.35755
0.37148
0.34504
0.34259
0.3525
0.34325
0.35345
0.33876
0.34279
0.34775
0.35025
0.35555
0.34755
0.37026
0.34392
0.35708
0.35247
0.35269
0.34693
0.34608
0.34595
0.34098
0.36962
0.35522
0.34017
0.3399
0.34654
0.34492
0.34278
0.3636
0.33971
0.35687
0.35281
0.34649
0.3526
0.34869
0.34589
0.35719
0.34218
0.37026
0.35169
0.36647
0.36227
0.35517
0.34859
0.34608
0.35765
0.3519
0.35322
0.34941
0.35297
0.36918
0.36149
0.36652
0.34588
0.35369
0.35333
0.35085
0.35825
0.3768
0.35815
0.37306
0.35754
0.35838
0.34691
0.36077
0.36264
0.35997
0.35056
0.34804
0.36923
0.34907
0.34906
0.34667
0.35036
0.34873
0.35412
0.34693
0.36599
0.36142
0.34176
0.3551
0.35353
0.35191
0.37515
0.36688
0.35276
0.36661
0.36452
0.36054
0.35343
0.35578
0.34657
0.35593
0.35232
0.36139
0.37574
0.38423
0.36309
0.34912
0.36174
0.35517
0.35265
0.34931
0.35225
0.37103
0.36085
0.36883
0.3805
0.3584
0.37053
0.36412
0.35696
0.36281
0.36175
0.35348
0.35534
0.37112
0.35809
0.35742
0.35216
0.35642
0.35814
0.35242
0.35779
0.38078
0.34039
0.35826
0.37119
0.34431
0.35499
0.35742
0.35299
0.36012
0.36299
0.36718
0.35752
0.35796
0.35437
0.35536
0.36043
0.38408
0.37365
0.3552
0.3585
0.38074
0.35598
0.36472
0.36144
0.36151
0.36256
0.35373
0.35647
0.38731
0.35571
0.35894
0.36303
0.38548
0.36907
0.37113
0.37315
0.36772
0.36054
0.35899
0.36695
0.36129
0.36154
0.36816
0.35855
0.36074
0.36123
0.36196
0.36025
0.36215
0.34889
0.34863
0.35392
0.36525
0.37039
0.369
0.35686
0.36376
0.35536
0.36536
0.382
0.36819
0.36772
0.35657
0.37904
0.39264
0.37374
0.37435
0.36746
0.36725
0.35975
0.36433
0.37721
0.35814
0.37383
0.36272
0.35569
0.37629
0.38964
0.35716
0.35789
0.38688
0.36137
0.36461
0.38134
0.37056
0.37041
0.36382
0.36529
0.3623
0.36637
0.36829
0.37203
0.36494
0.37059
0.36351
0.37061
0.36865
0.36669
0.3577
0.36379
0.36031
0.36041
0.35853
0.39342
0.3651
0.36481
0.35742
0.37345
0.3775
0.36715
0.36272
0.35583
0.43126
0.37278
0.36059
0.37575
0.3598
0.36804
0.36088
0.36049
0.36626
0.36159
0.36666
0.38569
0.35711
0.37152
0.3583
0.36919
0.38801
0.35971
0.3635
0.36422
0.36657
0.36948
0.37159
0.36255
0.37153
0.3687
0.36495
0.37716
0.37393
0.3649
0.36108
0.37125
0.36304
0.3484
0.34647
0.34973
0.35784
0.34987
0.34925
0.38964
0.36819
0.36546
0.35814
0.36854
0.36628
0.3714
0.35358
0.36325
0.35649
0.35853
0.37039
0.37725
0.35833
0.36659
0.3572
0.36776
0.37843
0.36651
0.37105
0.36029
0.36695
0.37078
0.3582
0.36553
0.37132
0.38336
0.36059
0.37354
0.35833
0.37188
0.36181
0.36118
0.36176
0.39166
0.36113
0.37394
0.38607
0.37115
0.3634
0.39642
0.39563
0.35167
0.36765
0.36632
0.37138
0.34936
0.35108
0.36433
0.36255
0.3648
0.35975
0.37215
0.35054
0.38034
0.35519
0.3671
0.39836
0.38229
0.36449
0.37546
0.37176
0.37384
0.37773
0.38182
0.38309
0.41373
0.35912
0.41353
0.38178
0.36174
0.36563
0.39851
0.39105
0.3884
0.35791
0.38168
0.38041
0.37404
0.3857
0.37411
0.37552
0.38349
0.36382
0.35877
0.37365
0.36422
0.36245
0.36889
0.37501
0.35883
0.35959
0.34471
0.37783
0.35812
0.34875
0.36015
0.36175
0.36409
0.37588
0.37046
0.37705
0.37675
0.36425
0.38461
0.36902
0.36403
0.35059
0.36279
0.37412
0.3624
0.36213
0.37637
0.37714
0.3884
0.35167
0.36139
0.38222
0.36715
0.37338
0.36712
0.36375
0.35397
0.36523
0.40723
0.36662
0.36924
0.37099
0.36765
0.362
0.36775
0.35725
0.38324
0.37264
0.3576
0.36066
0.37418
0.37943
0.33546
0.35674
0.36822
0.36107
0.34572
0.36315
0.3548
0.36056
0.35607
0.34843
0.36259
0.34931
0.364
0.36529
0.40479
0.37374
0.36618
0.36801
0.35369
0.37032
0.36371
0.36348
0.36484
0.35966
0.37541
0.36481
0.36376
0.38083
0.3527
0.37077
0.38091
0.36915
0.35943
0.36742
0.35598
0.36098
0.35964
0.35213
0.36402
0.36428
0.37803
0.3611
0.35956
0.37134
0.35387
0.3649
0.36085
0.36712
0.35211
0.34864
0.3601
0.34373
0.35394
0.34606
0.35538
0.35957
0.34482
0.35669
0.35992
0.35827
0.35402
0.35287
0.3644
0.40061
0.36549
0.36202
0.35303
0.36206
0.35981
0.36617
0.35821
0.36954
0.36865
0.34742
0.35654
0.3618
0.36606
0.34622
0.38562
0.36174
0.34711
0.35423
0.34502
0.36355
0.3554
0.35531
0.34225
0.35126
0.34799
0.35734
0.34637
0.36803
0.34863
0.35245
0.37489
0.36262
0.34558
0.34154
0.35047
0.34023
0.35292
0.34522
0.33877
0.35976
0.34232
0.35216
0.34245
0.35374
0.37068
0.34921
0.34876
0.35403
0.35572
0.34798
0.36533
0.34255
0.34277
0.37779
0.37936
0.36738
0.35842
0.34897
0.35012
0.35028
0.34617
0.33706
0.34564
0.34468
0.34631
0.3384
0.34506
0.35642
0.34026
0.35166
0.34212
0.35216
0.35281
0.33379
0.3458
0.3394
0.33781
0.36004
0.35324
0.34834
0.34178
0.35608
0.32441
0.32169
0.33251
0.357
0.32574
0.35332
0.33389
0.33914
0.35767
0.33227
0.33504
0.33629
0.33507
0.36094
0.33721
0.36116
0.34247
0.35334
0.36256
0.34561
0.33614
0.36136
0.34948
0.33002
0.36669
0.36013
0.33174
0.33431
0.34048
0.34961
0.3277
0.33794
0.34532
0.33314
0.33845
0.35023
0.34086
0.32735
0.34293
0.32647
0.34176
0.33428
0.34577
0.33761
0.34284
0.33436
0.33025
0.30971
0.30843
0.31578
0.32761
0.33706
0.31569
0.33604
0.31623
0.32544
0.32372
0.31912
0.32652
0.33108
0.32629
0.33727
0.34256
0.33489
0.32466
0.33618
0.32623
0.32575
0.3517
0.33908
0.3233
0.32879
0.33857
0.32549
0.33755
0.33507
0.32608
0.33174
0.32928
0.33131
0.33099
0.35045
0.33867
0.32338
0.32741
0.3356
0.34163
0.33093
0.33225
0.33059
0.32914
0.35703
0.33703
0.34075
0.30529
0.29971
0.32218
0.3
0.31838
0.30458
0.31279
0.32425
0.3073
0.31845
0.32597
0.31988
0.31265
0.33112
0.32031
0.32505
0.33331
0.3282
0.31995
0.32164
0.31431
0.32686
0.31814
0.32265
0.3158
0.31804
0.31627
0.33203
0.32113
0.31451
0.31348
0.32501
0.31333
0.32261
0.32536
0.32316
0.32399
0.31223
0.31328
0.31147
0.31441
0.31095
0.32377
0.3169
0.36479
0.3225
0.31982
0.33566
0.29327
0.3121
0.29181
0.29409
0.3023
0.29461
0.2927
0.30938
0.29696
0.31167
0.31157
0.32017
0.31311
0.32011
0.30502
0.3219
0.3209
0.30652
0.30657
0.31517
0.30882
0.31056
0.31866
0.30907
0.30647
0.31119
0.30882
0.31059
0.30794
0.311
0.31288
0.32881
0.30745
0.30985
0.31225
0.30605
0.32595
0.30319
0.30078
0.30922
0.31153
0.30732
0.30647
0.30375
0.30549
0.30972
0.31424
0.31534
0.27926
0.27431
0.28438
0.29668
0.28977
0.29971
0.3102
0.31855
0.29255
0.28598
0.30034
0.29573
0.311
0.29397
0.29245
0.31007
0.30221
0.30791
0.31907
0.29716
0.29779
0.30169
0.311
0.31485
0.30535
0.29971
0.32547
0.33107
0.31791
0.30367
0.29735
0.29825
0.31925
0.29627
0.30438
0.32941
0.30631
0.29529
0.30658
0.29494
0.30551
0.3035
0.29735
0.30002
0.31014
0.29966
0.2982
0.31059
0.29672
0.29475
0.28572
0.3174
0.30205
0.30842
0.31547
0.32236
0.29264
0.30087
0.31112
0.31222
0.29647
0.30163
0.30785
0.30747
0.29492
0.30203
0.29321
0.29777
0.28407
0.29169
0.29162
0.31314
0.29882
0.30472
0.32512
0.29435
0.29487
0.29167
0.29394
0.31509
0.28838
0.30931
0.29141
0.29874
0.29098
0.28735
0.30178
0.28866
0.29466
0.28696
0.29396
0.29436
0.29167
0.29255
0.29529
0.30083
