0.29369
0.25607
0.28375
0.28097
0.30167
0.24825
0.30694
0.16574
0.3326
0.31476
0.13289
0.1472
0.23139
0.22982
0.27524
0.27847
0.26875
0.24044
0.25306
0.22634
0.22613
0.24928
0.24529
0.29139
0.26816
0.28249
0.28722
0.23237
0.23877
0.29176
0.21149
0.25878
0.28328
0.30569
0.29977
0.26358
0.29742
0.19803
0.3062
0.27619
0.071167
0.22153
0.26211
0.2199
0.2998
0.12838
0.27796
0.23659
0.35909
0.35267
0.33669
0.23883
0.27952
0.32798
0.29186
0.28963
0.33614
0.29547
0.32199
0.23017
0.30148
0.26889
0.27883
0.26388
0.29042
0.30897
0.25697
0.2834
0.28635
0.25811
0.28348
0.30338
0.31522
0.27443
0.25238
0.23066
0.26139
0.22031
0.2335
0.26984
0.22134
0.28674
0.19446
0.21741
0.28594
0.26608
0.25477
0.24055
0.29201
0.30503
0.33486
0.29066
0.28059
0.25879
0.24274
0.22056
0.32204
0.32039
0.29935
0.25968
0.25675
0.2948
0.32443
0.32186
0.27666
0.29504
0.32639
0.27679
0.25725
0.30426
0.33294
0.27306
0.28169
0.2937
0.24578
0.26028
0.27468
0.26749
0.33897
0.31083
0.30823
0.35565
0.29143
0.27044
0.28735
0.31828
0.30444
0.27324
0.24905
0.2951
0.28936
0.24999
0.25536
0.27485
0.25414
0.19755
0.26446
0.24963
0.28629
0.28154
0.31368
0.34325
0.26963
0.27727
0.28916
0.26037
0.212
0.24725
0.12224
0.21569
0.22409
0.19301
0.1754
0.25944
0.29716
0.35394
0.37343
0.32907
0.29028
0.33172
0.29299
0.28435
0.27827
0.27992
0.315
0.2945
0.35053
0.26775
0.27826
0.30221
0.3035
0.32526
0.34842
0.28311
0.30445
0.30963
0.3197
0.30131
0.2649
0.23644
0.20971
0.088794
0.24659
0.24176
0.19142
0.16278
0.2246
0.24786
0.25997
0.132
0.24226
0.22324
0.31022
0.34904
0.26817
0.26161
0.32675
0.31265
0.30235
0.27654
0.24548
0.24865
0.23304
0.23658
0.34291
0.3473
0.27193
0.31761
0.30549
0.26983
0.29637
0.29112
0.32205
0.28484
0.28639
0.24832
0.29755
0.25391
0.26193
0.28125
0.30764
0.3069
0.30926
0.3011
0.28088
0.32546
0.29863
0.27323
0.28056
0.34882
0.33333
0.21892
0.32835
0.30667
0.22656
0.15194
0.25868
0.29914
0.3334
0.31652
0.2458
0.2885
0.32159
0.29005
0.2623
0.16333
0.15261
0.07598
0.11832
0.34477
0.34348
0.31892
0.26539
0.28385
0.25943
0.11319
0.31164
0.34306
0.28902
0.11642
0.25029
0.3372
0.31627
0.30737
0.1859
0.27005
0.29784
0.23958
0.29225
0.30956
0.28985
0.33213
0.29389
0.27289
0.2868
0.30825
0.28178
0.29515
0.22279
0.10569
0.28703
0.14919
0.25199
0.1118
0.2384
0.30002
0.31997
0.11814
0.35687
0.34642
0.25507
0.31806
0.27083
0.11873
0.25001
0.27634
0.26509
0.35426
0.33379
0.29695
0.24806
0.26662
0.16268
0.21611
0.31867
0.28868
0.36202
0.32772
0.32097
0.27053
0.24033
0.16705
0.18805
0.099059
0.27115
0.35892
0.32936
0.32098
0.36977
0.23941
0.26667
0.30571
0.31113
0.33134
0.33477
0.24693
0.20311
0.2837
0.098794
0.23356
0.16265
0.24125
0.25884
0.15044
0.30191
0.31546
0.15291
0.28139
0.37167
0.16822
0.30717
0.29642
0.22926
0.27485
0.28049
0.33507
0.28882
0.32267
0.27104
0.27249
0.33818
0.31701
0.33227
0.27624
0.25674
0.29548
0.12105
0.27999
0.27778
0.29966
0.33409
0.30412
0.30119
0.36838
0.23167
0.20681
0.26511
0.25889
0.32159
0.35396
0.30424
0.12651
0.052108
0.15589
0.32791
0.25225
0.16251
0.29056
0.25504
0.16729
0.1599
0.24056
0.18977
0.26193
0.28905
0.12931
0.31176
0.31221
0.32725
0.34387
0.26078
0.20142
0.21132
0.30641
0.34127
0.29811
0.34262
0.34064
0.28992
0.30644
0.33661
0.3393
0.33037
0.28698
0.25612
0.32818
0.32327
0.18477
0.27174
0.28509
0.22904
0.29745
0.33531
0.2622
0.10225
0.29742
0.21977
0.16892
0.28152
0.26485
0.36358
0.33708
0.32159
0.25002
0.28149
0.27838
0.33397
0.29752
0.32487
0.28679
0.28659
0.27077
0.36796
0.31234
0.34812
0.37438
0.21501
0.24634
0.3502
0.22737
0.26914
0.27409
0.30296
0.28284
0.34008
0.34522
0.24216
0.36765
0.32244
0.31115
0.3434
0.23575
0.31038
0.27771
0.17736
0.27854
0.3144
0.34379
0.36438
0.1201
0.27096
0.16262
0.27176
0.35734
0.17913
0.19938
0.23593
0.26625
0.38056
0.34048
0.28914
0.31298
0.29107
0.24614
0.27491
0.30051
0.18272
0.093539
0.23887
0.10029
0.29281
0.14711
0.27877
0.30363
0.069284
0.074961
0.32955
0.28229
0.272
0.25178
0.31342
0.29984
0.35939
0.17181
0.24767
0.14219
0.23917
0.38458
0.34336
0.21924
0.30358
0.28262
0.34999
0.33985
0.33022
0.33753
0.24752
0.26947
0.34475
0.27827
0.27232
0.3198
0.34359
0.24862
0.31017
0.16267
0.33824
0.28875
0.20774
0.27085
0.34814
0.29675
0.31
0.26889
0.35383
0.27457
0.31819
0.33193
0.29923
0.37299
0.35254
0.32692
0.26387
0.22345
0.28777
0.31146
0.33731
0.29927
0.33583
0.13958
0.34316
0.29907
0.39742
0.37675
0.41553
0.38415
0.37149
0.29906
0.31879
0.33201
0.35409
0.34281
0.35399
0.32326
0.36139
0.30504
0.34324
0.33548
0.3313
0.29999
0.40892
0.28711
0.31617
0.33747
0.37484
0.37559
0.36901
0.31507
0.34272
0.32659
0.10103
0.24943
0.30696
0.29473
0.30022
0.35152
0.33338
0.30001
0.26284
0.33798
0.36838
0.34398
0.27007
0.30494
0.32644
0.35404
0.34664
0.34293
0.35711
0.40037
0.38386
0.31166
0.29363
0.17448
0.33517
0.307
0.32152
0.31149
0.33211
0.33757
0.36679
0.28152
0.32462
0.32831
0.30796
0.33524
0.36154
0.32169
0.27126
0.31039
0.35876
0.37457
0.3508
0.32921
0.36235
0.32053
0.34161
0.34316
0.31717
0.28541
0.13842
0.31058
0.30992
0.33975
0.20151
0.31074
0.32752
0.30762
0.25968
0.35784
0.29672
0.27389
0.31291
0.32056
0.30113
0.26934
0.32083
0.36127
0.35973
0.33122
0.35943
0.35933
0.2908
0.2618
0.29999
0.28551
0.30166
0.26412
0.33862
0.33657
0.30898
0.36178
0.32411
0.36056
0.34265
0.33865
0.30975
0.31215
0.27461
0.30431
0.33275
0.2278
0.31394
0.31046
0.3184
0.33105
0.30837
0.32637
0.31175
0.37424
0.33568
0.37458
0.39232
0.38656
0.31696
0.32514
0.3836
0.32818
0.30936
0.34129
0.32088
0.32145
0.32095
0.32924
0.32683
0.28745
0.34698
0.37762
0.34298
0.34286
0.33834
0.31598
0.33957
0.31044
0.34375
0.33951
0.33629
0.32011
0.3376
0.35544
0.35794
0.27991
0.36583
0.31868
0.2582
0.317
0.29295
0.32435
0.33651
0.34463
0.22752
0.33616
0.25932
0.31276
0.3461
0.39646
0.3182
0.34279
0.33022
0.31531
0.36355
0.35536
0.38484
0.39842
0.35066
0.33701
0.26924
0.28041
0.30013
0.31372
0.29889
0.26541
0.33174
0.30536
0.26791
0.30564
0.28282
0.26
0.28178
0.21
0.33146
0.33059
0.32693
0.28412
0.29703
0.33031
0.22254
0.29732
0.33069
0.31615
0.28526
0.22014
0.27843
0.24799
0.27536
0.29651
0.24485
0.26958
0.30681
0.34129
0.30452
0.295
0.32793
0.31828
0.31832
0.35131
0.29221
0.31113
0.30979
0.31149
0.31775
0.31597
0.40176
0.33477
0.25096
0.29122
0.32448
0.36171
0.30239
0.08152
0.24759
0.2914
0.33428
0.40715
0.35033
0.34696
0.33516
0.34334
0.33186
0.30264
0.20865
0.40152
0.31183
0.24762
0.32011
0.27933
0.14875
0.21213
0.24098
0.26053
0.11311
0.2947
0.35272
0.1968
0.3194
0.3599
0.33701
0.18879
0.35425
0.14324
0.25639
0.2275
0.30059
0.31394
0.33674
0.29853
0.37365
0.27129
0.17475
0.24844
0.29237
0.33422
0.25066
0.31471
0.27705
0.28348
0.22192
0.065441
0.25721
0.31319
0.26938
0.34539
0.3408
0.30216
0.21516
0.32971
0.33411
0.18902
0.27865
0.25644
0.14484
0.34221
0.35443
0.17723
0.29448
0.31637
0.19863
0.1334
0.33783
0.35814
0.32461
0.28046
0.32414
0.30641
0.33343
0.34337
0.3432
0.3029
0.33397
0.3585
0.15841
0.34262
0.34549
0.30762
0.29436
0.19875
0.31479
0.12776
0.32176
0.26123
0.29661
0.28104
0.26848
0.31955
0.29688
0.29941
0.20236
0.33183
0.32752
0.27832
0.32565
0.30519
0.2468
0.3394
0.25874
0.30176
0.23602
0.31566
0.16674
0.27623
0.31232
0.30137
0.27043
0.3594
0.33936
0.34767
0.2575
0.31881
0.35618
0.33592
0.37907
0.31615
0.32676
0.25549
0.24538
0.26973
0.33592
0.32075
0.38409
0.31823
0.31536
0.32522
0.33085
0.32311
0.2715
0.26632
0.24314
0.15419
0.13683
0.32607
0.22032
0.32762
0.33918
0.38574
0.34843
0.35247
0.26819
0.26387
0.32215
0.28009
0.11373
0.34951
0.35062
0.2215
0.33786
0.29332
0.29111
0.32961
0.22465
0.29977
0.19659
0.33066
0.32455
0.34591
0.28122
0.31421
0.36311
0.27449
0.35683
0.27894
0.20977
0.32892
0.32473
0.33924
0.26539
0.060392
0.094902
0.14365
0.25772
0.32343
0.14938
0.050294
0.23324
0.34599
0.36019
0.38057
0.3452
0.37109
0.33593
0.26723
0.3426
0.31534
0.34649
0.24328
0.2135
0.31901
0.35169
0.32175
0.2823
0.12705
0.2033
0.41485
0.38921
0.4035
0.36907
0.32039
0.39585
0.36156
0.34
0.24394
0.20404
0.2675
0.35401
0.25098
0.3226
0.36381
0.31688
0.2279
0.33048
0.10181
0.29772
0.35246
0.15582
0.26553
0.32396
0.20104
0.10788
0.32264
0.33602
0.36605
0.35197
0.34002
0.37444
0.36589
0.34281
0.33597
0.3649
0.37416
0.37124
0.36392
0.33994
0.34658
0.30492
0.3177
0.32404
0.32069
0.29102
0.27049
0.26605
0.34416
0.29953
0.33825
0.37856
0.36825
0.35342
0.34169
0.29084
0.28499
0.3053
0.34174
0.2484
0.35342
0.26588
0.31061
0.35363
0.31104
0.30059
0.25482
0.25718
0.25495
0.2533
0.2934
0.32845
0.27053
0.32172
0.38458
