0.427450980392157
0.428156862745098
0.435294117647059
0.439686274509804
0.447058823529412
0.443137254901961
0.447058823529412
0.431372549019608
0.450980392156863
0.454901960784314
0.454901960784314
0.455372549019608
0.458823529411765
0.462745098039216
0.466666666666667
0.466666666666667
0.466666666666667
0.466666666666667
0.470941176470588
0.470588235294118
0.470941176470588
0.47843137254902
0.474509803921569
0.47843137254902
0.482352941176471
0.486274509803922
0.486274509803922
0.490196078431373
0.490196078431373
0.490196078431373
0.490196078431373
0.470588235294118
0.494117647058824
0.498039215686275
0.495176470588235
0.494117647058824
0.494117647058824
0.498039215686275
0.494117647058824
0.501960784313725
0.498392156862745
0.502313725490196
0.505882352941176
0.506352941176471
0.50243137254902
0.513725490196078
0.509803921568627
0.517647058823529
0.435294117647059
0.435764705882353
0.370980392156863
0.443137254901961
0.447058823529412
0.447058823529412
0.447058823529412
0.454901960784314
0.454901960784314
0.458823529411765
0.458823529411765
0.459294117647059
0.462745098039216
0.466666666666667
0.462745098039216
0.466666666666667
0.466666666666667
0.470588235294118
0.474509803921569
0.470588235294118
0.474509803921569
0.474509803921569
0.47843137254902
0.47843137254902
0.47843137254902
0.482352941176471
0.482352941176471
0.486274509803922
0.486274509803922
0.486274509803922
0.486274509803922
0.490196078431373
0.490196078431373
0.490196078431373
0.490196078431373
0.490196078431373
0.494117647058824
0.494117647058824
0.494117647058824
0.498039215686275
0.494117647058824
0.498039215686275
0.498039215686275
0.498392156862745
0.501960784313725
0.505882352941176
0.505882352941176
0.505882352941176
0.435294117647059
0.447058823529412
0.436
0.443137254901961
0.450980392156863
0.454901960784314
0.454901960784314
0.454901960784314
0.458823529411765
0.462745098039216
0.458823529411765
0.462745098039216
0.458823529411765
0.466666666666667
0.466666666666667
0.463098039215686
0.463098039215686
0.470588235294118
0.470941176470588
0.470588235294118
0.470941176470588
0.474509803921569
0.474862745098039
0.47843137254902
0.47843137254902
0.482352941176471
0.47843137254902
0.47843137254902
0.47843137254902
0.482352941176471
0.482352941176471
0.482352941176471
0.482352941176471
0.486274509803922
0.486274509803922
0.486274509803922
0.490196078431373
0.486627450980392
0.490196078431373
0.494117647058824
0.494117647058824
0.494117647058824
0.494117647058824
0.490196078431373
0.494117647058824
0.498039215686275
0.498039215686275
0.501960784313725
0.443137254901961
0.447058823529412
0.447058823529412
0.450980392156863
0.458823529411765
0.454901960784314
0.454901960784314
0.458823529411765
0.462745098039216
0.462745098039216
0.462745098039216
0.462745098039216
0.462745098039216
0.466666666666667
0.470588235294118
0.470588235294118
0.470588235294118
0.470588235294118
0.474509803921569
0.470588235294118
0.470588235294118
0.474509803921569
0.474980392156863
0.474980392156863
0.474980392156863
0.474509803921569
0.47843137254902
0.47843137254902
0.47843137254902
0.47843137254902
0.47843137254902
0.478901960784314
0.482352941176471
0.482352941176471
0.482352941176471
0.486274509803922
0.486745098039216
0.486274509803922
0.486274509803922
0.494117647058824
0.490196078431373
0.490196078431373
0.490196078431373
0.494117647058824
0.490196078431373
0.494117647058824
0.494117647058824
0.498039215686275
0.450980392156863
0.450980392156863
0.450980392156863
0.455254901960784
0.462745098039216
0.462745098039216
0.462745098039216
0.466666666666667
0.466666666666667
0.466666666666667
0.466666666666667
0.466666666666667
0.466666666666667
0.470588235294118
0.467607843137255
0.467372549019608
0.474509803921569
0.474509803921569
0.474509803921569
0.474509803921569
0.474509803921569
0.474509803921569
0.47843137254902
0.47843137254902
0.474509803921569
0.47843137254902
0.47843137254902
0.474862745098039
0.47843137254902
0.47843137254902
0.47843137254902
0.47843137254902
0.482352941176471
0.482352941176471
0.486274509803922
0.482352941176471
0.482352941176471
0.482352941176471
0.486274509803922
0.486274509803922
0.486274509803922
0.486274509803922
0.490196078431373
0.490196078431373
0.486274509803922
0.494117647058824
0.494117647058824
0.494588235294118
0.454901960784314
0.462745098039216
0.458823529411765
0.466666666666667
0.462745098039216
0.466666666666667
0.466666666666667
0.470588235294118
0.470588235294118
0.470588235294118
0.474509803921569
0.470588235294118
0.474509803921569
0.474509803921569
0.474509803921569
0.474509803921569
0.474509803921569
0.474509803921569
0.47843137254902
0.474509803921569
0.474509803921569
0.47843137254902
0.47843137254902
0.47843137254902
0.47843137254902
0.47843137254902
0.47843137254902
0.47843137254902
0.47843137254902
0.47843137254902
0.47843137254902
0.47843137254902
0.47843137254902
0.482352941176471
0.47843137254902
0.47843137254902
0.47843137254902
0.47843137254902
0.482352941176471
0.486274509803922
0.482352941176471
0.482352941176471
0.486274509803922
0.486274509803922
0.486274509803922
0.490196078431373
0.486274509803922
0.494117647058824
0.466666666666667
0.466666666666667
0.466666666666667
0.474509803921569
0.46321568627451
0.474509803921569
0.474509803921569
0.474509803921569
0.47843137254902
0.47843137254902
0.47843137254902
0.47843137254902
0.47843137254902
0.47843137254902
0.47843137254902
0.47843137254902
0.47843137254902
0.474509803921569
0.474509803921569
0.474509803921569
0.474509803921569
0.47843137254902
0.482352941176471
0.474509803921569
0.47843137254902
0.47843137254902
0.47843137254902
0.47843137254902
0.474509803921569
0.47843137254902
0.47843137254902
0.47843137254902
0.47843137254902
0.47843137254902
0.47843137254902
0.470588235294118
0.47843137254902
0.474509803921569
0.482352941176471
0.482352941176471
0.47843137254902
0.474509803921569
0.486274509803922
0.482352941176471
0.482352941176471
0.490196078431373
0.486274509803922
0.490196078431373
0.470588235294118
0.466666666666667
0.474509803921569
0.47843137254902
0.474509803921569
0.474509803921569
0.474980392156863
0.47843137254902
0.482352941176471
0.482352941176471
0.474509803921569
0.425294117647059
0.461647058823529
0.47843137254902
0.482352941176471
0.47843137254902
0.47843137254902
0.47843137254902
0.474509803921569
0.474509803921569
0.474509803921569
0.47843137254902
0.47843137254902
0.474509803921569
0.474509803921569
0.47843137254902
0.47843137254902
0.47843137254902
0.47843137254902
0.47843137254902
0.47843137254902
0.47843137254902
0.47843137254902
0.47843137254902
0.474509803921569
0.47843137254902
0.47843137254902
0.47843137254902
0.47843137254902
0.482352941176471
0.47843137254902
0.474509803921569
0.486274509803922
0.482352941176471
0.47878431372549
0.486274509803922
0.486274509803922
0.486274509803922
0.451333333333333
0.466666666666667
0.436
0.482352941176471
0.482352941176471
0.47843137254902
0.47843137254902
0.482705882352941
0.486274509803922
0.482823529411765
0.482352941176471
0.482352941176471
0.486274509803922
0.486274509803922
0.486274509803922
0.482352941176471
0.482352941176471
0.47843137254902
0.47843137254902
0.47843137254902
0.47843137254902
0.47843137254902
0.47843137254902
0.474509803921569
0.474509803921569
0.47843137254902
0.47843137254902
0.47843137254902
0.47843137254902
0.47843137254902
0.47843137254902
0.47843137254902
0.47843137254902
0.47843137254902
0.47843137254902
0.47843137254902
0.47843137254902
0.474509803921569
0.482352941176471
0.455372549019608
0.482352941176471
0.482352941176471
0.47843137254902
0.479372549019608
0.47878431372549
0.486274509803922
0.486274509803922
0.486274509803922
0.474509803921569
0.482352941176471
0.482352941176471
0.486274509803922
0.486274509803922
0.486274509803922
0.482352941176471
0.486274509803922
0.486274509803922
0.486274509803922
0.486274509803922
0.490196078431373
0.486274509803922
0.486274509803922
0.47843137254902
0.482352941176471
0.486274509803922
0.47843137254902
0.482352941176471
0.47843137254902
0.482352941176471
0.47878431372549
0.482352941176471
0.474509803921569
0.47843137254902
0.47843137254902
0.482352941176471
0.47843137254902
0.47843137254902
0.47843137254902
0.47878431372549
0.47843137254902
0.482352941176471
0.47843137254902
0.482352941176471
0.482352941176471
0.482352941176471
0.482352941176471
0.482352941176471
0.482352941176471
0.482352941176471
0.482352941176471
0.482352941176471
0.475921568627451
0.466666666666667
0.482705882352941
0.486274509803922
0.490196078431373
0.47843137254902
0.486274509803922
0.486274509803922
0.486274509803922
0.490196078431373
0.486274509803922
0.482352941176471
0.490196078431373
0.490196078431373
0.490196078431373
0.482352941176471
0.490196078431373
0.490196078431373
0.490196078431373
0.486274509803922
0.486274509803922
0.486274509803922
0.479137254901961
0.486274509803922
0.482352941176471
0.486274509803922
0.482352941176471
0.482352941176471
0.47843137254902
0.47843137254902
0.482352941176471
0.482352941176471
0.47843137254902
0.47843137254902
0.482352941176471
0.474980392156863
0.474862745098039
0.482352941176471
0.47843137254902
0.482352941176471
0.482352941176471
0.479137254901961
0.482352941176471
0.482352941176471
0.482352941176471
0.47843137254902
0.482352941176471
0.486274509803922
0.482352941176471
0.478901960784314
0.490196078431373
0.486274509803922
0.490196078431373
0.482352941176471
0.482352941176471
0.486274509803922
0.490196078431373
0.494117647058824
0.490196078431373
0.490196078431373
0.494117647058824
0.494117647058824
0.490196078431373
0.490196078431373
0.494117647058824
0.494117647058824
0.490196078431373
0.490196078431373
0.490196078431373
0.494117647058824
0.486274509803922
0.484117647058824
0.482823529411765
0.490196078431373
0.486274509803922
0.486274509803922
0.47843137254902
0.482352941176471
0.486274509803922
0.486274509803922
0.482352941176471
0.47843137254902
0.482352941176471
0.482705882352941
0.482705882352941
0.47843137254902
0.482352941176471
0.486274509803922
0.486274509803922
0.482352941176471
0.482352941176471
0.486274509803922
0.486274509803922
0.47878431372549
0.490196078431373
0.490196078431373
0.486274509803922
0.486274509803922
0.490196078431373
0.486627450980392
0.494117647058824
0.486274509803922
0.490196078431373
0.494117647058824
0.472941176470588
0.494117647058824
0.494117647058824
0.494117647058824
0.498039215686275
0.494117647058824
0.494117647058824
0.494117647058824
0.498039215686275
0.498039215686275
0.491254901960784
0.490549019607843
0.490196078431373
0.494117647058824
0.490196078431373
0.490196078431373
0.486274509803922
0.490196078431373
0.490196078431373
0.490196078431373
0.482352941176471
0.486274509803922
0.486627450980392
0.486627450980392
0.486274509803922
0.486274509803922
0.486274509803922
0.486274509803922
0.486274509803922
0.486745098039216
0.486274509803922
0.482352941176471
0.486274509803922
0.486274509803922
0.486627450980392
0.490196078431373
0.486274509803922
0.482352941176471
0.490901960784314
0.494117647058824
0.490196078431373
0.494117647058824
0.494117647058824
0.498039215686275
0.498039215686275
0.490196078431373
0.498039215686275
0.403921568627451
0.498039215686275
0.498039215686275
0.498039215686275
0.498039215686275
0.498039215686275
0.501960784313725
0.498039215686275
0.494117647058824
0.501960784313725
0.498039215686275
0.498039215686275
0.498039215686275
0.494117647058824
0.498039215686275
0.494117647058824
0.498039215686275
0.490196078431373
0.494117647058824
0.494117647058824
0.498039215686275
0.486274509803922
0.490196078431373
0.494117647058824
0.490549019607843
0.490196078431373
0.490196078431373
0.490196078431373
0.494117647058824
0.494117647058824
0.494117647058824
0.490196078431373
0.494117647058824
0.490196078431373
0.490196078431373
0.490196078431373
0.494117647058824
0.490196078431373
0.494117647058824
0.494117647058824
0.498039215686275
0.498039215686275
0.494470588235294
0.501960784313725
0.501960784313725
0.505882352941176
0.490196078431373
0.443843137254902
0.498039215686275
0.498039215686275
0.492549019607843
0.498039215686275
0.498509803921569
0.501960784313725
0.501960784313725
0.501960784313725
0.498039215686275
0.501960784313725
0.505882352941176
0.501960784313725
0.501960784313725
0.501960784313725
0.501960784313725
0.498039215686275
0.501960784313725
0.494117647058824
0.498039215686275
0.498039215686275
0.498039215686275
0.490196078431373
0.494117647058824
0.498039215686275
0.498039215686275
0.494117647058824
0.494117647058824
0.494117647058824
0.490549019607843
0.498039215686275
0.498039215686275
0.498039215686275
0.494117647058824
0.498039215686275
0.498039215686275
0.498039215686275
0.505882352941176
0.501960784313725
0.498039215686275
0.501960784313725
0.505882352941176
0.505882352941176
0.509803921568627
0.509803921568627
0.510274509803922
0.513725490196078
0.494117647058824
0.501960784313725
0.501960784313725
0.501960784313725
0.498509803921569
0.501960784313725
0.501960784313725
0.505882352941176
0.498509803921569
0.505882352941176
0.505882352941176
0.505882352941176
0.50243137254902
0.505882352941176
0.505882352941176
0.505882352941176
0.509803921568627
0.505882352941176
0.50243137254902
0.498039215686275
0.505882352941176
0.501960784313725
0.501960784313725
0.494117647058824
0.498039215686275
0.501960784313725
0.501960784313725
0.501960784313725
0.501960784313725
0.501960784313725
0.501960784313725
0.505882352941176
0.505882352941176
0.505882352941176
0.505882352941176
0.505882352941176
0.505882352941176
0.505882352941176
0.505882352941176
0.505882352941176
0.506235294117647
0.513725490196078
0.513725490196078
0.513725490196078
0.513725490196078
0.517647058823529
0.518117647058824
0.52156862745098
0.498039215686275
0.498392156862745
0.494588235294118
0.50243137254902
0.501960784313725
0.498039215686275
0.505882352941176
0.505882352941176
0.509803921568627
0.505882352941176
0.498745098039216
0.509803921568627
0.509803921568627
0.509803921568627
0.509803921568627
0.505882352941176
0.509803921568627
0.505882352941176
0.509803921568627
0.505882352941176
0.510274509803922
0.509803921568627
0.509803921568627
0.505882352941176
0.505882352941176
0.509803921568627
0.509803921568627
0.509803921568627
0.509803921568627
0.509803921568627
0.513725490196078
0.513725490196078
0.513725490196078
0.513725490196078
0.513725490196078
0.514196078431372
0.513725490196078
0.517647058823529
0.52156862745098
0.517647058823529
0.517647058823529
0.522274509803922
0.525490196078431
0.525490196078431
0.525490196078431
0.529764705882353
0.533333333333333
0.537254901960784
0.494117647058824
0.505882352941176
0.501960784313725
0.509803921568627
0.505882352941176
0.506235294117647
0.506235294117647
0.505882352941176
0.513725490196078
0.509803921568627
0.513725490196078
0.513725490196078
0.514196078431372
0.509803921568627
0.517647058823529
0.513725490196078
0.517647058823529
0.513725490196078
0.517647058823529
0.509803921568627
0.517647058823529
0.513725490196078
0.517647058823529
0.509803921568627
0.513725490196078
0.517647058823529
0.518
0.517647058823529
0.513725490196078
0.517647058823529
0.517647058823529
0.52156862745098
0.521921568627451
0.525490196078431
0.529411764705882
0.529411764705882
0.525490196078431
0.529411764705882
0.533333333333333
0.529411764705882
0.529411764705882
0.537254901960784
0.537254901960784
0.537254901960784
0.537254901960784
0.537254901960784
0.541176470588235
0.549019607843137
0.501960784313725
0.498039215686275
0.505882352941176
0.494470588235294
0.509803921568627
0.513725490196078
0.517647058823529
0.517647058823529
0.517647058823529
0.514196078431372
0.517647058823529
0.52156862745098
0.52156862745098
0.517647058823529
0.52156862745098
0.52156862745098
0.525490196078431
0.525490196078431
0.525490196078431
0.52156862745098
0.525490196078431
0.525490196078431
0.529411764705882
0.469019607843137
0.52156862745098
0.529411764705882
0.529411764705882
0.529411764705882
0.529411764705882
0.529411764705882
0.533333333333333
0.533333333333333
0.537254901960784
0.537254901960784
0.541176470588235
0.541176470588235
0.541176470588235
0.541647058823529
0.545450980392157
0.545098039215686
0.545098039215686
0.549019607843137
0.552941176470588
0.545098039215686
0.552941176470588
0.556862745098039
0.556862745098039
0.56078431372549
0.509803921568627
0.513725490196078
0.51443137254902
0.501960784313725
0.510509803921569
0.52156862745098
0.517647058823529
0.521921568627451
0.525490196078431
0.525490196078431
0.529411764705882
0.525843137254902
0.529411764705882
0.525490196078431
0.529411764705882
0.533333333333333
0.533333333333333
0.533333333333333
0.537254901960784
0.533333333333333
0.537254901960784
0.537254901960784
0.541176470588235
0.533333333333333
0.533333333333333
0.541176470588235
0.545098039215686
0.541176470588235
0.545098039215686
0.545098039215686
0.549019607843137
0.549019607843137
0.552941176470588
0.552941176470588
0.553294117647059
0.556862745098039
0.553294117647059
0.553294117647059
0.56078431372549
0.56078431372549
0.56078431372549
0.564705882352941
0.565058823529412
0.564705882352941
0.564705882352941
0.561843137254902
0.576470588235294
0.580392156862745
0.521921568627451
0.525490196078431
0.52156862745098
0.522039215686275
0.529411764705882
0.529411764705882
0.52156862745098
0.537254901960784
0.533686274509804
0.537254901960784
0.537254901960784
0.537254901960784
0.541176470588235
0.541176470588235
0.545098039215686
0.541176470588235
0.545098039215686
0.541529411764706
0.545098039215686
0.545098039215686
0.549019607843137
0.549019607843137
0.552941176470588
0.545098039215686
0.545450980392157
0.552941176470588
0.56078431372549
0.556862745098039
0.556862745098039
0.56078431372549
0.564705882352941
0.564705882352941
0.568627450980392
0.568627450980392
0.572549019607843
0.576470588235294
0.572549019607843
0.572549019607843
0.580392156862745
0.580392156862745
0.576470588235294
0.584313725490196
0.588588235294118
0.588235294117647
0.588235294117647
0.592156862745098
0.596078431372549
0.592156862745098
0.533333333333333
0.545098039215686
0.545098039215686
0.549019607843137
0.545098039215686
0.549019607843137
0.549019607843137
0.552941176470588
0.552941176470588
0.552941176470588
0.556862745098039
0.552941176470588
0.556862745098039
0.552941176470588
0.56078431372549
0.556862745098039
0.556862745098039
0.56078431372549
0.564705882352941
0.56078431372549
0.564705882352941
0.564705882352941
0.568627450980392
0.568627450980392
0.564705882352941
0.572549019607843
0.576470588235294
0.572549019607843
0.576470588235294
0.580392156862745
0.580392156862745
0.580392156862745
0.580745098039216
0.584313725490196
0.588235294117647
0.592156862745098
0.584313725490196
0.592156862745098
0.6
0.596078431372549
0.596078431372549
0.6
0.603921568627451
0.603921568627451
0.607843137254902
0.611764705882353
0.591764705882353
0.615686274509804
