0.517647058823529
0.52156862745098
0.541176470588235
0.541176470588235
0.549019607843137
0.556862745098039
0.564705882352941
0.564705882352941
0.580392156862745
0.580862745098039
0.592156862745098
0.592156862745098
0.6
0.603921568627451
0.612235294117647
0.615686274509804
0.620078431372549
0.627450980392157
0.63921568627451
0.63921568627451
0.647058823529412
0.650980392156863
0.658823529411765
0.658823529411765
0.670588235294118
0.674509803921569
0.682352941176471
0.682823529411765
0.694588235294118
0.698039215686274
0.701960784313725
0.705882352941177
0.713725490196078
0.713725490196078
0.72156862745098
0.725490196078431
0.729411764705882
0.729411764705882
0.733333333333333
0.741176470588235
0.752941176470588
0.752941176470588
0.756862745098039
0.76078431372549
0.768627450980392
0.768627450980392
0.780392156862745
0.780392156862745
0.517647058823529
0.52156862745098
0.541176470588235
0.537254901960784
0.545098039215686
0.556862745098039
0.56078431372549
0.564705882352941
0.576470588235294
0.580392156862745
0.588235294117647
0.588235294117647
0.596078431372549
0.603921568627451
0.607843137254902
0.611764705882353
0.615686274509804
0.619607843137255
0.631372549019608
0.635294117647059
0.63921568627451
0.63921568627451
0.650980392156863
0.650980392156863
0.662745098039216
0.662745098039216
0.674509803921569
0.670588235294118
0.682352941176471
0.682352941176471
0.690196078431373
0.690196078431373
0.701960784313725
0.701960784313725
0.709803921568627
0.709803921568627
0.717647058823529
0.72156862745098
0.72156862745098
0.729411764705882
0.737725490196078
0.741176470588235
0.741176470588235
0.749019607843137
0.752941176470588
0.752941176470588
0.764705882352941
0.768627450980392
0.513725490196078
0.52156862745098
0.537254901960784
0.537254901960784
0.54556862745098
0.556862745098039
0.56078431372549
0.564705882352941
0.576470588235294
0.576470588235294
0.584313725490196
0.584313725490196
0.588235294117647
0.592627450980392
0.603921568627451
0.603921568627451
0.607843137254902
0.615686274509804
0.623529411764706
0.624
0.631372549019608
0.631843137254902
0.643137254901961
0.643137254901961
0.650980392156863
0.651450980392157
0.658823529411765
0.666666666666667
0.670588235294118
0.670588235294118
0.67843137254902
0.67843137254902
0.690196078431373
0.690196078431373
0.698039215686274
0.698039215686274
0.705882352941177
0.709803921568627
0.709803921568627
0.717647058823529
0.725490196078431
0.729411764705882
0.733333333333333
0.737254901960784
0.737254901960784
0.737254901960784
0.752941176470588
0.752941176470588
0.513725490196078
0.52156862745098
0.529411764705882
0.533333333333333
0.545098039215686
0.552941176470588
0.56078431372549
0.564705882352941
0.572549019607843
0.572549019607843
0.580392156862745
0.580392156862745
0.588235294117647
0.588235294117647
0.6
0.6
0.603921568627451
0.611764705882353
0.619607843137255
0.619607843137255
0.627450980392157
0.627450980392157
0.635294117647059
0.635294117647059
0.643137254901961
0.647058823529412
0.650980392156863
0.650980392156863
0.658823529411765
0.662745098039216
0.66321568627451
0.666666666666667
0.67843137254902
0.67843137254902
0.686274509803922
0.686274509803922
0.694117647058824
0.698039215686274
0.698039215686274
0.705882352941177
0.713725490196078
0.713725490196078
0.717647058823529
0.72156862745098
0.725490196078431
0.725490196078431
0.737254901960784
0.737254901960784
0.513725490196078
0.517647058823529
0.533333333333333
0.533333333333333
0.549019607843137
0.549019607843137
0.556862745098039
0.56078431372549
0.568627450980392
0.568627450980392
0.576470588235294
0.576470588235294
0.584313725490196
0.588235294117647
0.596078431372549
0.596078431372549
0.6
0.607843137254902
0.611764705882353
0.611764705882353
0.619607843137255
0.615686274509804
0.627450980392157
0.631372549019608
0.63921568627451
0.63921568627451
0.643137254901961
0.643137254901961
0.654901960784314
0.654901960784314
0.654901960784314
0.658823529411765
0.66321568627451
0.666666666666667
0.674509803921569
0.674509803921569
0.682352941176471
0.682352941176471
0.690196078431373
0.690196078431373
0.701960784313725
0.701960784313725
0.701960784313725
0.709803921568627
0.714196078431373
0.717647058823529
0.725490196078431
0.725490196078431
0.509803921568627
0.517647058823529
0.533333333333333
0.533333333333333
0.545098039215686
0.549019607843137
0.552941176470588
0.556862745098039
0.564705882352941
0.564705882352941
0.572549019607843
0.572549019607843
0.580392156862745
0.584313725490196
0.588235294117647
0.588235294117647
0.596078431372549
0.596078431372549
0.603921568627451
0.603921568627451
0.607843137254902
0.607843137254902
0.615686274509804
0.620078431372549
0.627450980392157
0.627450980392157
0.631372549019608
0.631372549019608
0.63921568627451
0.63921568627451
0.647058823529412
0.647058823529412
0.654901960784314
0.654901960784314
0.662745098039216
0.662745098039216
0.670588235294118
0.670588235294118
0.674509803921569
0.67843137254902
0.690196078431373
0.690196078431373
0.694117647058824
0.698039215686274
0.701960784313725
0.701960784313725
0.713725490196078
0.713725490196078
0.505882352941176
0.513725490196078
0.529411764705882
0.529411764705882
0.541176470588235
0.545098039215686
0.549019607843137
0.549019607843137
0.556862745098039
0.56078431372549
0.564705882352941
0.568627450980392
0.569098039215686
0.576470588235294
0.580392156862745
0.580392156862745
0.588235294117647
0.588235294117647
0.592627450980392
0.592156862745098
0.596078431372549
0.596078431372549
0.607843137254902
0.611764705882353
0.616156862745098
0.611764705882353
0.619607843137255
0.623529411764706
0.627450980392157
0.631372549019608
0.635294117647059
0.635294117647059
0.643137254901961
0.643137254901961
0.647058823529412
0.647058823529412
0.654901960784314
0.654901960784314
0.658823529411765
0.666666666666667
0.674509803921569
0.67843137254902
0.67843137254902
0.686274509803922
0.690196078431373
0.690196078431373
0.701960784313725
0.701960784313725
0.505882352941176
0.509803921568627
0.518117647058824
0.525490196078431
0.537254901960784
0.537254901960784
0.541176470588235
0.537254901960784
0.549019607843137
0.552941176470588
0.556862745098039
0.56078431372549
0.56078431372549
0.568627450980392
0.572549019607843
0.576470588235294
0.576470588235294
0.576470588235294
0.584313725490196
0.580862745098039
0.588235294117647
0.588235294117647
0.6
0.596078431372549
0.603921568627451
0.6
0.611764705882353
0.611764705882353
0.615686274509804
0.619607843137255
0.623529411764706
0.623529411764706
0.631372549019608
0.631372549019608
0.635294117647059
0.635294117647059
0.643137254901961
0.643607843137255
0.650980392156863
0.654901960784314
0.662745098039216
0.662745098039216
0.666666666666667
0.674509803921569
0.674509803921569
0.674509803921569
0.686274509803922
0.686274509803922
0.494117647058824
0.498039215686275
0.509803921568627
0.513725490196078
0.525490196078431
0.525490196078431
0.533333333333333
0.533333333333333
0.541647058823529
0.545098039215686
0.549019607843137
0.549019607843137
0.552941176470588
0.56078431372549
0.56078431372549
0.564705882352941
0.564705882352941
0.568627450980392
0.568627450980392
0.568627450980392
0.576470588235294
0.576470588235294
0.588235294117647
0.588235294117647
0.588235294117647
0.588235294117647
0.596078431372549
0.6
0.607843137254902
0.607843137254902
0.611764705882353
0.615686274509804
0.619607843137255
0.623529411764706
0.623529411764706
0.627450980392157
0.635294117647059
0.635294117647059
0.63921568627451
0.643137254901961
0.650980392156863
0.650980392156863
0.654901960784314
0.662745098039216
0.662745098039216
0.662745098039216
0.674509803921569
0.674980392156863
0.482823529411765
0.486274509803922
0.501960784313725
0.505882352941176
0.513725490196078
0.513725490196078
0.52156862745098
0.52156862745098
0.533686274509804
0.533803921568627
0.537254901960784
0.537254901960784
0.541176470588235
0.549019607843137
0.552941176470588
0.552941176470588
0.552941176470588
0.556862745098039
0.561254901960784
0.56078431372549
0.564705882352941
0.568627450980392
0.576470588235294
0.576470588235294
0.576941176470588
0.576470588235294
0.588235294117647
0.588235294117647
0.596078431372549
0.596078431372549
0.6
0.603921568627451
0.607843137254902
0.607843137254902
0.611764705882353
0.615686274509804
0.623529411764706
0.627450980392157
0.624
0.627921568627451
0.63921568627451
0.63921568627451
0.643137254901961
0.647058823529412
0.650980392156863
0.650980392156863
0.662745098039216
0.662745098039216
0.474509803921569
0.474509803921569
0.490196078431373
0.494117647058824
0.505882352941176
0.505882352941176
0.509803921568627
0.509803921568627
0.52156862745098
0.52156862745098
0.525490196078431
0.525490196078431
0.533333333333333
0.537254901960784
0.541176470588235
0.541176470588235
0.541176470588235
0.545098039215686
0.549019607843137
0.549019607843137
0.556862745098039
0.556862745098039
0.564705882352941
0.564705882352941
0.564705882352941
0.564705882352941
0.576470588235294
0.576470588235294
0.580392156862745
0.580392156862745
0.588235294117647
0.592156862745098
0.592156862745098
0.6
0.6
0.603921568627451
0.607843137254902
0.611764705882353
0.615686274509804
0.619607843137255
0.623529411764706
0.623529411764706
0.635294117647059
0.635294117647059
0.63921568627451
0.63921568627451
0.651450980392157
0.654901960784314
0.462745098039216
0.462745098039216
0.47843137254902
0.482352941176471
0.490196078431373
0.494117647058824
0.498039215686275
0.498039215686275
0.509803921568627
0.509803921568627
0.513725490196078
0.513725490196078
0.517647058823529
0.529411764705882
0.529411764705882
0.529411764705882
0.529411764705882
0.533333333333333
0.541176470588235
0.541176470588235
0.545098039215686
0.545098039215686
0.552941176470588
0.552941176470588
0.552941176470588
0.552941176470588
0.564705882352941
0.564705882352941
0.568627450980392
0.572549019607843
0.576470588235294
0.580392156862745
0.580862745098039
0.588235294117647
0.588235294117647
0.592156862745098
0.596078431372549
0.603921568627451
0.603921568627451
0.607843137254902
0.615686274509804
0.611764705882353
0.627450980392157
0.627450980392157
0.631372549019608
0.631372549019608
0.643137254901961
0.643137254901961
0.447058823529412
0.450980392156863
0.462745098039216
0.470588235294118
0.47843137254902
0.482352941176471
0.486274509803922
0.490196078431373
0.498039215686275
0.498039215686275
0.501960784313725
0.505882352941176
0.505882352941176
0.517647058823529
0.517647058823529
0.517647058823529
0.52156862745098
0.52156862745098
0.529411764705882
0.529411764705882
0.529411764705882
0.529882352941176
0.545098039215686
0.545098039215686
0.541176470588235
0.541176470588235
0.553411764705882
0.552941176470588
0.556862745098039
0.56078431372549
0.564705882352941
0.568627450980392
0.572549019607843
0.576470588235294
0.580392156862745
0.584313725490196
0.584313725490196
0.588235294117647
0.588235294117647
0.596549019607843
0.603921568627451
0.603921568627451
0.615686274509804
0.615686274509804
0.623529411764706
0.623529411764706
0.635294117647059
0.635294117647059
0.435294117647059
0.435294117647059
0.447058823529412
0.454901960784314
0.462745098039216
0.466666666666667
0.474509803921569
0.474509803921569
0.482352941176471
0.486274509803922
0.490196078431373
0.490196078431373
0.498039215686275
0.501960784313725
0.505882352941176
0.505882352941176
0.509803921568627
0.509803921568627
0.517647058823529
0.517647058823529
0.517647058823529
0.517647058823529
0.529411764705882
0.533333333333333
0.529411764705882
0.529411764705882
0.545098039215686
0.545098039215686
0.545098039215686
0.549019607843137
0.552941176470588
0.556862745098039
0.564705882352941
0.568627450980392
0.568627450980392
0.572549019607843
0.576470588235294
0.580392156862745
0.584313725490196
0.588235294117647
0.596078431372549
0.596078431372549
0.603921568627451
0.607843137254902
0.611764705882353
0.611764705882353
0.631372549019608
0.631372549019608
0.419607843137255
0.419607843137255
0.435294117647059
0.43921568627451
0.447058823529412
0.450980392156863
0.454901960784314
0.458823529411765
0.470588235294118
0.470588235294118
0.474509803921569
0.474509803921569
0.486274509803922
0.486274509803922
0.486274509803922
0.490196078431373
0.494117647058824
0.501960784313725
0.501960784313725
0.505882352941176
0.505882352941176
0.505882352941176
0.517647058823529
0.517647058823529
0.517647058823529
0.518117647058824
0.533333333333333
0.533333333333333
0.537254901960784
0.541176470588235
0.549019607843137
0.549019607843137
0.549019607843137
0.556862745098039
0.56078431372549
0.565176470588235
0.568627450980392
0.572549019607843
0.576470588235294
0.584313725490196
0.588235294117647
0.588235294117647
0.6
0.6
0.603921568627451
0.603921568627451
0.623529411764706
0.623529411764706
0.4
0.4
0.419607843137255
0.419607843137255
0.427450980392157
0.435294117647059
0.443137254901961
0.443137254901961
0.454901960784314
0.454901960784314
0.458823529411765
0.458823529411765
0.470588235294118
0.470588235294118
0.47843137254902
0.47843137254902
0.482352941176471
0.490196078431373
0.490196078431373
0.494117647058824
0.494117647058824
0.494117647058824
0.505882352941176
0.505882352941176
0.505882352941176
0.505882352941176
0.52156862745098
0.52156862745098
0.525490196078431
0.529411764705882
0.537254901960784
0.537254901960784
0.549019607843137
0.552941176470588
0.553411764705882
0.56078431372549
0.564705882352941
0.564705882352941
0.572549019607843
0.572549019607843
0.580392156862745
0.580392156862745
0.592627450980392
0.596078431372549
0.6
0.6
0.616156862745098
0.615686274509804
0.384313725490196
0.384313725490196
0.403921568627451
0.407843137254902
0.411764705882353
0.423529411764706
0.423529411764706
0.427450980392157
0.435764705882353
0.43921568627451
0.443137254901961
0.447058823529412
0.458823529411765
0.458823529411765
0.462745098039216
0.466666666666667
0.470588235294118
0.47843137254902
0.482352941176471
0.482352941176471
0.482352941176471
0.486274509803922
0.494117647058824
0.498039215686275
0.501960784313725
0.498039215686275
0.513725490196078
0.513725490196078
0.517647058823529
0.52156862745098
0.529411764705882
0.529411764705882
0.537254901960784
0.541176470588235
0.549019607843137
0.552941176470588
0.556862745098039
0.56078431372549
0.564705882352941
0.572549019607843
0.580392156862745
0.576470588235294
0.588235294117647
0.592156862745098
0.596549019607843
0.596078431372549
0.611764705882353
0.611764705882353
0.368627450980392
0.368627450980392
0.380392156862745
0.388235294117647
0.392156862745098
0.404392156862745
0.403921568627451
0.415686274509804
0.423529411764706
0.427450980392157
0.427450980392157
0.431372549019608
0.43921568627451
0.443137254901961
0.447058823529412
0.450980392156863
0.458823529411765
0.462745098039216
0.470588235294118
0.470588235294118
0.47843137254902
0.474509803921569
0.486274509803922
0.486745098039216
0.494117647058824
0.490196078431373
0.505882352941176
0.505882352941176
0.513725490196078
0.513725490196078
0.52156862745098
0.52156862745098
0.529411764705882
0.537254901960784
0.541176470588235
0.549019607843137
0.549019607843137
0.56078431372549
0.56078431372549
0.568627450980392
0.576470588235294
0.572549019607843
0.584313725490196
0.588235294117647
0.596078431372549
0.592156862745098
0.608313725490196
0.607843137254902
0.352941176470588
0.356862745098039
0.368627450980392
0.380392156862745
0.380392156862745
0.392156862745098
0.396078431372549
0.403921568627451
0.407843137254902
0.411764705882353
0.419607843137255
0.423529411764706
0.427450980392157
0.435294117647059
0.43921568627451
0.43921568627451
0.450980392156863
0.450980392156863
0.462745098039216
0.462745098039216
0.466666666666667
0.466666666666667
0.47843137254902
0.482352941176471
0.486274509803922
0.482352941176471
0.498039215686275
0.501960784313725
0.509803921568627
0.509803921568627
0.517647058823529
0.52156862745098
0.529411764705882
0.533333333333333
0.541176470588235
0.545098039215686
0.549019607843137
0.553411764705882
0.552941176470588
0.564705882352941
0.572549019607843
0.572549019607843
0.584313725490196
0.588235294117647
0.596078431372549
0.592156862745098
0.607843137254902
0.607843137254902
0.345098039215686
0.349019607843137
0.364705882352941
0.372549019607843
0.372549019607843
0.380392156862745
0.384666666666667
0.392156862745098
0.4
0.407843137254902
0.411764705882353
0.411764705882353
0.419607843137255
0.419607843137255
0.431372549019608
0.431372549019608
0.43921568627451
0.443137254901961
0.454901960784314
0.450980392156863
0.458823529411765
0.458823529411765
0.474509803921569
0.474509803921569
0.482352941176471
0.47843137254902
0.490196078431373
0.494117647058824
0.505882352941176
0.505882352941176
0.509803921568627
0.52156862745098
0.529411764705882
0.529411764705882
0.537725490196078
0.545098039215686
0.545098039215686
0.552941176470588
0.556862745098039
0.564705882352941
0.572549019607843
0.572549019607843
0.580392156862745
0.588235294117647
0.596078431372549
0.592156862745098
0.607843137254902
0.607843137254902
0.345098039215686
0.349019607843137
0.36078431372549
0.369098039215686
0.372549019607843
0.380862745098039
0.384313725490196
0.392156862745098
0.396078431372549
0.403921568627451
0.407843137254902
0.411764705882353
0.415686274509804
0.416156862745098
0.427450980392157
0.431372549019608
0.435294117647059
0.43921568627451
0.447058823529412
0.447529411764706
0.458823529411765
0.458823529411765
0.470588235294118
0.474509803921569
0.47843137254902
0.47843137254902
0.490196078431373
0.494117647058824
0.501960784313725
0.501960784313725
0.509803921568627
0.517647058823529
0.525490196078431
0.529411764705882
0.537254901960784
0.541176470588235
0.545098039215686
0.549019607843137
0.552941176470588
0.564705882352941
0.568627450980392
0.568627450980392
0.584313725490196
0.584313725490196
0.596078431372549
0.592156862745098
0.607843137254902
0.607843137254902
0.349019607843137
0.349019607843137
0.357333333333333
0.365176470588235
0.368627450980392
0.380392156862745
0.392156862745098
0.396078431372549
0.403921568627451
0.403921568627451
0.411764705882353
0.415686274509804
0.419607843137255
0.419607843137255
0.431372549019608
0.431372549019608
0.43921568627451
0.43921568627451
0.450980392156863
0.450980392156863
0.454901960784314
0.458823529411765
0.467137254901961
0.470588235294118
0.474509803921569
0.474509803921569
0.486274509803922
0.486745098039216
0.494117647058824
0.494117647058824
0.505882352941176
0.505882352941176
0.517647058823529
0.52156862745098
0.529411764705882
0.533333333333333
0.537254901960784
0.545098039215686
0.54556862745098
0.552941176470588
0.56078431372549
0.56078431372549
0.573019607843137
0.580392156862745
0.592156862745098
0.588235294117647
0.603921568627451
0.607843137254902
