0.556862745098039
0.564705882352941
0.572549019607843
0.580392156862745
0.588235294117647
0.592156862745098
0.6
0.603921568627451
0.611764705882353
0.619607843137255
0.623529411764706
0.631372549019608
0.63921568627451
0.643137254901961
0.650980392156863
0.654901960784314
0.662745098039216
0.670588235294118
0.674509803921569
0.682352941176471
0.686274509803922
0.694235294117647
0.698039215686274
0.706
0.713725490196078
0.717647058823529
0.72156862745098
0.729529411764706
0.737254901960784
0.741176470588235
0.745098039215686
0.752941176470588
0.756862745098039
0.764823529411765
0.768627450980392
0.772549019607843
0.776470588235294
0.784313725490196
0.788235294117647
0.796078431372549
0.8
0.803921568627451
0.807843137254902
0.819607843137255
0.819607843137255
0.831372549019608
0.831372549019608
0.843137254901961
0.552941176470588
0.56078431372549
0.568627450980392
0.576470588235294
0.584313725490196
0.588235294117647
0.596078431372549
0.603921568627451
0.607843137254902
0.615686274509804
0.623529411764706
0.627450980392157
0.635294117647059
0.63921568627451
0.647058823529412
0.650980392156863
0.658823529411765
0.666666666666667
0.670588235294118
0.67843137254902
0.67843137254902
0.690196078431373
0.690196078431373
0.701960784313725
0.705882352941177
0.713725490196078
0.713725490196078
0.725490196078431
0.729411764705882
0.733333333333333
0.737254901960784
0.745098039215686
0.749019607843137
0.756862745098039
0.76078431372549
0.764705882352941
0.772549019607843
0.776470588235294
0.780392156862745
0.788235294117647
0.792156862745098
0.796078431372549
0.8
0.807843137254902
0.811764705882353
0.823529411764706
0.823529411764706
0.831372549019608
0.549137254901961
0.56078431372549
0.564705882352941
0.572549019607843
0.580392156862745
0.588235294117647
0.592156862745098
0.6
0.607843137254902
0.615686274509804
0.619607843137255
0.623529411764706
0.627450980392157
0.635294117647059
0.63921568627451
0.647058823529412
0.650980392156863
0.658823529411765
0.662745098039216
0.670588235294118
0.674509803921569
0.682352941176471
0.686274509803922
0.690313725490196
0.698039215686274
0.705882352941177
0.705882352941177
0.713725490196078
0.717647058823529
0.725490196078431
0.729411764705882
0.737254901960784
0.741176470588235
0.749019607843137
0.749019607843137
0.756862745098039
0.76078431372549
0.764705882352941
0.772549019607843
0.780392156862745
0.784313725490196
0.788235294117647
0.792156862745098
0.796078431372549
0.803921568627451
0.811764705882353
0.815686274509804
0.819607843137255
0.549019607843137
0.556862745098039
0.56078431372549
0.568627450980392
0.576470588235294
0.584313725490196
0.588235294117647
0.596196078431373
0.603921568627451
0.607843137254902
0.611764705882353
0.619607843137255
0.623529411764706
0.631372549019608
0.635294117647059
0.63921568627451
0.647058823529412
0.654901960784314
0.654901960784314
0.662745098039216
0.666666666666667
0.674509803921569
0.67843137254902
0.682352941176471
0.690196078431373
0.698039215686274
0.698039215686274
0.705882352941177
0.709803921568627
0.713725490196078
0.717647058823529
0.729411764705882
0.733333333333333
0.741176470588235
0.741176470588235
0.749019607843137
0.752941176470588
0.756862745098039
0.764705882352941
0.772549019607843
0.772549019607843
0.780392156862745
0.784313725490196
0.788235294117647
0.792156862745098
0.803921568627451
0.807843137254902
0.811764705882353
0.545098039215686
0.556862745098039
0.556862745098039
0.568627450980392
0.572549019607843
0.580392156862745
0.584313725490196
0.592156862745098
0.596078431372549
0.603921568627451
0.607843137254902
0.615686274509804
0.619607843137255
0.627450980392157
0.627450980392157
0.635294117647059
0.63921568627451
0.647058823529412
0.650980392156863
0.655019607843137
0.658823529411765
0.66678431372549
0.670588235294118
0.67843137254902
0.682352941176471
0.690196078431373
0.690196078431373
0.701960784313725
0.701960784313725
0.705882352941177
0.709803921568627
0.717647058823529
0.72156862745098
0.729411764705882
0.733333333333333
0.737254901960784
0.741176470588235
0.749019607843137
0.756862745098039
0.76078431372549
0.764705882352941
0.768627450980392
0.772549019607843
0.780392156862745
0.784313725490196
0.792156862745098
0.796078431372549
0.8
0.537254901960784
0.54521568627451
0.552941176470588
0.56078431372549
0.568627450980392
0.572549019607843
0.576470588235294
0.588235294117647
0.592156862745098
0.596078431372549
0.6
0.607843137254902
0.611764705882353
0.619607843137255
0.619607843137255
0.627450980392157
0.631372549019608
0.63921568627451
0.63921568627451
0.647058823529412
0.650980392156863
0.658823529411765
0.662745098039216
0.670588235294118
0.670588235294118
0.67843137254902
0.67843137254902
0.690196078431373
0.690313725490196
0.698039215686274
0.698156862745098
0.705882352941177
0.713725490196078
0.717647058823529
0.72156862745098
0.725490196078431
0.733333333333333
0.737254901960784
0.741176470588235
0.749019607843137
0.752941176470588
0.756862745098039
0.764705882352941
0.768627450980392
0.772549019607843
0.780392156862745
0.784313725490196
0.792156862745098
0.529411764705882
0.541176470588235
0.545098039215686
0.552941176470588
0.56078431372549
0.564705882352941
0.568627450980392
0.576470588235294
0.580392156862745
0.588235294117647
0.592156862745098
0.596078431372549
0.603921568627451
0.607960784313725
0.611764705882353
0.619607843137255
0.619725490196078
0.627450980392157
0.631372549019608
0.63921568627451
0.63921568627451
0.650980392156863
0.650980392156863
0.658823529411765
0.658823529411765
0.670588235294118
0.670588235294118
0.674627450980392
0.682352941176471
0.686274509803922
0.690196078431373
0.694117647058824
0.701960784313725
0.705882352941177
0.709803921568627
0.717647058823529
0.72156862745098
0.725490196078431
0.729411764705882
0.737254901960784
0.741176470588235
0.745098039215686
0.752941176470588
0.756862745098039
0.76078431372549
0.768627450980392
0.772549019607843
0.776470588235294
0.525490196078431
0.533450980392157
0.537254901960784
0.545098039215686
0.549019607843137
0.556862745098039
0.556862745098039
0.568627450980392
0.572549019607843
0.576470588235294
0.584313725490196
0.588235294117647
0.592274509803922
0.6
0.603921568627451
0.607843137254902
0.611764705882353
0.619607843137255
0.619607843137255
0.627450980392157
0.631372549019608
0.63921568627451
0.63921568627451
0.647058823529412
0.647058823529412
0.658823529411765
0.662745098039216
0.666666666666667
0.670588235294118
0.67843137254902
0.67843137254902
0.686274509803922
0.690196078431373
0.694117647058824
0.698039215686274
0.705882352941177
0.709803921568627
0.713725490196078
0.72156862745098
0.725490196078431
0.729411764705882
0.733333333333333
0.741176470588235
0.745098039215686
0.749019607843137
0.756862745098039
0.76078431372549
0.768627450980392
0.513725490196078
0.521686274509804
0.525490196078431
0.533333333333333
0.541176470588235
0.545098039215686
0.549019607843137
0.56078431372549
0.564705882352941
0.568627450980392
0.572549019607843
0.576470588235294
0.584313725490196
0.588235294117647
0.592156862745098
0.596078431372549
0.6
0.607843137254902
0.607843137254902
0.615686274509804
0.619607843137255
0.627450980392157
0.627450980392157
0.635294117647059
0.635294117647059
0.647058823529412
0.647058823529412
0.654901960784314
0.658823529411765
0.666666666666667
0.666666666666667
0.674509803921569
0.67843137254902
0.682352941176471
0.686274509803922
0.694117647058824
0.698039215686274
0.701960784313725
0.705882352941177
0.713725490196078
0.717647058823529
0.72156862745098
0.729411764705882
0.729411764705882
0.737254901960784
0.745098039215686
0.749019607843137
0.752941176470588
0.498039215686275
0.513725490196078
0.513725490196078
0.525490196078431
0.529411764705882
0.537254901960784
0.537254901960784
0.549019607843137
0.552941176470588
0.556862745098039
0.56078431372549
0.564705882352941
0.572549019607843
0.576470588235294
0.580392156862745
0.584313725490196
0.588235294117647
0.596078431372549
0.596078431372549
0.603921568627451
0.607843137254902
0.615686274509804
0.615686274509804
0.619607843137255
0.623529411764706
0.635294117647059
0.635294117647059
0.643137254901961
0.647058823529412
0.654901960784314
0.654901960784314
0.658941176470588
0.666666666666667
0.670588235294118
0.674509803921569
0.67843137254902
0.686274509803922
0.690196078431373
0.694117647058824
0.698039215686274
0.705882352941177
0.709803921568627
0.713725490196078
0.717647058823529
0.725490196078431
0.733333333333333
0.737254901960784
0.741176470588235
0.486274509803922
0.498039215686275
0.501960784313725
0.509803921568627
0.513725490196078
0.52156862745098
0.52156862745098
0.533333333333333
0.537254901960784
0.541176470588235
0.545098039215686
0.549019607843137
0.556862745098039
0.564705882352941
0.564705882352941
0.572549019607843
0.576470588235294
0.580392156862745
0.584313725490196
0.588235294117647
0.596078431372549
0.6
0.603921568627451
0.607843137254902
0.611764705882353
0.619607843137255
0.623529411764706
0.627450980392157
0.631372549019608
0.63921568627451
0.643137254901961
0.647058823529412
0.654901960784314
0.658823529411765
0.662745098039216
0.666666666666667
0.674509803921569
0.67843137254902
0.682352941176471
0.686274509803922
0.690196078431373
0.698039215686274
0.701960784313725
0.705882352941177
0.713725490196078
0.717647058823529
0.72156862745098
0.729411764705882
0.474509803921569
0.486274509803922
0.486274509803922
0.494117647058824
0.501960784313725
0.509803921568627
0.509803921568627
0.52156862745098
0.525490196078431
0.533333333333333
0.533333333333333
0.537254901960784
0.545098039215686
0.549019607843137
0.552941176470588
0.556862745098039
0.564705882352941
0.568627450980392
0.568627450980392
0.572549019607843
0.580392156862745
0.588235294117647
0.592156862745098
0.592156862745098
0.596196078431373
0.607843137254902
0.607843137254902
0.611764705882353
0.619607843137255
0.627450980392157
0.627450980392157
0.635294117647059
0.63921568627451
0.643137254901961
0.647058823529412
0.650980392156863
0.658823529411765
0.662745098039216
0.666666666666667
0.670588235294118
0.67843137254902
0.686274509803922
0.690196078431373
0.694117647058824
0.701960784313725
0.705882352941177
0.709803921568627
0.713725490196078
0.455019607843137
0.466666666666667
0.470588235294118
0.47843137254902
0.486274509803922
0.490196078431373
0.494117647058824
0.501960784313725
0.505882352941176
0.513725490196078
0.517647058823529
0.52156862745098
0.529411764705882
0.533333333333333
0.537254901960784
0.541176470588235
0.545098039215686
0.552941176470588
0.552941176470588
0.56078431372549
0.564705882352941
0.572549019607843
0.572549019607843
0.576470588235294
0.580392156862745
0.592156862745098
0.592156862745098
0.596078431372549
0.603921568627451
0.611764705882353
0.611764705882353
0.619607843137255
0.623529411764706
0.627450980392157
0.631372549019608
0.635294117647059
0.643137254901961
0.647058823529412
0.650980392156863
0.654901960784314
0.658823529411765
0.670588235294118
0.674509803921569
0.67843137254902
0.686274509803922
0.694117647058824
0.694117647058824
0.701960784313725
0.43921568627451
0.450980392156863
0.454901960784314
0.458823529411765
0.466666666666667
0.474627450980392
0.47843137254902
0.486274509803922
0.494117647058824
0.498039215686275
0.501960784313725
0.505882352941176
0.513725490196078
0.517647058823529
0.517647058823529
0.525490196078431
0.529411764705882
0.537254901960784
0.537254901960784
0.541176470588235
0.549019607843137
0.556862745098039
0.56078431372549
0.56078431372549
0.564705882352941
0.576470588235294
0.576470588235294
0.580392156862745
0.588235294117647
0.596078431372549
0.596078431372549
0.603921568627451
0.607843137254902
0.611764705882353
0.615686274509804
0.619607843137255
0.627450980392157
0.635294117647059
0.63921568627451
0.643137254901961
0.647058823529412
0.658823529411765
0.662745098039216
0.662745098039216
0.674509803921569
0.682352941176471
0.682352941176471
0.686274509803922
0.419607843137255
0.435294117647059
0.435294117647059
0.439333333333333
0.450980392156863
0.458823529411765
0.458823529411765
0.470588235294118
0.474509803921569
0.47843137254902
0.482352941176471
0.490196078431373
0.494117647058824
0.501960784313725
0.501960784313725
0.505882352941176
0.513725490196078
0.52156862745098
0.52156862745098
0.525490196078431
0.533333333333333
0.541176470588235
0.541176470588235
0.545098039215686
0.549019607843137
0.56078431372549
0.564705882352941
0.568627450980392
0.572549019607843
0.580392156862745
0.580509803921569
0.584313725490196
0.592156862745098
0.6
0.603921568627451
0.607843137254902
0.615686274509804
0.619607843137255
0.623529411764706
0.62756862745098
0.635294117647059
0.643254901960784
0.650980392156863
0.650980392156863
0.662745098039216
0.666666666666667
0.670588235294118
0.674509803921569
0.4
0.415686274509804
0.415686274509804
0.423529411764706
0.431372549019608
0.43921568627451
0.43921568627451
0.450980392156863
0.454901960784314
0.462745098039216
0.462745098039216
0.470588235294118
0.47843137254902
0.486274509803922
0.486274509803922
0.490196078431373
0.501960784313725
0.501960784313725
0.505882352941176
0.509803921568627
0.517764705882353
0.525490196078431
0.525490196078431
0.529411764705882
0.533333333333333
0.545098039215686
0.549019607843137
0.549019607843137
0.556862745098039
0.564705882352941
0.568627450980392
0.572549019607843
0.580392156862745
0.588235294117647
0.592156862745098
0.592156862745098
0.6
0.607843137254902
0.611764705882353
0.615686274509804
0.623529411764706
0.631372549019608
0.635294117647059
0.63921568627451
0.647058823529412
0.650980392156863
0.654901960784314
0.658823529411765
0.380392156862745
0.396078431372549
0.396078431372549
0.403921568627451
0.411764705882353
0.415686274509804
0.423529411764706
0.431372549019608
0.435294117647059
0.443137254901961
0.447058823529412
0.454901960784314
0.458823529411765
0.466666666666667
0.466666666666667
0.474509803921569
0.482352941176471
0.486274509803922
0.490196078431373
0.494117647058824
0.498039215686275
0.505882352941176
0.509803921568627
0.513725490196078
0.513843137254902
0.529411764705882
0.529411764705882
0.533333333333333
0.541176470588235
0.549019607843137
0.549019607843137
0.556862745098039
0.564705882352941
0.568627450980392
0.576470588235294
0.580392156862745
0.588235294117647
0.592156862745098
0.596078431372549
0.6
0.603921568627451
0.615686274509804
0.623529411764706
0.623529411764706
0.631372549019608
0.63921568627451
0.643137254901961
0.643137254901961
0.36078431372549
0.376470588235294
0.376470588235294
0.380392156862745
0.392156862745098
0.4
0.403921568627451
0.411764705882353
0.419607843137255
0.423529411764706
0.427450980392157
0.435294117647059
0.43921568627451
0.447058823529412
0.450980392156863
0.454901960784314
0.466666666666667
0.466666666666667
0.470588235294118
0.47843137254902
0.482352941176471
0.490196078431373
0.490196078431373
0.498039215686275
0.501960784313725
0.513725490196078
0.513725490196078
0.52156862745098
0.525490196078431
0.533333333333333
0.537254901960784
0.545098039215686
0.549019607843137
0.552941176470588
0.56078431372549
0.564705882352941
0.572549019607843
0.580392156862745
0.584313725490196
0.588235294117647
0.592156862745098
0.603921568627451
0.607843137254902
0.607843137254902
0.619607843137255
0.623529411764706
0.627450980392157
0.635294117647059
0.345098039215686
0.356862745098039
0.36078431372549
0.364705882352941
0.372549019607843
0.380392156862745
0.384313725490196
0.392156862745098
0.4
0.403921568627451
0.407843137254902
0.415686274509804
0.423529411764706
0.423529411764706
0.431372549019608
0.43921568627451
0.447058823529412
0.450980392156863
0.454901960784314
0.458823529411765
0.466666666666667
0.474509803921569
0.47843137254902
0.47843137254902
0.486392156862745
0.494117647058824
0.501960784313725
0.505882352941176
0.513725490196078
0.52156862745098
0.52156862745098
0.529411764705882
0.533333333333333
0.541176470588235
0.545098039215686
0.549019607843137
0.556980392156863
0.564705882352941
0.572549019607843
0.572549019607843
0.580392156862745
0.588235294117647
0.592156862745098
0.596078431372549
0.607843137254902
0.611764705882353
0.615686274509804
0.619607843137255
0.325490196078431
0.337372549019608
0.341176470588235
0.345098039215686
0.356862745098039
0.364705882352941
0.368627450980392
0.372549019607843
0.384313725490196
0.388235294117647
0.392156862745098
0.396078431372549
0.403921568627451
0.411764705882353
0.415686274509804
0.419607843137255
0.427450980392157
0.435294117647059
0.435294117647059
0.443137254901961
0.450980392156863
0.458823529411765
0.462745098039216
0.466666666666667
0.474509803921569
0.47843137254902
0.486274509803922
0.490196078431373
0.498039215686275
0.505882352941176
0.505882352941176
0.513725490196078
0.52156862745098
0.525490196078431
0.533333333333333
0.537254901960784
0.545098039215686
0.552941176470588
0.556862745098039
0.56078431372549
0.564705882352941
0.576470588235294
0.580392156862745
0.584313725490196
0.592156862745098
0.6
0.603921568627451
0.607843137254902
0.309921568627451
0.325490196078431
0.329411764705882
0.333333333333333
0.341176470588235
0.349019607843137
0.352941176470588
0.36078431372549
0.368627450980392
0.372549019607843
0.376470588235294
0.384313725490196
0.388235294117647
0.396078431372549
0.4
0.403921568627451
0.411764705882353
0.419607843137255
0.423529411764706
0.427450980392157
0.435294117647059
0.43921568627451
0.447058823529412
0.450980392156863
0.454901960784314
0.466666666666667
0.470588235294118
0.474509803921569
0.482352941176471
0.490196078431373
0.494117647058824
0.501960784313725
0.505882352941176
0.513725490196078
0.517647058823529
0.52156862745098
0.529411764705882
0.537254901960784
0.541176470588235
0.545098039215686
0.552941176470588
0.56078431372549
0.568627450980392
0.568627450980392
0.580392156862745
0.584313725490196
0.588235294117647
0.592156862745098
0.298039215686275
0.305882352941176
0.313725490196078
0.313725490196078
0.325490196078431
0.333333333333333
0.341176470588235
0.345098039215686
0.352941176470588
0.36078431372549
0.364705882352941
0.368627450980392
0.376470588235294
0.380392156862745
0.388235294117647
0.392156862745098
0.396078431372549
0.403921568627451
0.407843137254902
0.411764705882353
0.419607843137255
0.427450980392157
0.427450980392157
0.431372549019608
0.435294117647059
0.447058823529412
0.450980392156863
0.454901960784314
0.462745098039216
0.470588235294118
0.470588235294118
0.482352941176471
0.486274509803922
0.490196078431373
0.498039215686275
0.505882352941176
0.509803921568627
0.517647058823529
0.52156862745098
0.525490196078431
0.533333333333333
0.541176470588235
0.549019607843137
0.552941176470588
0.56078431372549
0.568627450980392
0.572549019607843
0.576470588235294
