0.658823529411765
0.658823529411765
0.647058823529412
0.647058823529412
0.63921568627451
0.635294117647059
0.627450980392157
0.623529411764706
0.619607843137255
0.615686274509804
0.603921568627451
0.6
0.596078431372549
0.592156862745098
0.588235294117647
0.580392156862745
0.576470588235294
0.568627450980392
0.564705882352941
0.552941176470588
0.552941176470588
0.548901960784314
0.537254901960784
0.537254901960784
0.529411764705882
0.52156862745098
0.517647058823529
0.513725490196078
0.505882352941176
0.501960784313725
0.494117647058824
0.486274509803922
0.482352941176471
0.474509803921569
0.466666666666667
0.458823529411765
0.450980392156863
0.443137254901961
0.43921568627451
0.435294117647059
0.427450980392157
0.423529411764706
0.419607843137255
0.41556862745098
0.4
0.403921568627451
0.392156862745098
0.388235294117647
0.662745098039216
0.662745098039216
0.650980392156863
0.650862745098039
0.643137254901961
0.635294117647059
0.627450980392157
0.627450980392157
0.619607843137255
0.61556862745098
0.603921568627451
0.603803921568627
0.596078431372549
0.592156862745098
0.584313725490196
0.580392156862745
0.576470588235294
0.568627450980392
0.564705882352941
0.552941176470588
0.549019607843137
0.549019607843137
0.537254901960784
0.533333333333333
0.525490196078431
0.52156862745098
0.513725490196078
0.509803921568627
0.498039215686275
0.494117647058824
0.486274509803922
0.47843137254902
0.474509803921569
0.466666666666667
0.462745098039216
0.454901960784314
0.447058823529412
0.43921568627451
0.435294117647059
0.431372549019608
0.419607843137255
0.415686274509804
0.411764705882353
0.403921568627451
0.395960784313726
0.396078431372549
0.384313725490196
0.376470588235294
0.662745098039216
0.662627450980392
0.650980392156863
0.647058823529412
0.643137254901961
0.63921568627451
0.631372549019608
0.627333333333333
0.619607843137255
0.611764705882353
0.603921568627451
0.603921568627451
0.596078431372549
0.592156862745098
0.584313725490196
0.576470588235294
0.572549019607843
0.564705882352941
0.56078431372549
0.549019607843137
0.545098039215686
0.541176470588235
0.533333333333333
0.525490196078431
0.52156862745098
0.513725490196078
0.505882352941176
0.505882352941176
0.494117647058824
0.490196078431373
0.482352941176471
0.474392156862745
0.466666666666667
0.458823529411765
0.454901960784314
0.447058823529412
0.443137254901961
0.431372549019608
0.431372549019608
0.423529411764706
0.415686274509804
0.411764705882353
0.403921568627451
0.399882352941176
0.388235294117647
0.388235294117647
0.376470588235294
0.368627450980392
0.662745098039216
0.662745098039216
0.650980392156863
0.650980392156863
0.647058823529412
0.63921568627451
0.627450980392157
0.627450980392157
0.623411764705882
0.615686274509804
0.603921568627451
0.603921568627451
0.596078431372549
0.588235294117647
0.580392156862745
0.576470588235294
0.57243137254902
0.564705882352941
0.556862745098039
0.549019607843137
0.545098039215686
0.537254901960784
0.533333333333333
0.52156862745098
0.517647058823529
0.509803921568627
0.501960784313725
0.498039215686275
0.490196078431373
0.482352941176471
0.474509803921569
0.466549019607843
0.462745098039216
0.454901960784314
0.450980392156863
0.43921568627451
0.435294117647059
0.427450980392157
0.423529411764706
0.419607843137255
0.407843137254902
0.403921568627451
0.396078431372549
0.392156862745098
0.380392156862745
0.380392156862745
0.368627450980392
0.36078431372549
0.666666666666667
0.662745098039216
0.650980392156863
0.654901960784314
0.647058823529412
0.63921568627451
0.631372549019608
0.627450980392157
0.623529411764706
0.615686274509804
0.607843137254902
0.6
0.596078431372549
0.592156862745098
0.580392156862745
0.576470588235294
0.572549019607843
0.564705882352941
0.556862745098039
0.549019607843137
0.545098039215686
0.537254901960784
0.529411764705882
0.52156862745098
0.509803921568627
0.505882352941176
0.501960784313725
0.494117647058824
0.486274509803922
0.47843137254902
0.470588235294118
0.462745098039216
0.458823529411765
0.450980392156863
0.443137254901961
0.435294117647059
0.431372549019608
0.423529411764706
0.415686274509804
0.411764705882353
0.4
0.396078431372549
0.392156862745098
0.384313725490196
0.376470588235294
0.372549019607843
0.364705882352941
0.36078431372549
0.670588235294118
0.666666666666667
0.654901960784314
0.658823529411765
0.650980392156863
0.647058823529412
0.635294117647059
0.631372549019608
0.623529411764706
0.619607843137255
0.611764705882353
0.603921568627451
0.596078431372549
0.588235294117647
0.584313725490196
0.576470588235294
0.568627450980392
0.564705882352941
0.556862745098039
0.545098039215686
0.541176470588235
0.533333333333333
0.525490196078431
0.521450980392157
0.509803921568627
0.505882352941176
0.498039215686275
0.490196078431373
0.482352941176471
0.474509803921569
0.466666666666667
0.458823529411765
0.454901960784314
0.443137254901961
0.43921568627451
0.431372549019608
0.427450980392157
0.415686274509804
0.411764705882353
0.407725490196078
0.396078431372549
0.392156862745098
0.384313725490196
0.376470588235294
0.368627450980392
0.368627450980392
0.356862745098039
0.352941176470588
0.674509803921569
0.670588235294118
0.658823529411765
0.658823529411765
0.650980392156863
0.647058823529412
0.635294117647059
0.631372549019608
0.627450980392157
0.619607843137255
0.611764705882353
0.603921568627451
0.592156862745098
0.588235294117647
0.584313725490196
0.572549019607843
0.568627450980392
0.56078431372549
0.552941176470588
0.541176470588235
0.537254901960784
0.529411764705882
0.52156862745098
0.517647058823529
0.505882352941176
0.501960784313725
0.494117647058824
0.486274509803922
0.47843137254902
0.470588235294118
0.462745098039216
0.454901960784314
0.450980392156863
0.43921568627451
0.435294117647059
0.427450980392157
0.423529411764706
0.411764705882353
0.403921568627451
0.4
0.392156862745098
0.388235294117647
0.380392156862745
0.372549019607843
0.36078431372549
0.36078431372549
0.352941176470588
0.345098039215686
0.674509803921569
0.674509803921569
0.662745098039216
0.662745098039216
0.650980392156863
0.647058823529412
0.631372549019608
0.631372549019608
0.623529411764706
0.615686274509804
0.607843137254902
0.603921568627451
0.596078431372549
0.584313725490196
0.580392156862745
0.572549019607843
0.564705882352941
0.560666666666667
0.549019607843137
0.537254901960784
0.533333333333333
0.529411764705882
0.517647058823529
0.513725490196078
0.501960784313725
0.498039215686275
0.490196078431373
0.47843137254902
0.474509803921569
0.466666666666667
0.458823529411765
0.450980392156863
0.443137254901961
0.431372549019608
0.427450980392157
0.423529411764706
0.415686274509804
0.407843137254902
0.4
0.396078431372549
0.384313725490196
0.384313725490196
0.376470588235294
0.368627450980392
0.36078431372549
0.356862745098039
0.349019607843137
0.341176470588235
0.674509803921569
0.674392156862745
0.662745098039216
0.658823529411765
0.650980392156863
0.647058823529412
0.631372549019608
0.631372549019608
0.623529411764706
0.615686274509804
0.607843137254902
0.6
0.596078431372549
0.588117647058824
0.576470588235294
0.564705882352941
0.564705882352941
0.552941176470588
0.549019607843137
0.533333333333333
0.529411764705882
0.525490196078431
0.513725490196078
0.505882352941176
0.498039215686275
0.494117647058824
0.486274509803922
0.47843137254902
0.470470588235294
0.462745098039216
0.454901960784314
0.447058823529412
0.443137254901961
0.431372549019608
0.427450980392157
0.419607843137255
0.411764705882353
0.403921568627451
0.4
0.392156862745098
0.380392156862745
0.376470588235294
0.368627450980392
0.356862745098039
0.352941176470588
0.349019607843137
0.341176470588235
0.333333333333333
0.674509803921569
0.670470588235294
0.658823529411765
0.654901960784314
0.647058823529412
0.63921568627451
0.631372549019608
0.627450980392157
0.619607843137255
0.615686274509804
0.603921568627451
0.599882352941176
0.592156862745098
0.580392156862745
0.572549019607843
0.564705882352941
0.56078431372549
0.549019607843137
0.545098039215686
0.529411764705882
0.529411764705882
0.521450980392157
0.513725490196078
0.501960784313725
0.494117647058824
0.490196078431373
0.47843137254902
0.474509803921569
0.462745098039216
0.458823529411765
0.450980392156863
0.443019607843137
0.435294117647059
0.427450980392157
0.423529411764706
0.415686274509804
0.407843137254902
0.4
0.392156862745098
0.388235294117647
0.376470588235294
0.372549019607843
0.364705882352941
0.352941176470588
0.349019607843137
0.345098039215686
0.341176470588235
0.33321568627451
0.670588235294118
0.666666666666667
0.654901960784314
0.654901960784314
0.647058823529412
0.63921568627451
0.631372549019608
0.627450980392157
0.619607843137255
0.607843137254902
0.6
0.592156862745098
0.592156862745098
0.576470588235294
0.568627450980392
0.56078431372549
0.56078431372549
0.549019607843137
0.541176470588235
0.529411764705882
0.525490196078431
0.517647058823529
0.509803921568627
0.497921568627451
0.490196078431373
0.486274509803922
0.47843137254902
0.466666666666667
0.458823529411765
0.454901960784314
0.447058823529412
0.43921568627451
0.431372549019608
0.423529411764706
0.419607843137255
0.411764705882353
0.4
0.396078431372549
0.388235294117647
0.380392156862745
0.372549019607843
0.372549019607843
0.364705882352941
0.352941176470588
0.345098039215686
0.341176470588235
0.337254901960784
0.329411764705882
0.666666666666667
0.662745098039216
0.654901960784314
0.650980392156863
0.643137254901961
0.635294117647059
0.627450980392157
0.623529411764706
0.611764705882353
0.607725490196078
0.596078431372549
0.592156862745098
0.584313725490196
0.572549019607843
0.568627450980392
0.56078431372549
0.556862745098039
0.541176470588235
0.537254901960784
0.525490196078431
0.52156862745098
0.513725490196078
0.505882352941176
0.490196078431373
0.490196078431373
0.486274509803922
0.474509803921569
0.462745098039216
0.458823529411765
0.450980392156863
0.443137254901961
0.435294117647059
0.431372549019608
0.419607843137255
0.415686274509804
0.407843137254902
0.396078431372549
0.392156862745098
0.388235294117647
0.380274509803922
0.368627450980392
0.368627450980392
0.36078431372549
0.349019607843137
0.345098039215686
0.337254901960784
0.333333333333333
0.325490196078431
0.662745098039216
0.658823529411765
0.650980392156863
0.650862745098039
0.643019607843137
0.631372549019608
0.623529411764706
0.619607843137255
0.607843137254902
0.603803921568627
0.592156862745098
0.592156862745098
0.580392156862745
0.572549019607843
0.56078431372549
0.552941176470588
0.552941176470588
0.541176470588235
0.537254901960784
0.52156862745098
0.52156862745098
0.509803921568627
0.505882352941176
0.486274509803922
0.486274509803922
0.482352941176471
0.470588235294118
0.462627450980392
0.454901960784314
0.450980392156863
0.43921568627451
0.435176470588235
0.427450980392157
0.419607843137255
0.411764705882353
0.403921568627451
0.396078431372549
0.388235294117647
0.384313725490196
0.372549019607843
0.368627450980392
0.364705882352941
0.36078431372549
0.345098039215686
0.345098039215686
0.337254901960784
0.333333333333333
0.325490196078431
0.658823529411765
0.654901960784314
0.647058823529412
0.643137254901961
0.635294117647059
0.631372549019608
0.619607843137255
0.615686274509804
0.607843137254902
0.6
0.588235294117647
0.588235294117647
0.580274509803922
0.568627450980392
0.56078431372549
0.552941176470588
0.549019607843137
0.537254901960784
0.533333333333333
0.517647058823529
0.517647058823529
0.509803921568627
0.501960784313725
0.482352941176471
0.482352941176471
0.47843137254902
0.470588235294118
0.458823529411765
0.450980392156863
0.447058823529412
0.43921568627451
0.431372549019608
0.427450980392157
0.415686274509804
0.411764705882353
0.4
0.392156862745098
0.388235294117647
0.384313725490196
0.372549019607843
0.368627450980392
0.364705882352941
0.356862745098039
0.345098039215686
0.341176470588235
0.337254901960784
0.333333333333333
0.325490196078431
0.650980392156863
0.650980392156863
0.643137254901961
0.63921568627451
0.631372549019608
0.623529411764706
0.615686274509804
0.611764705882353
0.603921568627451
0.596078431372549
0.588235294117647
0.580392156862745
0.576470588235294
0.564705882352941
0.56078431372549
0.549019607843137
0.549019607843137
0.537254901960784
0.529411764705882
0.517529411764706
0.513725490196078
0.505882352941176
0.498039215686275
0.486274509803922
0.482352941176471
0.474509803921569
0.466666666666667
0.454901960784314
0.450980392156863
0.443137254901961
0.439098039215686
0.431372549019608
0.423529411764706
0.415686274509804
0.407843137254902
0.4
0.392156862745098
0.388235294117647
0.380392156862745
0.37243137254902
0.368627450980392
0.36078431372549
0.356862745098039
0.345098039215686
0.341176470588235
0.341176470588235
0.329411764705882
0.325490196078431
0.647058823529412
0.643137254901961
0.63921568627451
0.635294117647059
0.623529411764706
0.619607843137255
0.611764705882353
0.603921568627451
0.596078431372549
0.592156862745098
0.584313725490196
0.576470588235294
0.568627450980392
0.56078431372549
0.552941176470588
0.549019607843137
0.545098039215686
0.533333333333333
0.529411764705882
0.509803921568627
0.509803921568627
0.501960784313725
0.494117647058824
0.47843137254902
0.47843137254902
0.470588235294118
0.462745098039216
0.454901960784314
0.450980392156863
0.443137254901961
0.435294117647059
0.431372549019608
0.419607843137255
0.415686274509804
0.407843137254902
0.4
0.388235294117647
0.388235294117647
0.384313725490196
0.37243137254902
0.368627450980392
0.364705882352941
0.36078431372549
0.345098039215686
0.345098039215686
0.341176470588235
0.333333333333333
0.329411764705882
0.643137254901961
0.63921568627451
0.635294117647059
0.631372549019608
0.619607843137255
0.615686274509804
0.603921568627451
0.6
0.595960784313725
0.588235294117647
0.580392156862745
0.572549019607843
0.568627450980392
0.560666666666667
0.556745098039216
0.545098039215686
0.541176470588235
0.533333333333333
0.525490196078431
0.509803921568627
0.509803921568627
0.501960784313725
0.498039215686275
0.482352941176471
0.47843137254902
0.470588235294118
0.466666666666667
0.458823529411765
0.447058823529412
0.443137254901961
0.435294117647059
0.431372549019608
0.423529411764706
0.415686274509804
0.407843137254902
0.403921568627451
0.392156862745098
0.388235294117647
0.384313725490196
0.380392156862745
0.368627450980392
0.368627450980392
0.36078431372549
0.356745098039216
0.349019607843137
0.345098039215686
0.337254901960784
0.333333333333333
0.63921568627451
0.63921568627451
0.627450980392157
0.627450980392157
0.615686274509804
0.611764705882353
0.603921568627451
0.6
0.596078431372549
0.588235294117647
0.580392156862745
0.572549019607843
0.568627450980392
0.56078431372549
0.552941176470588
0.545098039215686
0.541176470588235
0.533333333333333
0.525490196078431
0.517529411764706
0.509803921568627
0.505882352941176
0.494117647058824
0.486274509803922
0.47843137254902
0.47843137254902
0.466666666666667
0.458823529411765
0.447058823529412
0.447058823529412
0.439098039215686
0.431372549019608
0.427450980392157
0.419607843137255
0.415686274509804
0.407843137254902
0.396078431372549
0.392156862745098
0.388235294117647
0.380392156862745
0.372549019607843
0.372549019607843
0.364705882352941
0.356862745098039
0.349019607843137
0.349019607843137
0.341176470588235
0.337254901960784
0.635294117647059
0.635294117647059
0.627450980392157
0.623529411764706
0.615686274509804
0.611764705882353
0.6
0.596078431372549
0.592156862745098
0.584313725490196
0.576470588235294
0.57243137254902
0.568627450980392
0.556862745098039
0.552941176470588
0.545098039215686
0.541176470588235
0.533333333333333
0.525490196078431
0.517529411764706
0.509803921568627
0.505882352941176
0.498039215686275
0.486274509803922
0.47843137254902
0.47843137254902
0.470588235294118
0.462745098039216
0.450980392156863
0.450980392156863
0.443137254901961
0.435294117647059
0.427450980392157
0.419607843137255
0.415686274509804
0.411764705882353
0.4
0.396078431372549
0.392156862745098
0.384313725490196
0.376470588235294
0.376470588235294
0.368627450980392
0.364588235294118
0.352941176470588
0.352941176470588
0.345098039215686
0.341176470588235
0.639098039215686
0.635294117647059
0.627450980392157
0.623529411764706
0.615686274509804
0.611764705882353
0.6
0.596078431372549
0.592156862745098
0.584313725490196
0.576470588235294
0.57243137254902
0.564705882352941
0.556862745098039
0.552941176470588
0.545098039215686
0.541176470588235
0.533333333333333
0.525490196078431
0.517647058823529
0.509803921568627
0.505882352941176
0.498039215686275
0.490196078431373
0.482352941176471
0.482352941176471
0.474509803921569
0.466666666666667
0.458823529411765
0.454901960784314
0.447058823529412
0.43921568627451
0.435294117647059
0.427450980392157
0.423529411764706
0.415686274509804
0.407843137254902
0.403921568627451
0.4
0.392156862745098
0.384313725490196
0.380392156862745
0.376470588235294
0.368627450980392
0.36078431372549
0.356862745098039
0.352941176470588
0.345098039215686
0.63921568627451
0.635294117647059
0.627450980392157
0.623529411764706
0.619490196078431
0.611764705882353
0.6
0.6
0.592156862745098
0.584313725490196
0.576470588235294
0.568627450980392
0.564705882352941
0.56078431372549
0.552941176470588
0.549019607843137
0.541176470588235
0.537254901960784
0.525490196078431
0.517647058823529
0.513725490196078
0.509803921568627
0.501960784313725
0.494117647058824
0.486274509803922
0.482352941176471
0.47843137254902
0.470588235294118
0.462745098039216
0.458823529411765
0.450980392156863
0.447058823529412
0.43921568627451
0.431372549019608
0.427450980392157
0.419607843137255
0.411764705882353
0.411764705882353
0.407843137254902
0.4
0.388235294117647
0.388235294117647
0.384313725490196
0.376470588235294
0.368627450980392
0.364588235294118
0.36078431372549
0.352941176470588
0.643137254901961
0.63921568627451
0.631372549019608
0.631372549019608
0.619607843137255
0.615686274509804
0.607843137254902
0.6
0.595960784313725
0.584313725490196
0.580392156862745
0.572549019607843
0.568627450980392
0.56078431372549
0.556862745098039
0.548901960784314
0.541176470588235
0.537254901960784
0.529411764705882
0.52156862745098
0.517647058823529
0.513725490196078
0.505882352941176
0.498039215686275
0.490196078431373
0.486274509803922
0.482352941176471
0.470588235294118
0.466666666666667
0.462745098039216
0.454901960784314
0.450980392156863
0.443137254901961
0.43921568627451
0.435294117647059
0.431372549019608
0.419607843137255
0.415686274509804
0.411764705882353
0.403921568627451
0.396078431372549
0.395960784313726
0.388235294117647
0.380392156862745
0.376470588235294
0.372549019607843
0.368627450980392
0.36078431372549
