0.4
0.396078431372549
0.392156862745098
0.396078431372549
0.403921568627451
0.415686274509804
0.419607843137255
0.427450980392157
0.435294117647059
0.443137254901961
0.447058823529412
0.458823529411765
0.462745098039216
0.470588235294118
0.474509803921569
0.482117647058824
0.486274509803922
0.497921568627451
0.501960784313725
0.509803921568627
0.513725490196078
0.52156862745098
0.525490196078431
0.533333333333333
0.537254901960784
0.549019607843137
0.552941176470588
0.56078431372549
0.564705882352941
0.572549019607843
0.580392156862745
0.584313725490196
0.592156862745098
0.6
0.603921568627451
0.611764705882353
0.615686274509804
0.623529411764706
0.627450980392157
0.631372549019608
0.635294117647059
0.643137254901961
0.650862745098039
0.658823529411765
0.662745098039216
0.666666666666667
0.674509803921569
0.67843137254902
0.403921568627451
0.396078431372549
0.392156862745098
0.4
0.403921568627451
0.419607843137255
0.423529411764706
0.431372549019608
0.43921568627451
0.446823529411765
0.447058823529412
0.458823529411765
0.462745098039216
0.470588235294118
0.47843137254902
0.482352941176471
0.490196078431373
0.498039215686275
0.501960784313725
0.501843137254902
0.513725490196078
0.52156862745098
0.529411764705882
0.533333333333333
0.541176470588235
0.545098039215686
0.549019607843137
0.56078431372549
0.564705882352941
0.572549019607843
0.576470588235294
0.584313725490196
0.588235294117647
0.596078431372549
0.6
0.607843137254902
0.611764705882353
0.619607843137255
0.623529411764706
0.627450980392157
0.635294117647059
0.63921568627451
0.650980392156863
0.654901960784314
0.658823529411765
0.662745098039216
0.670588235294118
0.674509803921569
0.403921568627451
0.4
0.392156862745098
0.403921568627451
0.411764705882353
0.419607843137255
0.423529411764706
0.427450980392157
0.43921568627451
0.447058823529412
0.450980392156863
0.458823529411765
0.466666666666667
0.474509803921569
0.47843137254902
0.482352941176471
0.490196078431373
0.498039215686275
0.501960784313725
0.509686274509804
0.513725490196078
0.52156862745098
0.529294117647059
0.533333333333333
0.541058823529412
0.545098039215686
0.549019607843137
0.556862745098039
0.56078431372549
0.568509803921569
0.572549019607843
0.580392156862745
0.584313725490196
0.592156862745098
0.592156862745098
0.603921568627451
0.611764705882353
0.615686274509804
0.619607843137255
0.627450980392157
0.635176470588235
0.631372549019608
0.647058823529412
0.647058823529412
0.654666666666667
0.662745098039216
0.666666666666667
0.670588235294118
0.407843137254902
0.4
0.396078431372549
0.403921568627451
0.411764705882353
0.423529411764706
0.427450980392157
0.435294117647059
0.443137254901961
0.450980392156863
0.454901960784314
0.462745098039216
0.466666666666667
0.474509803921569
0.47843137254902
0.486274509803922
0.493882352941176
0.498039215686275
0.501960784313725
0.509686274509804
0.513725490196078
0.52156862745098
0.525490196078431
0.529411764705882
0.537254901960784
0.545098039215686
0.549019607843137
0.556862745098039
0.56078431372549
0.568627450980392
0.572549019607843
0.576470588235294
0.584313725490196
0.588235294117647
0.592156862745098
0.599882352941176
0.603921568627451
0.611764705882353
0.615686274509804
0.623529411764706
0.631372549019608
0.635294117647059
0.643137254901961
0.647058823529412
0.650980392156863
0.654901960784314
0.658823529411765
0.666666666666667
0.415686274509804
0.403921568627451
0.4
0.407843137254902
0.41556862745098
0.423529411764706
0.427450980392157
0.438980392156863
0.447058823529412
0.450980392156863
0.454901960784314
0.462745098039216
0.466666666666667
0.474509803921569
0.47843137254902
0.486274509803922
0.490196078431373
0.498039215686275
0.501960784313725
0.509803921568627
0.513725490196078
0.52156862745098
0.525490196078431
0.53321568627451
0.537254901960784
0.545098039215686
0.549019607843137
0.556862745098039
0.56078431372549
0.564705882352941
0.572549019607843
0.576470588235294
0.584313725490196
0.588117647058824
0.596078431372549
0.6
0.6
0.611764705882353
0.615686274509804
0.619607843137255
0.623529411764706
0.627450980392157
0.635294117647059
0.647058823529412
0.647058823529412
0.650980392156863
0.658823529411765
0.662745098039216
0.415686274509804
0.407843137254902
0.403921568627451
0.411764705882353
0.419372549019608
0.427450980392157
0.431372549019608
0.443137254901961
0.447058823529412
0.454901960784314
0.454901960784314
0.466666666666667
0.474392156862745
0.47843137254902
0.482352941176471
0.486274509803922
0.494117647058824
0.498039215686275
0.505882352941176
0.509803921568627
0.517411764705882
0.52156862745098
0.525490196078431
0.529411764705882
0.537254901960784
0.545098039215686
0.549019607843137
0.552941176470588
0.556862745098039
0.564705882352941
0.568627450980392
0.576470588235294
0.580392156862745
0.584313725490196
0.588235294117647
0.596078431372549
0.6
0.607843137254902
0.61164705882353
0.615686274509804
0.623529411764706
0.627450980392157
0.635294117647059
0.643137254901961
0.643137254901961
0.650980392156863
0.654901960784314
0.662745098039216
0.423529411764706
0.407843137254902
0.407843137254902
0.415686274509804
0.423529411764706
0.431372549019608
0.435294117647059
0.443137254901961
0.450980392156863
0.458823529411765
0.458823529411765
0.470588235294118
0.474509803921569
0.47843137254902
0.486274509803922
0.490196078431373
0.494117647058824
0.498039215686275
0.505882352941176
0.509803921568627
0.517411764705882
0.521333333333333
0.525490196078431
0.529411764705882
0.537254901960784
0.545098039215686
0.545098039215686
0.552941176470588
0.552941176470588
0.564705882352941
0.564705882352941
0.572549019607843
0.576470588235294
0.584313725490196
0.584313725490196
0.596078431372549
0.599764705882353
0.603921568627451
0.611764705882353
0.611764705882353
0.623529411764706
0.623529411764706
0.631372549019608
0.635294117647059
0.643137254901961
0.650745098039216
0.654901960784314
0.658823529411765
0.431372549019608
0.411764705882353
0.407843137254902
0.419372549019608
0.423529411764706
0.435294117647059
0.43921568627451
0.447058823529412
0.450980392156863
0.458823529411765
0.458823529411765
0.470588235294118
0.474392156862745
0.47843137254902
0.482352941176471
0.486274509803922
0.494117647058824
0.501960784313725
0.505882352941176
0.509803921568627
0.517647058823529
0.52156862745098
0.525490196078431
0.529411764705882
0.537254901960784
0.541176470588235
0.545098039215686
0.549019607843137
0.552941176470588
0.56078431372549
0.564705882352941
0.572549019607843
0.580392156862745
0.584313725490196
0.584313725490196
0.592156862745098
0.596078431372549
0.6
0.603921568627451
0.611764705882353
0.619607843137255
0.623529411764706
0.627450980392157
0.639098039215686
0.63921568627451
0.647058823529412
0.650980392156863
0.658823529411765
0.431372549019608
0.415686274509804
0.411764705882353
0.419607843137255
0.427450980392157
0.435294117647059
0.43921568627451
0.447058823529412
0.45478431372549
0.458823529411765
0.458823529411765
0.470588235294118
0.474509803921569
0.482235294117647
0.482352941176471
0.486274509803922
0.494117647058824
0.498039215686275
0.505882352941176
0.509803921568627
0.513725490196078
0.517647058823529
0.525490196078431
0.529411764705882
0.533333333333333
0.541176470588235
0.545098039215686
0.549019607843137
0.552823529411765
0.56078431372549
0.564705882352941
0.568627450980392
0.576470588235294
0.580392156862745
0.584313725490196
0.592156862745098
0.592156862745098
0.6
0.603921568627451
0.611764705882353
0.619607843137255
0.619607843137255
0.627450980392157
0.635294117647059
0.63921568627451
0.643137254901961
0.650980392156863
0.654901960784314
0.431372549019608
0.411764705882353
0.411764705882353
0.419607843137255
0.427450980392157
0.435294117647059
0.43921568627451
0.447058823529412
0.454901960784314
0.458823529411765
0.462627450980392
0.470588235294118
0.474509803921569
0.482352941176471
0.482352941176471
0.490196078431373
0.498039215686275
0.498039215686275
0.505882352941176
0.509803921568627
0.517647058823529
0.517647058823529
0.525490196078431
0.529176470588235
0.533333333333333
0.541176470588235
0.545098039215686
0.545098039215686
0.552941176470588
0.56078431372549
0.564705882352941
0.568627450980392
0.576235294117647
0.580392156862745
0.584313725490196
0.584313725490196
0.596078431372549
0.6
0.607843137254902
0.607843137254902
0.615686274509804
0.619607843137255
0.627450980392157
0.635294117647059
0.63921568627451
0.643137254901961
0.647058823529412
0.650509803921569
0.431372549019608
0.415686274509804
0.411764705882353
0.415686274509804
0.423529411764706
0.435294117647059
0.43921568627451
0.447058823529412
0.450980392156863
0.454901960784314
0.458823529411765
0.470588235294118
0.474509803921569
0.47843137254902
0.47843137254902
0.490196078431373
0.494117647058824
0.498039215686275
0.505764705882353
0.509803921568627
0.517647058823529
0.517647058823529
0.525490196078431
0.525490196078431
0.533333333333333
0.537254901960784
0.544862745098039
0.545098039215686
0.549019607843137
0.556862745098039
0.564705882352941
0.568627450980392
0.57243137254902
0.580392156862745
0.584313725490196
0.588235294117647
0.592156862745098
0.6
0.607843137254902
0.611764705882353
0.615686274509804
0.619607843137255
0.627450980392157
0.631372549019608
0.63921568627451
0.643019607843137
0.647058823529412
0.654901960784314
0.431254901960784
0.415686274509804
0.411764705882353
0.415686274509804
0.423529411764706
0.435176470588235
0.43921568627451
0.447058823529412
0.450980392156863
0.458705882352941
0.458823529411765
0.470588235294118
0.474509803921569
0.47843137254902
0.482352941176471
0.490196078431373
0.494117647058824
0.498039215686275
0.501960784313725
0.505882352941176
0.513725490196078
0.517647058823529
0.52156862745098
0.525490196078431
0.533333333333333
0.537254901960784
0.544862745098039
0.545098039215686
0.552941176470588
0.556862745098039
0.56078431372549
0.568627450980392
0.572549019607843
0.580392156862745
0.584313725490196
0.588235294117647
0.596078431372549
0.596078431372549
0.603921568627451
0.607843137254902
0.615686274509804
0.619607843137255
0.627450980392157
0.631372549019608
0.635294117647059
0.643137254901961
0.647058823529412
0.650980392156863
0.427450980392157
0.411647058823529
0.407843137254902
0.415686274509804
0.419607843137255
0.431372549019608
0.435294117647059
0.447058823529412
0.450980392156863
0.454901960784314
0.458823529411765
0.466666666666667
0.474509803921569
0.47843137254902
0.482352941176471
0.486274509803922
0.494117647058824
0.498039215686275
0.501960784313725
0.505882352941176
0.513725490196078
0.513725490196078
0.52156862745098
0.525490196078431
0.533333333333333
0.537254901960784
0.541176470588235
0.545098039215686
0.549019607843137
0.556862745098039
0.56078431372549
0.564705882352941
0.572549019607843
0.580274509803922
0.584196078431373
0.588235294117647
0.592156862745098
0.596078431372549
0.603921568627451
0.607843137254902
0.615686274509804
0.619607843137255
0.627333333333333
0.631372549019608
0.635294117647059
0.647058823529412
0.650980392156863
0.654901960784314
0.427450980392157
0.411764705882353
0.407843137254902
0.411764705882353
0.419607843137255
0.431372549019608
0.435294117647059
0.443137254901961
0.450980392156863
0.454901960784314
0.458823529411765
0.466666666666667
0.470588235294118
0.47843137254902
0.47843137254902
0.486274509803922
0.494117647058824
0.498039215686275
0.501960784313725
0.505882352941176
0.513725490196078
0.517647058823529
0.52156862745098
0.52156862745098
0.533333333333333
0.537254901960784
0.541176470588235
0.541176470588235
0.549019607843137
0.556862745098039
0.564705882352941
0.564705882352941
0.568627450980392
0.576470588235294
0.584313725490196
0.588235294117647
0.596078431372549
0.6
0.603921568627451
0.607843137254902
0.615686274509804
0.619607843137255
0.623529411764706
0.631372549019608
0.635294117647059
0.646941176470588
0.647058823529412
0.654901960784314
0.431372549019608
0.407843137254902
0.403921568627451
0.411764705882353
0.419490196078431
0.427450980392157
0.431372549019608
0.43921568627451
0.447058823529412
0.450980392156863
0.454901960784314
0.462745098039216
0.466666666666667
0.478196078431373
0.47843137254902
0.486274509803922
0.490196078431373
0.498039215686275
0.501960784313725
0.505882352941176
0.513725490196078
0.517647058823529
0.52156862745098
0.52156862745098
0.533333333333333
0.537254901960784
0.541176470588235
0.541176470588235
0.549019607843137
0.556862745098039
0.56078431372549
0.564705882352941
0.572549019607843
0.576470588235294
0.580392156862745
0.588235294117647
0.592156862745098
0.599764705882353
0.607843137254902
0.607843137254902
0.615686274509804
0.619607843137255
0.627450980392157
0.635294117647059
0.63921568627451
0.643137254901961
0.650980392156863
0.654901960784314
0.435294117647059
0.403921568627451
0.403921568627451
0.407843137254902
0.415686274509804
0.427450980392157
0.431372549019608
0.43921568627451
0.446941176470588
0.450980392156863
0.454901960784314
0.462745098039216
0.466666666666667
0.474509803921569
0.47843137254902
0.482352941176471
0.490196078431373
0.494117647058824
0.498039215686275
0.501960784313725
0.513725490196078
0.513725490196078
0.52156862745098
0.52156862745098
0.529411764705882
0.537254901960784
0.541176470588235
0.541176470588235
0.549019607843137
0.556862745098039
0.56078431372549
0.564705882352941
0.572549019607843
0.580274509803922
0.584313725490196
0.588235294117647
0.596078431372549
0.6
0.607843137254902
0.611764705882353
0.619607843137255
0.623529411764706
0.631372549019608
0.635294117647059
0.635294117647059
0.650980392156863
0.650980392156863
0.658823529411765
0.43921568627451
0.4
0.4
0.403921568627451
0.411764705882353
0.423529411764706
0.427450980392157
0.43921568627451
0.43921568627451
0.450862745098039
0.450980392156863
0.462745098039216
0.466666666666667
0.470588235294118
0.474509803921569
0.482352941176471
0.490196078431373
0.494117647058824
0.501960784313725
0.505647058823529
0.513725490196078
0.513725490196078
0.52156862745098
0.52156862745098
0.529411764705882
0.537254901960784
0.545098039215686
0.545098039215686
0.552941176470588
0.556862745098039
0.564705882352941
0.564705882352941
0.572549019607843
0.580392156862745
0.584313725490196
0.592156862745098
0.596078431372549
0.603921568627451
0.611764705882353
0.615686274509804
0.619607843137255
0.627450980392157
0.631372549019608
0.635294117647059
0.63921568627451
0.650980392156863
0.654901960784314
0.662745098039216
0.431372549019608
0.399882352941176
0.396078431372549
0.403921568627451
0.411764705882353
0.423529411764706
0.423529411764706
0.435294117647059
0.43921568627451
0.447058823529412
0.450980392156863
0.458823529411765
0.466666666666667
0.470588235294118
0.474509803921569
0.482352941176471
0.490196078431373
0.494117647058824
0.498039215686275
0.505882352941176
0.513725490196078
0.509686274509804
0.52156862745098
0.525490196078431
0.533333333333333
0.537254901960784
0.545098039215686
0.545098039215686
0.552941176470588
0.56078431372549
0.564705882352941
0.568627450980392
0.576470588235294
0.584313725490196
0.584313725490196
0.596078431372549
0.6
0.603921568627451
0.615686274509804
0.619607843137255
0.623529411764706
0.631137254901961
0.635294117647059
0.643137254901961
0.643137254901961
0.654901960784314
0.662509803921569
0.666666666666667
0.427450980392157
0.396078431372549
0.396078431372549
0.403921568627451
0.411764705882353
0.423529411764706
0.427450980392157
0.435294117647059
0.43921568627451
0.447058823529412
0.450980392156863
0.458823529411765
0.466666666666667
0.470588235294118
0.474509803921569
0.482352941176471
0.490196078431373
0.494117647058824
0.498039215686275
0.505882352941176
0.513725490196078
0.517647058823529
0.525490196078431
0.525490196078431
0.529411764705882
0.541176470588235
0.545098039215686
0.549019607843137
0.552941176470588
0.564705882352941
0.568627450980392
0.572549019607843
0.580392156862745
0.588235294117647
0.592156862745098
0.6
0.603921568627451
0.607843137254902
0.615686274509804
0.623529411764706
0.631372549019608
0.635294117647059
0.643019607843137
0.647058823529412
0.650980392156863
0.662745098039216
0.662745098039216
0.670588235294118
0.427450980392157
0.396078431372549
0.396078431372549
0.403921568627451
0.411764705882353
0.423529411764706
0.427450980392157
0.435294117647059
0.43921568627451
0.447058823529412
0.450980392156863
0.458823529411765
0.466666666666667
0.470588235294118
0.47843137254902
0.482352941176471
0.490196078431373
0.494117647058824
0.501960784313725
0.505882352941176
0.513725490196078
0.52156862745098
0.525490196078431
0.529411764705882
0.533333333333333
0.545098039215686
0.549019607843137
0.552941176470588
0.56078431372549
0.568627450980392
0.576470588235294
0.580392156862745
0.584313725490196
0.592156862745098
0.596078431372549
0.603921568627451
0.607843137254902
0.615686274509804
0.623529411764706
0.627450980392157
0.635294117647059
0.643137254901961
0.647058823529412
0.654901960784314
0.654901960784314
0.666666666666667
0.670588235294118
0.67843137254902
0.431372549019608
0.399882352941176
0.4
0.407843137254902
0.415686274509804
0.423529411764706
0.431372549019608
0.43921568627451
0.443137254901961
0.450980392156863
0.454901960784314
0.458823529411765
0.470588235294118
0.474509803921569
0.47843137254902
0.486274509803922
0.490196078431373
0.498039215686275
0.505882352941176
0.509803921568627
0.517647058823529
0.52156862745098
0.529411764705882
0.533333333333333
0.540941176470588
0.549019607843137
0.552941176470588
0.556862745098039
0.56078431372549
0.568627450980392
0.580392156862745
0.584313725490196
0.588235294117647
0.596078431372549
0.6
0.611764705882353
0.615686274509804
0.623529411764706
0.631372549019608
0.63921568627451
0.643137254901961
0.650862745098039
0.654901960784314
0.662745098039216
0.662745098039216
0.674509803921569
0.682352941176471
0.686274509803922
0.43921568627451
0.407843137254902
0.407843137254902
0.415686274509804
0.423294117647059
0.431372549019608
0.439098039215686
0.447058823529412
0.450980392156863
0.458823529411765
0.462745098039216
0.470588235294118
0.474509803921569
0.47843137254902
0.486274509803922
0.494117647058824
0.498039215686275
0.501960784313725
0.509803921568627
0.513725490196078
0.52156862745098
0.525490196078431
0.533333333333333
0.541176470588235
0.545098039215686
0.552941176470588
0.556862745098039
0.564705882352941
0.568627450980392
0.576470588235294
0.584313725490196
0.588235294117647
0.596078431372549
0.603921568627451
0.611764705882353
0.615686274509804
0.619607843137255
0.627450980392157
0.63921568627451
0.643137254901961
0.647058823529412
0.654901960784314
0.662627450980392
0.670588235294118
0.670588235294118
0.682352941176471
0.690196078431373
0.694117647058824
