0.545098039215686
0.541176470588235
0.533333333333333
0.533686274509804
0.533333333333333
0.533333333333333
0.52156862745098
0.52156862745098
0.517647058823529
0.517647058823529
0.509803921568627
0.505882352941176
0.505882352941176
0.501960784313725
0.498039215686275
0.490196078431373
0.490196078431373
0.486274509803922
0.47843137254902
0.47843137254902
0.474509803921569
0.470588235294118
0.466666666666667
0.466666666666667
0.462745098039216
0.458823529411765
0.450980392156863
0.447058823529412
0.443137254901961
0.443137254901961
0.435294117647059
0.427450980392157
0.423529411764706
0.419607843137255
0.415686274509804
0.411764705882353
0.407843137254902
0.403921568627451
0.403921568627451
0.4
0.392156862745098
0.392156862745098
0.384313725490196
0.384313725490196
0.380392156862745
0.380392156862745
0.392156862745098
0.372549019607843
0.545098039215686
0.541176470588235
0.537254901960784
0.533333333333333
0.533333333333333
0.529411764705882
0.52156862745098
0.518
0.517647058823529
0.517647058823529
0.509803921568627
0.505882352941176
0.502196078431372
0.498039215686275
0.494117647058824
0.490196078431373
0.486274509803922
0.486274509803922
0.47843137254902
0.474509803921569
0.470588235294118
0.470588235294118
0.462745098039216
0.462745098039216
0.454901960784314
0.450980392156863
0.443137254901961
0.443372549019608
0.435529411764706
0.435294117647059
0.427450980392157
0.419843137254902
0.419607843137255
0.411764705882353
0.407843137254902
0.407843137254902
0.403921568627451
0.396078431372549
0.392156862745098
0.392156862745098
0.380745098039216
0.380745098039216
0.376470588235294
0.372549019607843
0.368862745098039
0.372549019607843
0.380392156862745
0.36078431372549
0.545098039215686
0.541176470588235
0.53356862745098
0.533333333333333
0.533333333333333
0.529411764705882
0.52156862745098
0.517647058823529
0.513960784313725
0.513725490196078
0.505882352941176
0.501960784313725
0.498039215686275
0.498039215686275
0.490196078431373
0.486274509803922
0.482352941176471
0.482352941176471
0.466901960784314
0.470588235294118
0.466666666666667
0.462745098039216
0.454901960784314
0.454901960784314
0.447058823529412
0.443137254901961
0.43921568627451
0.43921568627451
0.427450980392157
0.427450980392157
0.419607843137255
0.411764705882353
0.411764705882353
0.407843137254902
0.403921568627451
0.403921568627451
0.392156862745098
0.392156862745098
0.388235294117647
0.384313725490196
0.372549019607843
0.376470588235294
0.368627450980392
0.364705882352941
0.36078431372549
0.36078431372549
0.372549019607843
0.356862745098039
0.549019607843137
0.541411764705882
0.537254901960784
0.537254901960784
0.533333333333333
0.529411764705882
0.517647058823529
0.517647058823529
0.513725490196078
0.513725490196078
0.505882352941176
0.501960784313725
0.498039215686275
0.494117647058824
0.490196078431373
0.482352941176471
0.47843137254902
0.474509803921569
0.470588235294118
0.466666666666667
0.462745098039216
0.454901960784314
0.450980392156863
0.450980392156863
0.443137254901961
0.435294117647059
0.431372549019608
0.427450980392157
0.423529411764706
0.415921568627451
0.411764705882353
0.411764705882353
0.407843137254902
0.4
0.396078431372549
0.396078431372549
0.384313725490196
0.384313725490196
0.376470588235294
0.376470588235294
0.368627450980392
0.368627450980392
0.36078431372549
0.36078431372549
0.352941176470588
0.352941176470588
0.364705882352941
0.345333333333333
0.549019607843137
0.545098039215686
0.537254901960784
0.537254901960784
0.529411764705882
0.529411764705882
0.52156862745098
0.517647058823529
0.513725490196078
0.509803921568627
0.505882352941176
0.501960784313725
0.494117647058824
0.494117647058824
0.486274509803922
0.482352941176471
0.474509803921569
0.470588235294118
0.466666666666667
0.462745098039216
0.458823529411765
0.454901960784314
0.447058823529412
0.443137254901961
0.435294117647059
0.431372549019608
0.423529411764706
0.419607843137255
0.412117647058824
0.419607843137255
0.407843137254902
0.4
0.4
0.392156862745098
0.388235294117647
0.392156862745098
0.380392156862745
0.376470588235294
0.372549019607843
0.368627450980392
0.36078431372549
0.36078431372549
0.352941176470588
0.352941176470588
0.349019607843137
0.345098039215686
0.352941176470588
0.337254901960784
0.549019607843137
0.545098039215686
0.537254901960784
0.537254901960784
0.518588235294118
0.529411764705882
0.52156862745098
0.517647058823529
0.513725490196078
0.505882352941176
0.501960784313725
0.498039215686275
0.482352941176471
0.490196078431373
0.482352941176471
0.47843137254902
0.470823529411765
0.470588235294118
0.462745098039216
0.458823529411765
0.450980392156863
0.450980392156863
0.43921568627451
0.43921568627451
0.431372549019608
0.427450980392157
0.419607843137255
0.419607843137255
0.411764705882353
0.403921568627451
0.4
0.396078431372549
0.392156862745098
0.388235294117647
0.380392156862745
0.376470588235294
0.372549019607843
0.368627450980392
0.361490196078431
0.36078431372549
0.352941176470588
0.352941176470588
0.345098039215686
0.341411764705882
0.341176470588235
0.337254901960784
0.349019607843137
0.333333333333333
0.549019607843137
0.545098039215686
0.533333333333333
0.53356862745098
0.529411764705882
0.525490196078431
0.517647058823529
0.513960784313725
0.513725490196078
0.505882352941176
0.501960784313725
0.494117647058824
0.490196078431373
0.486274509803922
0.474509803921569
0.474509803921569
0.466666666666667
0.466666666666667
0.458823529411765
0.454901960784314
0.443137254901961
0.443137254901961
0.435294117647059
0.431372549019608
0.427450980392157
0.419607843137255
0.411764705882353
0.411764705882353
0.403921568627451
0.396078431372549
0.396078431372549
0.388235294117647
0.384313725490196
0.376470588235294
0.376470588235294
0.372549019607843
0.364705882352941
0.364705882352941
0.36078431372549
0.356862745098039
0.345098039215686
0.345098039215686
0.337254901960784
0.337254901960784
0.333333333333333
0.329411764705882
0.341176470588235
0.32156862745098
0.545333333333333
0.545098039215686
0.533333333333333
0.533333333333333
0.529411764705882
0.52156862745098
0.513725490196078
0.513725490196078
0.509803921568627
0.501960784313725
0.498039215686275
0.490196078431373
0.47843137254902
0.482352941176471
0.470588235294118
0.466666666666667
0.462745098039216
0.462745098039216
0.450980392156863
0.450980392156863
0.43921568627451
0.43921568627451
0.431372549019608
0.427450980392157
0.419960784313726
0.415686274509804
0.407843137254902
0.403921568627451
0.4
0.392156862745098
0.388235294117647
0.384313725490196
0.376823529411765
0.376470588235294
0.368627450980392
0.364705882352941
0.36078431372549
0.352941176470588
0.352941176470588
0.349019607843137
0.337254901960784
0.337254901960784
0.31478431372549
0.329411764705882
0.325490196078431
0.325490196078431
0.329764705882353
0.317647058823529
0.545098039215686
0.541176470588235
0.529411764705882
0.529411764705882
0.525490196078431
0.52156862745098
0.513725490196078
0.509803921568627
0.502196078431372
0.498039215686275
0.490196078431373
0.486274509803922
0.482352941176471
0.474509803921569
0.466666666666667
0.462745098039216
0.454901960784314
0.454901960784314
0.447058823529412
0.447058823529412
0.435294117647059
0.431372549019608
0.423529411764706
0.419607843137255
0.415686274509804
0.411764705882353
0.403921568627451
0.4
0.396078431372549
0.392156862745098
0.384313725490196
0.380392156862745
0.372549019607843
0.368627450980392
0.364705882352941
0.364705882352941
0.352941176470588
0.349019607843137
0.345098039215686
0.345098039215686
0.333333333333333
0.337254901960784
0.325490196078431
0.32156862745098
0.32156862745098
0.325490196078431
0.32156862745098
0.309803921568627
0.541176470588235
0.537254901960784
0.525490196078431
0.525490196078431
0.52156862745098
0.517647058823529
0.509803921568627
0.505882352941176
0.498039215686275
0.494117647058824
0.486274509803922
0.482352941176471
0.47843137254902
0.470588235294118
0.462745098039216
0.455254901960784
0.450980392156863
0.450980392156863
0.443137254901961
0.435294117647059
0.427450980392157
0.427450980392157
0.419607843137255
0.415686274509804
0.407843137254902
0.404274509803922
0.396078431372549
0.396078431372549
0.388235294117647
0.380392156862745
0.380392156862745
0.372549019607843
0.368627450980392
0.36078431372549
0.356862745098039
0.356862745098039
0.345098039215686
0.345098039215686
0.337254901960784
0.337254901960784
0.325490196078431
0.325490196078431
0.317647058823529
0.313725490196078
0.313960784313725
0.317647058823529
0.313725490196078
0.301960784313725
0.537254901960784
0.529411764705882
0.52156862745098
0.52156862745098
0.517647058823529
0.505882352941176
0.501960784313725
0.501960784313725
0.494117647058824
0.490196078431373
0.482705882352941
0.47843137254902
0.470588235294118
0.466666666666667
0.458823529411765
0.450980392156863
0.450980392156863
0.443137254901961
0.43921568627451
0.419607843137255
0.419843137254902
0.423529411764706
0.411764705882353
0.407843137254902
0.400352941176471
0.403921568627451
0.392156862745098
0.388235294117647
0.384313725490196
0.376470588235294
0.372549019607843
0.372549019607843
0.364705882352941
0.356862745098039
0.349019607843137
0.352941176470588
0.345098039215686
0.337254901960784
0.333333333333333
0.333333333333333
0.317647058823529
0.325490196078431
0.313725490196078
0.309803921568627
0.305882352941176
0.305882352941176
0.309803921568627
0.298039215686275
0.529411764705882
0.525725490196078
0.517647058823529
0.517647058823529
0.513725490196078
0.505882352941176
0.498039215686275
0.494117647058824
0.490196078431373
0.482352941176471
0.47843137254902
0.470588235294118
0.466901960784314
0.454901960784314
0.454901960784314
0.450980392156863
0.443137254901961
0.443137254901961
0.431372549019608
0.423529411764706
0.419607843137255
0.423529411764706
0.411764705882353
0.403921568627451
0.396078431372549
0.396078431372549
0.388235294117647
0.380392156862745
0.380392156862745
0.372549019607843
0.364941176470588
0.36078431372549
0.36078431372549
0.349019607843137
0.349019607843137
0.341411764705882
0.333333333333333
0.333333333333333
0.329411764705882
0.325490196078431
0.317647058823529
0.32156862745098
0.309803921568627
0.305882352941176
0.305882352941176
0.306117647058824
0.301960784313725
0.290196078431373
0.529411764705882
0.52156862745098
0.513725490196078
0.510039215686274
0.505882352941176
0.501960784313725
0.490196078431373
0.490196078431373
0.486274509803922
0.47843137254902
0.470588235294118
0.463098039215686
0.462745098039216
0.454901960784314
0.450980392156863
0.443137254901961
0.439450980392157
0.435529411764706
0.427450980392157
0.419607843137255
0.411764705882353
0.411764705882353
0.403921568627451
0.4
0.388235294117647
0.388235294117647
0.384313725490196
0.376470588235294
0.372549019607843
0.364705882352941
0.364705882352941
0.352941176470588
0.349019607843137
0.349019607843137
0.341176470588235
0.341176470588235
0.329411764705882
0.329411764705882
0.325490196078431
0.317647058823529
0.313725490196078
0.313725490196078
0.305882352941176
0.302196078431373
0.301960784313725
0.305882352941176
0.290196078431373
0.286274509803922
0.517647058823529
0.513725490196078
0.505882352941176
0.506117647058823
0.498039215686275
0.494117647058824
0.482588235294118
0.482352941176471
0.482352941176471
0.470588235294118
0.466666666666667
0.462745098039216
0.454901960784314
0.450980392156863
0.443137254901961
0.431372549019608
0.431372549019608
0.423529411764706
0.419607843137255
0.415686274509804
0.407843137254902
0.411764705882353
0.396078431372549
0.392156862745098
0.388235294117647
0.384313725490196
0.376470588235294
0.372549019607843
0.368627450980392
0.364705882352941
0.353176470588235
0.349019607843137
0.345098039215686
0.345098039215686
0.337254901960784
0.333686274509804
0.325490196078431
0.325490196078431
0.32156862745098
0.317647058823529
0.309803921568627
0.313725490196078
0.305882352941176
0.301960784313725
0.298039215686275
0.301960784313725
0.294117647058824
0.286274509803922
0.509803921568627
0.505882352941176
0.498039215686275
0.498039215686275
0.490196078431373
0.490196078431373
0.47843137254902
0.47843137254902
0.474509803921569
0.466666666666667
0.458823529411765
0.450980392156863
0.454901960784314
0.443137254901961
0.43921568627451
0.423764705882353
0.427450980392157
0.427450980392157
0.415686274509804
0.411764705882353
0.403921568627451
0.403921568627451
0.392156862745098
0.388235294117647
0.384313725490196
0.380392156862745
0.372549019607843
0.368627450980392
0.364705882352941
0.36078431372549
0.356862745098039
0.349019607843137
0.345098039215686
0.341176470588235
0.337254901960784
0.333333333333333
0.325490196078431
0.32156862745098
0.317882352941176
0.309803921568627
0.305882352941176
0.309803921568627
0.305882352941176
0.298392156862745
0.294117647058824
0.298039215686275
0.286509803921569
0.282352941176471
0.502196078431372
0.498039215686275
0.486274509803922
0.490196078431373
0.482352941176471
0.474509803921569
0.470588235294118
0.470588235294118
0.466666666666667
0.458823529411765
0.454901960784314
0.450980392156863
0.447058823529412
0.43921568627451
0.431372549019608
0.423529411764706
0.419607843137255
0.423529411764706
0.411764705882353
0.403921568627451
0.392156862745098
0.396313725490196
0.388235294117647
0.384313725490196
0.380392156862745
0.376470588235294
0.368627450980392
0.364705882352941
0.36078431372549
0.356862745098039
0.352941176470588
0.345098039215686
0.341176470588235
0.337254901960784
0.337254901960784
0.329411764705882
0.32156862745098
0.325490196078431
0.317647058823529
0.313725490196078
0.306235294117647
0.309803921568627
0.301960784313725
0.298039215686275
0.294117647058824
0.298392156862745
0.286274509803922
0.282352941176471
0.494117647058824
0.490196078431373
0.482352941176471
0.482588235294118
0.474509803921569
0.47843137254902
0.462745098039216
0.462745098039216
0.458823529411765
0.450980392156863
0.447058823529412
0.443137254901961
0.43921568627451
0.435294117647059
0.427450980392157
0.415686274509804
0.415686274509804
0.412117647058824
0.407843137254902
0.396313725490196
0.392156862745098
0.396078431372549
0.388235294117647
0.380392156862745
0.372549019607843
0.372549019607843
0.364705882352941
0.364705882352941
0.36078431372549
0.356862745098039
0.352941176470588
0.345098039215686
0.337254901960784
0.337254901960784
0.333333333333333
0.329411764705882
0.32156862745098
0.325490196078431
0.317647058823529
0.313725490196078
0.305882352941176
0.309803921568627
0.301960784313725
0.301960784313725
0.298039215686275
0.301960784313725
0.286274509803922
0.282352941176471
0.490196078431373
0.482352941176471
0.474509803921569
0.47843137254902
0.470588235294118
0.466666666666667
0.458823529411765
0.454901960784314
0.454901960784314
0.447058823529412
0.443137254901961
0.43921568627451
0.435294117647059
0.431372549019608
0.423529411764706
0.416392156862745
0.411764705882353
0.411764705882353
0.403921568627451
0.396313725490196
0.388235294117647
0.396078431372549
0.384313725490196
0.380392156862745
0.372549019607843
0.372549019607843
0.364705882352941
0.364705882352941
0.356862745098039
0.352941176470588
0.352941176470588
0.345098039215686
0.337607843137255
0.337254901960784
0.333333333333333
0.329411764705882
0.32156862745098
0.325490196078431
0.32156862745098
0.310156862745098
0.305882352941176
0.309803921568627
0.305882352941176
0.301960784313725
0.298039215686275
0.305882352941176
0.290196078431373
0.27843137254902
0.47843137254902
0.47843137254902
0.466666666666667
0.466666666666667
0.462745098039216
0.458823529411765
0.454901960784314
0.450980392156863
0.447058823529412
0.443137254901961
0.43921568627451
0.431372549019608
0.431372549019608
0.427450980392157
0.419607843137255
0.411764705882353
0.407843137254902
0.404156862745098
0.4
0.396078431372549
0.388235294117647
0.388235294117647
0.384313725490196
0.380392156862745
0.376470588235294
0.372549019607843
0.364705882352941
0.364705882352941
0.356862745098039
0.352941176470588
0.352941176470588
0.345098039215686
0.341176470588235
0.341176470588235
0.337254901960784
0.329411764705882
0.325490196078431
0.325490196078431
0.32156862745098
0.309803921568627
0.309803921568627
0.309803921568627
0.305882352941176
0.305882352941176
0.298039215686275
0.309803921568627
0.294117647058824
0.282352941176471
0.474509803921569
0.474509803921569
0.466666666666667
0.466666666666667
0.458823529411765
0.458823529411765
0.450980392156863
0.447058823529412
0.443137254901961
0.43921568627451
0.435294117647059
0.431372549019608
0.427450980392157
0.427450980392157
0.415686274509804
0.411764705882353
0.407843137254902
0.407843137254902
0.4
0.396078431372549
0.388235294117647
0.388235294117647
0.384313725490196
0.380392156862745
0.376470588235294
0.376470588235294
0.368627450980392
0.361019607843137
0.36078431372549
0.356862745098039
0.352941176470588
0.349019607843137
0.345098039215686
0.341176470588235
0.337254901960784
0.333333333333333
0.325490196078431
0.325490196078431
0.325490196078431
0.317647058823529
0.313725490196078
0.313725490196078
0.309803921568627
0.305882352941176
0.298039215686275
0.309803921568627
0.294117647058824
0.286274509803922
0.474745098039216
0.470588235294118
0.462745098039216
0.462745098039216
0.458823529411765
0.454901960784314
0.447411764705882
0.447058823529412
0.43921568627451
0.43921568627451
0.435294117647059
0.431372549019608
0.427450980392157
0.423529411764706
0.415686274509804
0.411764705882353
0.404156862745098
0.403921568627451
0.400235294117647
0.396078431372549
0.388235294117647
0.388235294117647
0.384313725490196
0.380392156862745
0.376470588235294
0.376470588235294
0.368627450980392
0.368627450980392
0.36078431372549
0.356862745098039
0.356862745098039
0.352941176470588
0.345098039215686
0.345098039215686
0.341176470588235
0.341176470588235
0.329411764705882
0.333333333333333
0.325490196078431
0.32156862745098
0.317647058823529
0.317647058823529
0.309803921568627
0.309803921568627
0.301960784313725
0.309803921568627
0.286274509803922
0.27843137254902
0.47843137254902
0.474509803921569
0.470588235294118
0.466666666666667
0.462745098039216
0.454901960784314
0.454901960784314
0.450980392156863
0.443137254901961
0.43921568627451
0.435529411764706
0.431372549019608
0.427450980392157
0.419607843137255
0.419607843137255
0.415686274509804
0.407843137254902
0.407843137254902
0.403921568627451
0.396078431372549
0.392156862745098
0.392156862745098
0.384313725490196
0.376470588235294
0.376470588235294
0.376470588235294
0.372549019607843
0.368627450980392
0.36078431372549
0.36078431372549
0.356862745098039
0.352941176470588
0.345098039215686
0.345098039215686
0.345098039215686
0.341176470588235
0.333333333333333
0.337254901960784
0.329411764705882
0.325490196078431
0.32156862745098
0.32156862745098
0.317647058823529
0.313725490196078
0.309803921568627
0.313725490196078
0.294117647058824
0.286274509803922
