0.415686274509804
0.415686274509804
0.407843137254902
0.407843137254902
0.411764705882353
0.411764705882353
0.407843137254902
0.403921568627451
0.407843137254902
0.384313725490196
0.392156862745098
0.396196078431373
0.396078431372549
0.392156862745098
0.392156862745098
0.388235294117647
0.392156862745098
0.384313725490196
0.388235294117647
0.376470588235294
0.380392156862745
0.372549019607843
0.376470588235294
0.372549019607843
0.368627450980392
0.364705882352941
0.368627450980392
0.364705882352941
0.364705882352941
0.353058823529412
0.356862745098039
0.352941176470588
0.352941176470588
0.349019607843137
0.345098039215686
0.333333333333333
0.341176470588235
0.333333333333333
0.333333333333333
0.321686274509804
0.305882352941176
0.325490196078431
0.325490196078431
0.317647058823529
0.317647058823529
0.313725490196078
0.313725490196078
0.419607843137255
0.415686274509804
0.411764705882353
0.396078431372549
0.411764705882353
0.403921568627451
0.407843137254902
0.403921568627451
0.407843137254902
0.403921568627451
0.392156862745098
0.4
0.4
0.368627450980392
0.392156862745098
0.388235294117647
0.388235294117647
0.380392156862745
0.384313725490196
0.376470588235294
0.376470588235294
0.372549019607843
0.372549019607843
0.364705882352941
0.368627450980392
0.364705882352941
0.364705882352941
0.356980392156863
0.356980392156863
0.352941176470588
0.352941176470588
0.345098039215686
0.345098039215686
0.341176470588235
0.341176470588235
0.333333333333333
0.325490196078431
0.329411764705882
0.325607843137255
0.32156862745098
0.32156862745098
0.313725490196078
0.313725490196078
0.309803921568627
0.309803921568627
0.309803921568627
0.305882352941176
0.419725490196078
0.419607843137255
0.415686274509804
0.415686274509804
0.415686274509804
0.411882352941176
0.407843137254902
0.407843137254902
0.407843137254902
0.403921568627451
0.396078431372549
0.4
0.396078431372549
0.388235294117647
0.388235294117647
0.384313725490196
0.388235294117647
0.380392156862745
0.376588235294118
0.376470588235294
0.372549019607843
0.372549019607843
0.368627450980392
0.36078431372549
0.364705882352941
0.352941176470588
0.356862745098039
0.349019607843137
0.352941176470588
0.345098039215686
0.34521568627451
0.337254901960784
0.341176470588235
0.337254901960784
0.333333333333333
0.329411764705882
0.325490196078431
0.321686274509804
0.325490196078431
0.317647058823529
0.313725490196078
0.313725490196078
0.309803921568627
0.301960784313725
0.301960784313725
0.298039215686275
0.298039215686275
0.415803921568627
0.419607843137255
0.419607843137255
0.419607843137255
0.419607843137255
0.411764705882353
0.411764705882353
0.407843137254902
0.407843137254902
0.392156862745098
0.4
0.392274509803922
0.396078431372549
0.388235294117647
0.388235294117647
0.384313725490196
0.388235294117647
0.380392156862745
0.380392156862745
0.368627450980392
0.376470588235294
0.368627450980392
0.364705882352941
0.36078431372549
0.36078431372549
0.353058823529412
0.356862745098039
0.349019607843137
0.349019607843137
0.341176470588235
0.341176470588235
0.337254901960784
0.337254901960784
0.329411764705882
0.329411764705882
0.325490196078431
0.32156862745098
0.317647058823529
0.317647058823529
0.313725490196078
0.309803921568627
0.305882352941176
0.309803921568627
0.298039215686275
0.298039215686275
0.298039215686275
0.294117647058824
0.423529411764706
0.419607843137255
0.423529411764706
0.423529411764706
0.419607843137255
0.415686274509804
0.415686274509804
0.407843137254902
0.411764705882353
0.407843137254902
0.396078431372549
0.396078431372549
0.4
0.392156862745098
0.392156862745098
0.388235294117647
0.388235294117647
0.376470588235294
0.380392156862745
0.361019607843137
0.368627450980392
0.364705882352941
0.364705882352941
0.364705882352941
0.36078431372549
0.352941176470588
0.352941176470588
0.345098039215686
0.345098039215686
0.341176470588235
0.337254901960784
0.333333333333333
0.333333333333333
0.325490196078431
0.325490196078431
0.317647058823529
0.317647058823529
0.313725490196078
0.309921568627451
0.309803921568627
0.294117647058824
0.302078431372549
0.301960784313725
0.282352941176471
0.294117647058824
0.290196078431373
0.290196078431373
0.431372549019608
0.427450980392157
0.427450980392157
0.423529411764706
0.419607843137255
0.415686274509804
0.419607843137255
0.403921568627451
0.415686274509804
0.407843137254902
0.407843137254902
0.4
0.4
0.396078431372549
0.392156862745098
0.368862745098039
0.388235294117647
0.376470588235294
0.376470588235294
0.372549019607843
0.372549019607843
0.368627450980392
0.364705882352941
0.356862745098039
0.356862745098039
0.349019607843137
0.349019607843137
0.345098039215686
0.341176470588235
0.333333333333333
0.337254901960784
0.329411764705882
0.329411764705882
0.32156862745098
0.32156862745098
0.313725490196078
0.313725490196078
0.309803921568627
0.309803921568627
0.305882352941176
0.301960784313725
0.298039215686275
0.298039215686275
0.286274509803922
0.286274509803922
0.286274509803922
0.282352941176471
0.431372549019608
0.431372549019608
0.431372549019608
0.427450980392157
0.427450980392157
0.419607843137255
0.419607843137255
0.403921568627451
0.415686274509804
0.411764705882353
0.403921568627451
0.400470588235294
0.4
0.392274509803922
0.392156862745098
0.380392156862745
0.384313725490196
0.376470588235294
0.376470588235294
0.364705882352941
0.368627450980392
0.364705882352941
0.364705882352941
0.352941176470588
0.352941176470588
0.345098039215686
0.349019607843137
0.341176470588235
0.341176470588235
0.329529411764706
0.333333333333333
0.325490196078431
0.325490196078431
0.317647058823529
0.32156862745098
0.313725490196078
0.305882352941176
0.301960784313725
0.301960784313725
0.301960784313725
0.298039215686275
0.294117647058824
0.294117647058824
0.286274509803922
0.282470588235294
0.266666666666667
0.266666666666667
0.43921568627451
0.435294117647059
0.435294117647059
0.431372549019608
0.423529411764706
0.419607843137255
0.419607843137255
0.411764705882353
0.415686274509804
0.407843137254902
0.4
0.4
0.4
0.396078431372549
0.384666666666667
0.384313725490196
0.384313725490196
0.376470588235294
0.376470588235294
0.368627450980392
0.368627450980392
0.364705882352941
0.356862745098039
0.34521568627451
0.352941176470588
0.345098039215686
0.345098039215686
0.337372549019608
0.337254901960784
0.329529411764706
0.329411764705882
0.32156862745098
0.321686274509804
0.313725490196078
0.317647058823529
0.309803921568627
0.305882352941176
0.301960784313725
0.305882352941176
0.298039215686275
0.294117647058824
0.290196078431373
0.290196078431373
0.282352941176471
0.282352941176471
0.27843137254902
0.266666666666667
0.439333333333333
0.43921568627451
0.435294117647059
0.431372549019608
0.427450980392157
0.423529411764706
0.419607843137255
0.419607843137255
0.415686274509804
0.407843137254902
0.403921568627451
0.403921568627451
0.4
0.396078431372549
0.388235294117647
0.384313725490196
0.384313725490196
0.376470588235294
0.372549019607843
0.364705882352941
0.368627450980392
0.36078431372549
0.356862745098039
0.349019607843137
0.349019607843137
0.345098039215686
0.341176470588235
0.337254901960784
0.333333333333333
0.329411764705882
0.325490196078431
0.32156862745098
0.32156862745098
0.313725490196078
0.313725490196078
0.305882352941176
0.301960784313725
0.301960784313725
0.301960784313725
0.294117647058824
0.290196078431373
0.290196078431373
0.286274509803922
0.27843137254902
0.27843137254902
0.274509803921569
0.274509803921569
0.43921568627451
0.435294117647059
0.435294117647059
0.427450980392157
0.427450980392157
0.423529411764706
0.423529411764706
0.415686274509804
0.411764705882353
0.407843137254902
0.403921568627451
0.4
0.4
0.353490196078431
0.384313725490196
0.384313725490196
0.384313725490196
0.372549019607843
0.372549019607843
0.364705882352941
0.364705882352941
0.356980392156863
0.356862745098039
0.345098039215686
0.349019607843137
0.337254901960784
0.341176470588235
0.333333333333333
0.333333333333333
0.329411764705882
0.325490196078431
0.317647058823529
0.317647058823529
0.313725490196078
0.309803921568627
0.309803921568627
0.301960784313725
0.290196078431373
0.290313725490196
0.294117647058824
0.290196078431373
0.286274509803922
0.286274509803922
0.270588235294118
0.27843137254902
0.274509803921569
0.274509803921569
0.43921568627451
0.43921568627451
0.435294117647059
0.427450980392157
0.427450980392157
0.423529411764706
0.419725490196078
0.419607843137255
0.415686274509804
0.407843137254902
0.403921568627451
0.403921568627451
0.396078431372549
0.392156862745098
0.384313725490196
0.384313725490196
0.384313725490196
0.372549019607843
0.372549019607843
0.364705882352941
0.368627450980392
0.356862745098039
0.36078431372549
0.345098039215686
0.349019607843137
0.341176470588235
0.337254901960784
0.329411764705882
0.333333333333333
0.325607843137255
0.325490196078431
0.32156862745098
0.317647058823529
0.313725490196078
0.309803921568627
0.305882352941176
0.301960784313725
0.298039215686275
0.298039215686275
0.290196078431373
0.286274509803922
0.286274509803922
0.286274509803922
0.274509803921569
0.27843137254902
0.270705882352941
0.274509803921569
0.43921568627451
0.435294117647059
0.435294117647059
0.431372549019608
0.415686274509804
0.415803921568627
0.419607843137255
0.419607843137255
0.415686274509804
0.407843137254902
0.403921568627451
0.4
0.396196078431373
0.392156862745098
0.388235294117647
0.380392156862745
0.384313725490196
0.372549019607843
0.368627450980392
0.364705882352941
0.368627450980392
0.36078431372549
0.36078431372549
0.349019607843137
0.349019607843137
0.341176470588235
0.341176470588235
0.333333333333333
0.329411764705882
0.329411764705882
0.32156862745098
0.32156862745098
0.317647058823529
0.313725490196078
0.309803921568627
0.305882352941176
0.301960784313725
0.298039215686275
0.298039215686275
0.286274509803922
0.290196078431373
0.286274509803922
0.286274509803922
0.274509803921569
0.27843137254902
0.0676078431372549
0.274509803921569
0.43921568627451
0.435294117647059
0.435294117647059
0.431372549019608
0.431372549019608
0.419607843137255
0.419725490196078
0.415686274509804
0.415686274509804
0.407843137254902
0.403921568627451
0.403921568627451
0.396078431372549
0.392156862745098
0.384313725490196
0.384313725490196
0.380392156862745
0.376470588235294
0.368627450980392
0.364705882352941
0.368627450980392
0.36078431372549
0.349019607843137
0.345098039215686
0.349019607843137
0.341176470588235
0.337254901960784
0.329411764705882
0.329411764705882
0.325490196078431
0.32156862745098
0.317647058823529
0.313725490196078
0.313725490196078
0.305882352941176
0.305882352941176
0.298039215686275
0.298039215686275
0.298039215686275
0.286274509803922
0.286274509803922
0.286274509803922
0.286274509803922
0.27843137254902
0.27843137254902
0.274509803921569
0.274509803921569
0.43921568627451
0.435294117647059
0.431372549019608
0.427450980392157
0.427450980392157
0.419960784313725
0.419607843137255
0.415686274509804
0.415686274509804
0.407843137254902
0.403921568627451
0.403921568627451
0.396196078431373
0.392156862745098
0.384313725490196
0.384313725490196
0.380392156862745
0.376470588235294
0.372549019607843
0.36078431372549
0.368627450980392
0.36078431372549
0.356862745098039
0.345098039215686
0.352941176470588
0.345098039215686
0.337254901960784
0.333333333333333
0.329411764705882
0.325490196078431
0.32156862745098
0.32156862745098
0.317647058823529
0.313725490196078
0.309803921568627
0.305882352941176
0.301960784313725
0.294235294117647
0.298039215686275
0.286392156862745
0.286509803921569
0.286274509803922
0.282470588235294
0.27843137254902
0.282352941176471
0.27843137254902
0.27843137254902
0.435294117647059
0.415686274509804
0.423529411764706
0.415686274509804
0.427450980392157
0.419607843137255
0.419607843137255
0.415686274509804
0.415686274509804
0.407843137254902
0.403921568627451
0.4
0.4
0.392156862745098
0.388235294117647
0.384313725490196
0.380392156862745
0.376470588235294
0.372549019607843
0.364705882352941
0.364705882352941
0.356862745098039
0.356862745098039
0.345098039215686
0.345098039215686
0.345098039215686
0.337254901960784
0.337254901960784
0.329411764705882
0.325607843137255
0.325490196078431
0.317647058823529
0.317647058823529
0.317647058823529
0.313725490196078
0.309803921568627
0.305882352941176
0.301960784313725
0.301960784313725
0.294117647058824
0.290196078431373
0.286274509803922
0.294117647058824
0.282352941176471
0.286274509803922
0.282352941176471
0.282352941176471
0.435294117647059
0.435294117647059
0.427450980392157
0.427450980392157
0.423529411764706
0.419607843137255
0.419607843137255
0.412
0.411764705882353
0.403921568627451
0.403921568627451
0.403921568627451
0.396078431372549
0.392156862745098
0.388235294117647
0.388235294117647
0.380392156862745
0.376470588235294
0.372549019607843
0.364705882352941
0.368627450980392
0.36078431372549
0.356862745098039
0.341176470588235
0.349137254901961
0.345098039215686
0.341176470588235
0.337254901960784
0.337254901960784
0.329411764705882
0.329411764705882
0.325490196078431
0.32156862745098
0.32156862745098
0.313725490196078
0.313725490196078
0.309803921568627
0.305882352941176
0.305882352941176
0.290313725490196
0.298039215686275
0.298039215686275
0.294117647058824
0.290196078431373
0.294117647058824
0.286274509803922
0.282352941176471
0.431372549019608
0.431372549019608
0.427450980392157
0.427450980392157
0.423529411764706
0.415686274509804
0.419607843137255
0.407843137254902
0.411764705882353
0.403921568627451
0.403921568627451
0.4
0.396196078431373
0.396078431372549
0.388235294117647
0.384313725490196
0.380392156862745
0.377294117647059
0.376470588235294
0.368627450980392
0.372549019607843
0.364705882352941
0.36078431372549
0.352941176470588
0.353058823529412
0.349019607843137
0.341176470588235
0.341176470588235
0.337254901960784
0.333333333333333
0.333333333333333
0.329411764705882
0.325490196078431
0.325490196078431
0.313843137254902
0.305882352941176
0.305882352941176
0.309803921568627
0.313725490196078
0.282470588235294
0.305882352941176
0.301960784313725
0.305882352941176
0.294117647058824
0.298039215686275
0.294117647058824
0.294117647058824
0.431372549019608
0.431372549019608
0.427450980392157
0.427450980392157
0.423529411764706
0.419607843137255
0.419607843137255
0.404274509803922
0.411882352941176
0.407843137254902
0.403921568627451
0.403921568627451
0.4
0.396078431372549
0.392156862745098
0.388235294117647
0.388235294117647
0.376470588235294
0.380392156862745
0.372549019607843
0.372549019607843
0.368627450980392
0.36078431372549
0.352941176470588
0.36078431372549
0.349137254901961
0.349019607843137
0.345098039215686
0.341176470588235
0.337254901960784
0.337254901960784
0.337254901960784
0.329411764705882
0.329411764705882
0.329411764705882
0.321686274509804
0.32156862745098
0.317647058823529
0.317647058823529
0.302078431372549
0.309803921568627
0.309803921568627
0.309803921568627
0.301960784313725
0.305882352941176
0.298039215686275
0.298039215686275
0.431372549019608
0.42756862745098
0.427450980392157
0.427450980392157
0.423529411764706
0.419607843137255
0.415686274509804
0.419607843137255
0.415686274509804
0.403921568627451
0.407843137254902
0.403921568627451
0.4
0.4
0.396078431372549
0.392156862745098
0.388235294117647
0.384313725490196
0.380509803921569
0.376470588235294
0.376470588235294
0.372549019607843
0.368627450980392
0.36078431372549
0.364705882352941
0.356862745098039
0.356862745098039
0.349019607843137
0.349019607843137
0.345098039215686
0.345098039215686
0.33
0.337254901960784
0.337254901960784
0.333333333333333
0.333333333333333
0.329411764705882
0.325490196078431
0.329411764705882
0.317647058823529
0.317647058823529
0.317647058823529
0.32156862745098
0.309803921568627
0.313725490196078
0.309803921568627
0.309803921568627
0.43921568627451
0.435294117647059
0.431372549019608
0.431372549019608
0.427450980392157
0.423529411764706
0.423529411764706
0.419607843137255
0.415686274509804
0.411764705882353
0.408078431372549
0.407843137254902
0.400117647058824
0.4
0.388235294117647
0.396078431372549
0.396078431372549
0.388235294117647
0.380509803921569
0.380392156862745
0.384313725490196
0.380392156862745
0.376470588235294
0.364705882352941
0.368627450980392
0.364705882352941
0.364705882352941
0.36078431372549
0.356862745098039
0.352941176470588
0.356862745098039
0.352941176470588
0.349019607843137
0.345098039215686
0.345098039215686
0.345098039215686
0.337254901960784
0.337254901960784
0.337254901960784
0.329411764705882
0.329411764705882
0.329411764705882
0.329411764705882
0.317647058823529
0.32156862745098
0.317647058823529
0.313725490196078
0.443137254901961
0.43921568627451
0.43921568627451
0.43921568627451
0.431372549019608
0.431372549019608
0.427450980392157
0.423529411764706
0.419607843137255
0.419607843137255
0.415686274509804
0.411764705882353
0.411764705882353
0.407843137254902
0.407843137254902
0.403921568627451
0.403921568627451
0.392274509803922
0.396078431372549
0.384313725490196
0.392156862745098
0.388235294117647
0.384313725490196
0.376470588235294
0.376470588235294
0.372549019607843
0.372549019607843
0.368627450980392
0.368627450980392
0.364705882352941
0.364705882352941
0.364705882352941
0.36078431372549
0.356980392156863
0.356862745098039
0.356862745098039
0.349019607843137
0.349019607843137
0.349019607843137
0.342823529411765
0.341176470588235
0.329411764705882
0.341176470588235
0.333333333333333
0.337254901960784
0.333333333333333
0.333333333333333
0.454901960784314
0.454901960784314
0.450980392156863
0.447176470588235
0.443137254901961
0.443137254901961
0.43921568627451
0.43921568627451
0.431372549019608
0.431372549019608
0.427450980392157
0.423529411764706
0.349019607843137
0.419607843137255
0.415686274509804
0.411764705882353
0.407843137254902
0.407843137254902
0.407843137254902
0.4
0.4
0.4
0.396078431372549
0.388235294117647
0.388235294117647
0.388235294117647
0.384313725490196
0.380392156862745
0.380392156862745
0.376470588235294
0.376470588235294
0.372549019607843
0.372549019607843
0.368627450980392
0.368627450980392
0.36078431372549
0.358039215686275
0.341411764705882
0.36078431372549
0.325490196078431
0.352941176470588
0.349019607843137
0.352941176470588
0.333333333333333
0.349019607843137
0.337254901960784
0.345098039215686
