0.490196078431373
0.494117647058824
0.486274509803922
0.490196078431373
0.482352941176471
0.47843137254902
0.474509803921569
0.474156862745098
0.470588235294118
0.462745098039216
0.454901960784314
0.454901960784314
0.450980392156863
0.450980392156863
0.447058823529412
0.43921568627451
0.43921568627451
0.431372549019608
0.431372549019608
0.419607843137255
0.419607843137255
0.407843137254902
0.411764705882353
0.407843137254902
0.403921568627451
0.4
0.396078431372549
0.392156862745098
0.388235294117647
0.380392156862745
0.376470588235294
0.368627450980392
0.368627450980392
0.36078431372549
0.356862745098039
0.345098039215686
0.345098039215686
0.337254901960784
0.337254901960784
0.325490196078431
0.325490196078431
0.32156862745098
0.317647058823529
0.305882352941176
0.305882352941176
0.301960784313725
0.298039215686275
0.294117647058824
0.49756862745098
0.498039215686275
0.489843137254902
0.490196078431373
0.482352941176471
0.47843137254902
0.474509803921569
0.470588235294118
0.470588235294118
0.462745098039216
0.458823529411765
0.458823529411765
0.450980392156863
0.447058823529412
0.443137254901961
0.43921568627451
0.435294117647059
0.431372549019608
0.427450980392157
0.415686274509804
0.419137254901961
0.407843137254902
0.407843137254902
0.4
0.4
0.392156862745098
0.388235294117647
0.380392156862745
0.380392156862745
0.372549019607843
0.368627450980392
0.356862745098039
0.356862745098039
0.349019607843137
0.349019607843137
0.337254901960784
0.333333333333333
0.329411764705882
0.329058823529412
0.317647058823529
0.313725490196078
0.309803921568627
0.305882352941176
0.294117647058824
0.294117647058824
0.290196078431373
0.282352941176471
0.27843137254902
0.498039215686275
0.498039215686275
0.490196078431373
0.490196078431373
0.486274509803922
0.482352941176471
0.474509803921569
0.474509803921569
0.474509803921569
0.462745098039216
0.458823529411765
0.454901960784314
0.450980392156863
0.443137254901961
0.43921568627451
0.435294117647059
0.431372549019608
0.423529411764706
0.423529411764706
0.411764705882353
0.411764705882353
0.403921568627451
0.403921568627451
0.395725490196078
0.392156862745098
0.384313725490196
0.384313725490196
0.372549019607843
0.372549019607843
0.36078431372549
0.356862745098039
0.349019607843137
0.349019607843137
0.341176470588235
0.337254901960784
0.329411764705882
0.325490196078431
0.317647058823529
0.317647058823529
0.309803921568627
0.305882352941176
0.298039215686275
0.298039215686275
0.282352941176471
0.282352941176471
0.27843137254902
0.274509803921569
0.266666666666667
0.498039215686275
0.498039215686275
0.490196078431373
0.494117647058824
0.490196078431373
0.485803921568627
0.47843137254902
0.478078431372549
0.474509803921569
0.462745098039216
0.458823529411765
0.450980392156863
0.450980392156863
0.443137254901961
0.43921568627451
0.431372549019608
0.434941176470588
0.423529411764706
0.423529411764706
0.411764705882353
0.411764705882353
0.403450980392157
0.399647058823529
0.391686274509804
0.384313725490196
0.376470588235294
0.372549019607843
0.364705882352941
0.364705882352941
0.352941176470588
0.349019607843137
0.341176470588235
0.341176470588235
0.332862745098039
0.329411764705882
0.32156862745098
0.317647058823529
0.313725490196078
0.309803921568627
0.298039215686275
0.298039215686275
0.290196078431373
0.286274509803922
0.274509803921569
0.274509803921569
0.270588235294118
0.266666666666667
0.258823529411765
0.501960784313725
0.501607843137255
0.498039215686275
0.501960784313725
0.493647058823529
0.490196078431373
0.482352941176471
0.47843137254902
0.474509803921569
0.466666666666667
0.462745098039216
0.454901960784314
0.450980392156863
0.443137254901961
0.443137254901961
0.435294117647059
0.431372549019608
0.423529411764706
0.419607843137255
0.407843137254902
0.407843137254902
0.4
0.396078431372549
0.388235294117647
0.384313725490196
0.376470588235294
0.372549019607843
0.36078431372549
0.356862745098039
0.349019607843137
0.345098039215686
0.333333333333333
0.337254901960784
0.325490196078431
0.325490196078431
0.313725490196078
0.309803921568627
0.301960784313725
0.301960784313725
0.294117647058824
0.286274509803922
0.282352941176471
0.27843137254902
0.266666666666667
0.266666666666667
0.258823529411765
0.258823529411765
0.254901960784314
0.509803921568627
0.509803921568627
0.501960784313725
0.505882352941176
0.497686274509804
0.494117647058824
0.486274509803922
0.482352941176471
0.47843137254902
0.466666666666667
0.466666666666667
0.454901960784314
0.454901960784314
0.443137254901961
0.43921568627451
0.434823529411765
0.431372549019608
0.419607843137255
0.415686274509804
0.403921568627451
0.403921568627451
0.399647058823529
0.392156862745098
0.380392156862745
0.380039215686275
0.368627450980392
0.364705882352941
0.356862745098039
0.352941176470588
0.341176470588235
0.337254901960784
0.329411764705882
0.329411764705882
0.317647058823529
0.317647058823529
0.305882352941176
0.301960784313725
0.294117647058824
0.294117647058824
0.286274509803922
0.27843137254902
0.274509803921569
0.274509803921569
0.258823529411765
0.254901960784314
0.250980392156863
0.250980392156863
0.243137254901961
0.513725490196078
0.517294117647059
0.505882352941176
0.509803921568627
0.501960784313725
0.498039215686275
0.486274509803922
0.482352941176471
0.47843137254902
0.470588235294118
0.466313725490196
0.458823529411765
0.454901960784314
0.443137254901961
0.43921568627451
0.431372549019608
0.431372549019608
0.415686274509804
0.411764705882353
0.4
0.4
0.392156862745098
0.388235294117647
0.372549019607843
0.372549019607843
0.364705882352941
0.36078431372549
0.352941176470588
0.349019607843137
0.337254901960784
0.333333333333333
0.325490196078431
0.32156862745098
0.309803921568627
0.309803921568627
0.298039215686275
0.294117647058824
0.290196078431373
0.286274509803922
0.27843137254902
0.274509803921569
0.270588235294118
0.266666666666667
0.250980392156863
0.247058823529412
0.243137254901961
0.243137254901961
0.23921568627451
0.517647058823529
0.517647058823529
0.513725490196078
0.509803921568627
0.501960784313725
0.494117647058824
0.486274509803922
0.482352941176471
0.47843137254902
0.470588235294118
0.458823529411765
0.458823529411765
0.454901960784314
0.443137254901961
0.43921568627451
0.427450980392157
0.427450980392157
0.411764705882353
0.411764705882353
0.396078431372549
0.396078431372549
0.391803921568627
0.384313725490196
0.372196078431373
0.364705882352941
0.36078431372549
0.356862745098039
0.345098039215686
0.341176470588235
0.333333333333333
0.329411764705882
0.317647058823529
0.317647058823529
0.301960784313725
0.301960784313725
0.294117647058824
0.290196078431373
0.282352941176471
0.282352941176471
0.274509803921569
0.266666666666667
0.262745098039216
0.258823529411765
0.243137254901961
0.243137254901961
0.235294117647059
0.235294117647059
0.231372549019608
0.517647058823529
0.517647058823529
0.509803921568627
0.505882352941176
0.501960784313725
0.494117647058824
0.486274509803922
0.485921568627451
0.474509803921569
0.466666666666667
0.458823529411765
0.454901960784314
0.450509803921569
0.443137254901961
0.431372549019608
0.423529411764706
0.423529411764706
0.407843137254902
0.407843137254902
0.392156862745098
0.392156862745098
0.384313725490196
0.380039215686275
0.364352941176471
0.36078431372549
0.356862745098039
0.352941176470588
0.344627450980392
0.337254901960784
0.329411764705882
0.325490196078431
0.313725490196078
0.313725490196078
0.301960784313725
0.301960784313725
0.290196078431373
0.286274509803922
0.27843137254902
0.27843137254902
0.270588235294118
0.262745098039216
0.258823529411765
0.254901960784314
0.235294117647059
0.235294117647059
0.231372549019608
0.231372549019608
0.227450980392157
0.513725490196078
0.517176470588235
0.509803921568627
0.505882352941176
0.498039215686275
0.494117647058824
0.486274509803922
0.486274509803922
0.47843137254902
0.466666666666667
0.462745098039216
0.454901960784314
0.450980392156863
0.44278431372549
0.431372549019608
0.423529411764706
0.423529411764706
0.407843137254902
0.403921568627451
0.392156862745098
0.392156862745098
0.380392156862745
0.376470588235294
0.36078431372549
0.356862745098039
0.352941176470588
0.349019607843137
0.337254901960784
0.333333333333333
0.325490196078431
0.32156862745098
0.309803921568627
0.309803921568627
0.298039215686275
0.298039215686275
0.290196078431373
0.27843137254902
0.274509803921569
0.270588235294118
0.262745098039216
0.254901960784314
0.254901960784314
0.247058823529412
0.231372549019608
0.231372549019608
0.227450980392157
0.223529411764706
0.219607843137255
0.509803921568627
0.513725490196078
0.505882352941176
0.509803921568627
0.498039215686275
0.490196078431373
0.47843137254902
0.482352941176471
0.474509803921569
0.462745098039216
0.454901960784314
0.450980392156863
0.447058823529412
0.435294117647059
0.427450980392157
0.419607843137255
0.419607843137255
0.403921568627451
0.4
0.392156862745098
0.388235294117647
0.376470588235294
0.372549019607843
0.356862745098039
0.352941176470588
0.349019607843137
0.345098039215686
0.329411764705882
0.325490196078431
0.32156862745098
0.313725490196078
0.309803921568627
0.305882352941176
0.298039215686275
0.294117647058824
0.286274509803922
0.274509803921569
0.270588235294118
0.266666666666667
0.258823529411765
0.250980392156863
0.247058823529412
0.243137254901961
0.231372549019608
0.230901960784314
0.227450980392157
0.223176470588235
0.215686274509804
0.509803921568627
0.513725490196078
0.501960784313725
0.505882352941176
0.494117647058824
0.490196078431373
0.482352941176471
0.477960784313726
0.466666666666667
0.458823529411765
0.450980392156863
0.450980392156863
0.443137254901961
0.431372549019608
0.423529411764706
0.419607843137255
0.415686274509804
0.407843137254902
0.4
0.384313725490196
0.384313725490196
0.380039215686275
0.372549019607843
0.352941176470588
0.349019607843137
0.352588235294118
0.345098039215686
0.329411764705882
0.325490196078431
0.317647058823529
0.309803921568627
0.305882352941176
0.305882352941176
0.294117647058824
0.289843137254902
0.282352941176471
0.270588235294118
0.266666666666667
0.266666666666667
0.254549019607843
0.250980392156863
0.247058823529412
0.243137254901961
0.231372549019608
0.231372549019608
0.223529411764706
0.223529411764706
0.219607843137255
0.505882352941176
0.505882352941176
0.501960784313725
0.501960784313725
0.494117647058824
0.490196078431373
0.474509803921569
0.470588235294118
0.466666666666667
0.462745098039216
0.447058823529412
0.447058823529412
0.443137254901961
0.435294117647059
0.423529411764706
0.415686274509804
0.415686274509804
0.407843137254902
0.4
0.383960784313725
0.380392156862745
0.376470588235294
0.372549019607843
0.352941176470588
0.349019607843137
0.349019607843137
0.341176470588235
0.329411764705882
0.32156862745098
0.32156862745098
0.313725490196078
0.305882352941176
0.301960784313725
0.290196078431373
0.286274509803922
0.27843137254902
0.266666666666667
0.262745098039216
0.262745098039216
0.250980392156863
0.247058823529412
0.247058823529412
0.243137254901961
0.231372549019608
0.231372549019608
0.223529411764706
0.223529411764706
0.215686274509804
0.501960784313725
0.501960784313725
0.494117647058824
0.494117647058824
0.490196078431373
0.486274509803922
0.470588235294118
0.470588235294118
0.462745098039216
0.458823529411765
0.447058823529412
0.447058823529412
0.435294117647059
0.431019607843137
0.423529411764706
0.411764705882353
0.411764705882353
0.403921568627451
0.396078431372549
0.380392156862745
0.376470588235294
0.376
0.368627450980392
0.352941176470588
0.349019607843137
0.348666666666667
0.337254901960784
0.329058823529412
0.32156862745098
0.317647058823529
0.309803921568627
0.301960784313725
0.301960784313725
0.294117647058824
0.285921568627451
0.27843137254902
0.270588235294118
0.266666666666667
0.262745098039216
0.250980392156863
0.247058823529412
0.247058823529412
0.243137254901961
0.231372549019608
0.231372549019608
0.227450980392157
0.227450980392157
0.219254901960784
0.494117647058824
0.494117647058824
0.490196078431373
0.490196078431373
0.47843137254902
0.47843137254902
0.466666666666667
0.466313725490196
0.458823529411765
0.454901960784314
0.443137254901961
0.443137254901961
0.43921568627451
0.427450980392157
0.419607843137255
0.411764705882353
0.407843137254902
0.40356862745098
0.396078431372549
0.376470588235294
0.376470588235294
0.372549019607843
0.368627450980392
0.352941176470588
0.345098039215686
0.344745098039216
0.337254901960784
0.329411764705882
0.32156862745098
0.32121568627451
0.313372549019608
0.305411764705882
0.301960784313725
0.294117647058824
0.286274509803922
0.27843137254902
0.270588235294118
0.270235294117647
0.266666666666667
0.254901960784314
0.250980392156863
0.250627450980392
0.247058823529412
0.231372549019608
0.231372549019608
0.231372549019608
0.227450980392157
0.223529411764706
0.486274509803922
0.490196078431373
0.485921568627451
0.482352941176471
0.470588235294118
0.470588235294118
0.462745098039216
0.462745098039216
0.454901960784314
0.450980392156863
0.43921568627451
0.43921568627451
0.431372549019608
0.427098039215686
0.415686274509804
0.407843137254902
0.407843137254902
0.4
0.392156862745098
0.376470588235294
0.372549019607843
0.376117647058824
0.368627450980392
0.349019607843137
0.345098039215686
0.349019607843137
0.337254901960784
0.329411764705882
0.32156862745098
0.32121568627451
0.309803921568627
0.305882352941176
0.301960784313725
0.298039215686275
0.290196078431373
0.286274509803922
0.274509803921569
0.270588235294118
0.270588235294118
0.258823529411765
0.254901960784314
0.254901960784314
0.250980392156863
0.23921568627451
0.235294117647059
0.235294117647059
0.235294117647059
0.230901960784314
0.482352941176471
0.486274509803922
0.47843137254902
0.47843137254902
0.474039215686274
0.466666666666667
0.458823529411765
0.454901960784314
0.450980392156863
0.447058823529412
0.43921568627451
0.435294117647059
0.431372549019608
0.419607843137255
0.419607843137255
0.411764705882353
0.407843137254902
0.396078431372549
0.392156862745098
0.376470588235294
0.372549019607843
0.372196078431373
0.364705882352941
0.352941176470588
0.345098039215686
0.349019607843137
0.341176470588235
0.329411764705882
0.32156862745098
0.32156862745098
0.313725490196078
0.313725490196078
0.305882352941176
0.301960784313725
0.294117647058824
0.286274509803922
0.27843137254902
0.274509803921569
0.274509803921569
0.266196078431373
0.258823529411765
0.262274509803922
0.254901960784314
0.247058823529412
0.243137254901961
0.243137254901961
0.23921568627451
0.235294117647059
0.47843137254902
0.482352941176471
0.474509803921569
0.470588235294118
0.466666666666667
0.462745098039216
0.458823529411765
0.454901960784314
0.450980392156863
0.443137254901961
0.435294117647059
0.435294117647059
0.431372549019608
0.419607843137255
0.415686274509804
0.407843137254902
0.407843137254902
0.403921568627451
0.392156862745098
0.380039215686275
0.376470588235294
0.372549019607843
0.364705882352941
0.36043137254902
0.345098039215686
0.352941176470588
0.345098039215686
0.333333333333333
0.325490196078431
0.325019607843137
0.317647058823529
0.313725490196078
0.309803921568627
0.305882352941176
0.301960784313725
0.298039215686275
0.286274509803922
0.282352941176471
0.282352941176471
0.270588235294118
0.266666666666667
0.266666666666667
0.266313725490196
0.250980392156863
0.250980392156863
0.250980392156863
0.247058823529412
0.243137254901961
0.47843137254902
0.482352941176471
0.474509803921569
0.470588235294118
0.466666666666667
0.462745098039216
0.454901960784314
0.454901960784314
0.450980392156863
0.443137254901961
0.43921568627451
0.435294117647059
0.431372549019608
0.419607843137255
0.419607843137255
0.411764705882353
0.407843137254902
0.403921568627451
0.396078431372549
0.383960784313725
0.380392156862745
0.376470588235294
0.368627450980392
0.360313725490196
0.352941176470588
0.356862745098039
0.349019607843137
0.345098039215686
0.337254901960784
0.333333333333333
0.325490196078431
0.32156862745098
0.317647058823529
0.309803921568627
0.309803921568627
0.301960784313725
0.297686274509804
0.294117647058824
0.290196078431373
0.286274509803922
0.274509803921569
0.27843137254902
0.270588235294118
0.262745098039216
0.258823529411765
0.262745098039216
0.258823529411765
0.254901960784314
0.482352941176471
0.482352941176471
0.474509803921569
0.470588235294118
0.470588235294118
0.466666666666667
0.458823529411765
0.454901960784314
0.450980392156863
0.447058823529412
0.43921568627451
0.435294117647059
0.431372549019608
0.419607843137255
0.419607843137255
0.419254901960784
0.407843137254902
0.407843137254902
0.4
0.388235294117647
0.384313725490196
0.384313725490196
0.376470588235294
0.368627450980392
0.356862745098039
0.364235294117647
0.356862745098039
0.352941176470588
0.345098039215686
0.345098039215686
0.337254901960784
0.333333333333333
0.329411764705882
0.325490196078431
0.32156862745098
0.313725490196078
0.305882352941176
0.305882352941176
0.301960784313725
0.298039215686275
0.286274509803922
0.290196078431373
0.286274509803922
0.274509803921569
0.270588235294118
0.270588235294118
0.270588235294118
0.262745098039216
0.486274509803922
0.490196078431373
0.482352941176471
0.47843137254902
0.474509803921569
0.466666666666667
0.458823529411765
0.458823529411765
0.454901960784314
0.450980392156863
0.447058823529412
0.43921568627451
0.431372549019608
0.431372549019608
0.423529411764706
0.423529411764706
0.415686274509804
0.415686274509804
0.403921568627451
0.396078431372549
0.388235294117647
0.392156862745098
0.384313725490196
0.380392156862745
0.364705882352941
0.372549019607843
0.364705882352941
0.36078431372549
0.352941176470588
0.356862745098039
0.349019607843137
0.345098039215686
0.341176470588235
0.336901960784314
0.333333333333333
0.325490196078431
0.32156862745098
0.317647058823529
0.317647058823529
0.313725490196078
0.301960784313725
0.301960784313725
0.298039215686275
0.290196078431373
0.286274509803922
0.286274509803922
0.286274509803922
0.282
0.498039215686275
0.501960784313725
0.498039215686275
0.494117647058824
0.490196078431373
0.486274509803922
0.474509803921569
0.474509803921569
0.466666666666667
0.462745098039216
0.458823529411765
0.454901960784314
0.443137254901961
0.443137254901961
0.43921568627451
0.435294117647059
0.423529411764706
0.423529411764706
0.415686274509804
0.411764705882353
0.403921568627451
0.403921568627451
0.396078431372549
0.396078431372549
0.380392156862745
0.384313725490196
0.380392156862745
0.368627450980392
0.364705882352941
0.364705882352941
0.36078431372549
0.356862745098039
0.349019607843137
0.349019607843137
0.345098039215686
0.341176470588235
0.329411764705882
0.325490196078431
0.329411764705882
0.32156862745098
0.313725490196078
0.317647058823529
0.313725490196078
0.305882352941176
0.301960784313725
0.298039215686275
0.298039215686275
0.294117647058824
