0.392156862745098
0.407843137254902
0.407843137254902
0.411764705882353
0.423529411764706
0.427450980392157
0.427450980392157
0.435294117647059
0.43921568627451
0.443137254901961
0.443137254901961
0.447058823529412
0.450980392156863
0.458823529411765
0.462745098039216
0.466666666666667
0.470588235294118
0.47843137254902
0.482352941176471
0.482352941176471
0.482352941176471
0.490196078431373
0.490196078431373
0.501960784313725
0.505882352941176
0.509803921568627
0.509803921568627
0.517647058823529
0.521333333333333
0.525490196078431
0.529411764705882
0.529411764705882
0.537254901960784
0.537254901960784
0.537254901960784
0.541176470588235
0.541176470588235
0.545098039215686
0.552941176470588
0.552941176470588
0.56078431372549
0.56078431372549
0.564705882352941
0.568627450980392
0.572549019607843
0.580392156862745
0.580392156862745
0.588235294117647
0.403921568627451
0.411764705882353
0.411764705882353
0.411764705882353
0.423529411764706
0.427333333333333
0.427450980392157
0.43921568627451
0.43921568627451
0.443137254901961
0.447058823529412
0.450980392156863
0.458823529411765
0.458823529411765
0.46643137254902
0.466666666666667
0.466666666666667
0.474509803921569
0.482352941176471
0.47843137254902
0.486274509803922
0.486274509803922
0.494117647058824
0.498039215686275
0.498039215686275
0.505882352941176
0.509803921568627
0.509803921568627
0.513725490196078
0.517647058823529
0.52156862745098
0.52156862745098
0.529411764705882
0.529411764705882
0.533333333333333
0.533333333333333
0.541176470588235
0.541176470588235
0.549019607843137
0.549019607843137
0.552941176470588
0.556745098039216
0.56078431372549
0.56078431372549
0.564705882352941
0.568627450980392
0.568627450980392
0.576470588235294
0.396078431372549
0.411764705882353
0.407843137254902
0.415686274509804
0.423529411764706
0.427450980392157
0.427450980392157
0.435294117647059
0.43921568627451
0.447058823529412
0.447058823529412
0.450862745098039
0.450980392156863
0.458823529411765
0.458823529411765
0.462745098039216
0.470588235294118
0.470588235294118
0.47843137254902
0.474509803921569
0.47843137254902
0.486274509803922
0.486274509803922
0.490196078431373
0.494117647058824
0.498039215686275
0.498039215686275
0.501960784313725
0.501960784313725
0.509803921568627
0.509803921568627
0.513725490196078
0.517647058823529
0.52156862745098
0.52156862745098
0.525490196078431
0.529411764705882
0.533333333333333
0.537254901960784
0.541176470588235
0.545098039215686
0.545098039215686
0.552941176470588
0.549019607843137
0.549019607843137
0.56078431372549
0.56078431372549
0.568627450980392
0.4
0.411764705882353
0.411764705882353
0.419607843137255
0.427450980392157
0.431372549019608
0.431372549019608
0.43921568627451
0.443137254901961
0.447058823529412
0.443137254901961
0.450980392156863
0.450980392156863
0.458823529411765
0.458823529411765
0.466666666666667
0.470588235294118
0.470588235294118
0.474509803921569
0.474509803921569
0.474509803921569
0.482352941176471
0.486274509803922
0.486274509803922
0.490078431372549
0.490196078431373
0.494117647058824
0.498039215686275
0.498039215686275
0.501960784313725
0.501960784313725
0.509803921568627
0.517647058823529
0.517647058823529
0.517647058823529
0.52156862745098
0.525490196078431
0.525490196078431
0.53321568627451
0.533333333333333
0.537254901960784
0.541176470588235
0.545098039215686
0.545098039215686
0.544980392156863
0.552941176470588
0.552941176470588
0.56078431372549
0.411764705882353
0.411764705882353
0.415686274509804
0.427450980392157
0.431372549019608
0.431372549019608
0.435294117647059
0.43921568627451
0.447058823529412
0.447058823529412
0.447058823529412
0.450980392156863
0.454901960784314
0.458823529411765
0.462745098039216
0.462745098039216
0.466666666666667
0.470588235294118
0.474509803921569
0.474509803921569
0.474509803921569
0.482352941176471
0.482352941176471
0.486274509803922
0.490196078431373
0.490196078431373
0.498039215686275
0.494117647058824
0.498039215686275
0.498039215686275
0.501960784313725
0.501960784313725
0.505882352941176
0.509803921568627
0.513725490196078
0.513725490196078
0.517647058823529
0.52156862745098
0.52156862745098
0.529411764705882
0.529411764705882
0.529411764705882
0.537254901960784
0.541176470588235
0.537254901960784
0.545098039215686
0.545098039215686
0.552941176470588
0.407843137254902
0.419607843137255
0.419607843137255
0.431372549019608
0.431372549019608
0.431372549019608
0.435294117647059
0.43921568627451
0.443137254901961
0.447058823529412
0.447058823529412
0.454901960784314
0.454901960784314
0.458823529411765
0.462745098039216
0.462745098039216
0.466666666666667
0.470352941176471
0.466666666666667
0.466666666666667
0.470588235294118
0.47843137254902
0.47843137254902
0.482352941176471
0.482352941176471
0.486274509803922
0.486274509803922
0.490196078431373
0.490196078431373
0.494117647058824
0.498039215686275
0.501960784313725
0.505882352941176
0.501960784313725
0.505882352941176
0.509803921568627
0.513725490196078
0.513725490196078
0.517647058823529
0.52156862745098
0.52156862745098
0.525490196078431
0.533333333333333
0.529411764705882
0.529411764705882
0.541176470588235
0.541176470588235
0.545098039215686
0.411764705882353
0.423411764705882
0.423529411764706
0.427450980392157
0.431372549019608
0.435294117647059
0.435294117647059
0.443137254901961
0.447058823529412
0.450980392156863
0.450980392156863
0.450980392156863
0.454901960784314
0.458823529411765
0.458823529411765
0.462745098039216
0.458823529411765
0.466666666666667
0.462745098039216
0.466666666666667
0.466549019607843
0.474509803921569
0.474509803921569
0.474509803921569
0.474509803921569
0.482352941176471
0.482352941176471
0.486274509803922
0.486274509803922
0.490196078431373
0.490196078431373
0.494117647058824
0.494117647058824
0.498039215686275
0.498039215686275
0.501960784313725
0.501960784313725
0.509803921568627
0.513725490196078
0.517647058823529
0.517647058823529
0.52156862745098
0.525490196078431
0.529411764705882
0.529411764705882
0.533333333333333
0.533333333333333
0.541176470588235
0.411764705882353
0.423529411764706
0.427450980392157
0.431372549019608
0.435294117647059
0.435294117647059
0.435294117647059
0.443137254901961
0.447058823529412
0.447058823529412
0.447058823529412
0.450980392156863
0.454901960784314
0.454666666666667
0.454901960784314
0.458823529411765
0.458823529411765
0.462745098039216
0.462745098039216
0.462745098039216
0.466666666666667
0.470588235294118
0.470588235294118
0.470588235294118
0.470588235294118
0.47843137254902
0.482352941176471
0.482352941176471
0.486274509803922
0.486274509803922
0.490196078431373
0.490196078431373
0.490196078431373
0.494117647058824
0.494117647058824
0.498039215686275
0.498039215686275
0.505882352941176
0.509803921568627
0.513725490196078
0.513725490196078
0.513725490196078
0.52156862745098
0.52156862745098
0.517647058823529
0.529411764705882
0.529411764705882
0.533333333333333
0.411764705882353
0.419607843137255
0.423529411764706
0.431372549019608
0.431372549019608
0.435294117647059
0.431372549019608
0.443137254901961
0.443137254901961
0.447058823529412
0.447058823529412
0.447058823529412
0.454901960784314
0.454901960784314
0.454901960784314
0.454901960784314
0.454901960784314
0.458823529411765
0.458823529411765
0.458823529411765
0.458823529411765
0.466666666666667
0.466666666666667
0.470588235294118
0.466666666666667
0.474509803921569
0.474509803921569
0.47843137254902
0.482352941176471
0.482352941176471
0.482352941176471
0.486274509803922
0.490196078431373
0.490196078431373
0.490196078431373
0.498039215686275
0.497921568627451
0.501960784313725
0.501960784313725
0.509803921568627
0.509803921568627
0.509803921568627
0.517647058823529
0.521333333333333
0.513490196078431
0.525490196078431
0.525490196078431
0.533333333333333
0.415686274509804
0.419607843137255
0.423529411764706
0.431137254901961
0.431372549019608
0.435294117647059
0.435294117647059
0.443137254901961
0.443137254901961
0.443137254901961
0.443137254901961
0.447058823529412
0.450980392156863
0.450980392156863
0.450980392156863
0.454901960784314
0.458823529411765
0.454901960784314
0.458823529411765
0.458823529411765
0.458823529411765
0.462745098039216
0.462745098039216
0.462745098039216
0.462745098039216
0.470588235294118
0.474509803921569
0.474509803921569
0.47843137254902
0.482235294117647
0.47843137254902
0.486039215686275
0.482352941176471
0.486274509803922
0.490196078431373
0.494117647058824
0.494117647058824
0.494117647058824
0.498039215686275
0.505882352941176
0.505882352941176
0.509803921568627
0.509803921568627
0.517647058823529
0.509803921568627
0.52156862745098
0.52156862745098
0.525490196078431
0.407843137254902
0.415686274509804
0.419607843137255
0.427450980392157
0.427450980392157
0.431372549019608
0.431254901960784
0.43921568627451
0.43921568627451
0.443137254901961
0.43921568627451
0.447058823529412
0.450980392156863
0.450980392156863
0.450980392156863
0.450980392156863
0.458823529411765
0.450980392156863
0.458823529411765
0.454901960784314
0.462745098039216
0.462745098039216
0.462745098039216
0.458823529411765
0.462745098039216
0.470588235294118
0.470588235294118
0.470588235294118
0.470588235294118
0.474509803921569
0.47843137254902
0.482352941176471
0.482352941176471
0.486274509803922
0.490196078431373
0.490196078431373
0.490196078431373
0.494117647058824
0.498039215686275
0.498039215686275
0.501960784313725
0.505882352941176
0.509803921568627
0.509803921568627
0.509803921568627
0.52156862745098
0.517647058823529
0.525490196078431
0.411764705882353
0.415686274509804
0.419607843137255
0.427450980392157
0.427450980392157
0.427450980392157
0.431372549019608
0.435294117647059
0.435294117647059
0.43921568627451
0.43921568627451
0.443137254901961
0.447058823529412
0.447058823529412
0.447058823529412
0.447058823529412
0.450980392156863
0.450980392156863
0.454901960784314
0.454901960784314
0.450980392156863
0.462745098039216
0.462745098039216
0.458823529411765
0.466666666666667
0.466666666666667
0.466666666666667
0.470588235294118
0.470588235294118
0.474509803921569
0.474509803921569
0.47843137254902
0.482352941176471
0.482352941176471
0.486274509803922
0.486274509803922
0.490196078431373
0.490196078431373
0.494117647058824
0.498039215686275
0.501960784313725
0.505882352941176
0.509803921568627
0.509803921568627
0.513725490196078
0.517647058823529
0.517647058823529
0.525490196078431
0.407843137254902
0.415686274509804
0.415686274509804
0.419607843137255
0.423529411764706
0.427450980392157
0.427450980392157
0.431372549019608
0.435294117647059
0.435294117647059
0.435294117647059
0.443137254901961
0.447058823529412
0.443137254901961
0.443137254901961
0.447058823529412
0.454901960784314
0.450980392156863
0.450980392156863
0.450980392156863
0.454901960784314
0.458823529411765
0.458823529411765
0.454901960784314
0.458823529411765
0.466666666666667
0.466666666666667
0.466666666666667
0.470588235294118
0.470588235294118
0.474509803921569
0.474509803921569
0.482352941176471
0.482352941176471
0.486274509803922
0.486274509803922
0.490196078431373
0.486274509803922
0.494117647058824
0.494117647058824
0.498039215686275
0.505882352941176
0.509803921568627
0.509803921568627
0.517647058823529
0.517647058823529
0.525490196078431
0.525490196078431
0.396078431372549
0.403921568627451
0.411764705882353
0.415686274509804
0.419607843137255
0.423529411764706
0.423529411764706
0.431372549019608
0.431372549019608
0.431372549019608
0.431372549019608
0.43921568627451
0.443137254901961
0.443137254901961
0.443137254901961
0.447058823529412
0.450980392156863
0.447058823529412
0.447058823529412
0.450980392156863
0.447058823529412
0.458823529411765
0.458823529411765
0.458588235294118
0.450980392156863
0.466666666666667
0.466666666666667
0.466666666666667
0.466666666666667
0.474509803921569
0.47843137254902
0.47843137254902
0.482352941176471
0.482352941176471
0.482352941176471
0.482352941176471
0.486274509803922
0.486274509803922
0.494117647058824
0.497921568627451
0.498039215686275
0.505882352941176
0.505882352941176
0.509803921568627
0.509803921568627
0.52156862745098
0.52156862745098
0.529411764705882
0.392156862745098
0.403921568627451
0.407843137254902
0.411764705882353
0.415686274509804
0.419607843137255
0.419607843137255
0.427450980392157
0.427450980392157
0.431372549019608
0.431372549019608
0.435294117647059
0.43921568627451
0.43921568627451
0.43921568627451
0.443137254901961
0.443137254901961
0.447058823529412
0.447058823529412
0.447058823529412
0.454901960784314
0.454901960784314
0.458823529411765
0.454901960784314
0.450980392156863
0.466666666666667
0.466666666666667
0.466666666666667
0.466666666666667
0.474509803921569
0.474509803921569
0.474509803921569
0.482352941176471
0.482352941176471
0.482352941176471
0.482352941176471
0.490196078431373
0.486274509803922
0.498039215686275
0.498039215686275
0.498039215686275
0.505882352941176
0.509803921568627
0.513725490196078
0.517647058823529
0.525490196078431
0.525490196078431
0.529411764705882
0.384313725490196
0.396078431372549
0.403921568627451
0.403921568627451
0.411764705882353
0.415686274509804
0.411764705882353
0.423529411764706
0.423529411764706
0.427450980392157
0.427450980392157
0.431372549019608
0.431372549019608
0.43921568627451
0.43921568627451
0.43921568627451
0.443137254901961
0.447058823529412
0.447058823529412
0.447058823529412
0.454901960784314
0.454901960784314
0.458823529411765
0.450980392156863
0.450980392156863
0.466666666666667
0.462745098039216
0.466666666666667
0.466666666666667
0.474509803921569
0.474509803921569
0.474509803921569
0.482352941176471
0.482352941176471
0.486274509803922
0.486274509803922
0.490196078431373
0.498039215686275
0.494117647058824
0.501960784313725
0.501960784313725
0.509803921568627
0.513725490196078
0.517647058823529
0.513725490196078
0.525490196078431
0.525490196078431
0.529411764705882
0.380392156862745
0.392156862745098
0.4
0.4
0.407843137254902
0.411764705882353
0.411764705882353
0.419607843137255
0.419607843137255
0.423529411764706
0.423529411764706
0.431372549019608
0.435294117647059
0.435294117647059
0.435294117647059
0.43921568627451
0.443137254901961
0.447058823529412
0.447058823529412
0.443137254901961
0.443137254901961
0.454901960784314
0.454901960784314
0.454901960784314
0.450980392156863
0.462745098039216
0.466666666666667
0.466666666666667
0.470588235294118
0.474509803921569
0.474509803921569
0.47843137254902
0.482352941176471
0.482352941176471
0.490196078431373
0.490196078431373
0.490196078431373
0.494117647058824
0.501960784313725
0.509803921568627
0.501960784313725
0.509803921568627
0.513490196078431
0.52156862745098
0.517647058823529
0.533333333333333
0.529411764705882
0.537254901960784
0.376470588235294
0.388235294117647
0.392156862745098
0.396078431372549
0.403921568627451
0.407843137254902
0.411764705882353
0.415686274509804
0.415686274509804
0.423529411764706
0.423529411764706
0.427450980392157
0.431372549019608
0.435294117647059
0.435294117647059
0.43921568627451
0.443137254901961
0.447058823529412
0.447058823529412
0.447058823529412
0.447058823529412
0.454901960784314
0.454901960784314
0.454901960784314
0.454901960784314
0.466666666666667
0.470588235294118
0.470588235294118
0.470588235294118
0.474509803921569
0.47843137254902
0.482352941176471
0.486274509803922
0.490196078431373
0.494117647058824
0.498039215686275
0.498039215686275
0.501960784313725
0.505882352941176
0.513725490196078
0.505882352941176
0.513725490196078
0.52156862745098
0.529411764705882
0.525490196078431
0.533333333333333
0.537254901960784
0.541176470588235
0.380392156862745
0.392156862745098
0.392156862745098
0.396078431372549
0.403921568627451
0.407843137254902
0.411764705882353
0.415686274509804
0.419607843137255
0.423529411764706
0.423529411764706
0.427450980392157
0.431372549019608
0.431372549019608
0.435294117647059
0.43921568627451
0.443137254901961
0.447058823529412
0.447058823529412
0.447058823529412
0.447058823529412
0.458823529411765
0.458823529411765
0.458823529411765
0.458823529411765
0.470588235294118
0.470588235294118
0.474509803921569
0.474509803921569
0.482352941176471
0.482352941176471
0.486274509803922
0.490196078431373
0.494117647058824
0.498039215686275
0.501960784313725
0.505882352941176
0.505882352941176
0.513725490196078
0.513725490196078
0.513725490196078
0.525490196078431
0.529411764705882
0.533333333333333
0.529411764705882
0.541176470588235
0.545098039215686
0.552823529411765
0.380392156862745
0.388235294117647
0.396078431372549
0.396078431372549
0.403921568627451
0.407843137254902
0.411764705882353
0.415686274509804
0.419607843137255
0.423529411764706
0.423529411764706
0.427450980392157
0.431372549019608
0.431372549019608
0.431372549019608
0.443137254901961
0.443137254901961
0.450980392156863
0.450980392156863
0.454901960784314
0.454901960784314
0.462745098039216
0.462745098039216
0.462745098039216
0.462745098039216
0.474509803921569
0.474509803921569
0.482352941176471
0.482352941176471
0.486274509803922
0.490196078431373
0.498039215686275
0.498039215686275
0.505882352941176
0.509803921568627
0.509803921568627
0.513725490196078
0.513725490196078
0.52156862745098
0.529411764705882
0.525490196078431
0.537254901960784
0.537254901960784
0.545098039215686
0.541176470588235
0.552941176470588
0.552941176470588
0.56078431372549
0.384313725490196
0.396078431372549
0.4
0.4
0.407843137254902
0.407843137254902
0.411764705882353
0.415686274509804
0.423529411764706
0.423529411764706
0.427450980392157
0.431372549019608
0.431372549019608
0.43921568627451
0.43921568627451
0.447058823529412
0.447058823529412
0.454901960784314
0.454666666666667
0.458823529411765
0.454901960784314
0.466666666666667
0.470588235294118
0.474509803921569
0.466666666666667
0.482352941176471
0.482352941176471
0.486274509803922
0.490196078431373
0.494117647058824
0.498039215686275
0.505882352941176
0.509803921568627
0.513725490196078
0.517647058823529
0.52156862745098
0.525490196078431
0.525490196078431
0.533333333333333
0.537254901960784
0.537254901960784
0.541176470588235
0.549019607843137
0.556862745098039
0.552941176470588
0.564705882352941
0.564705882352941
0.568627450980392
0.396078431372549
0.403921568627451
0.411764705882353
0.411764705882353
0.419372549019608
0.419607843137255
0.427450980392157
0.427450980392157
0.431372549019608
0.435294117647059
0.43921568627451
0.443137254901961
0.43921568627451
0.447058823529412
0.450980392156863
0.454901960784314
0.454901960784314
0.458823529411765
0.462745098039216
0.466666666666667
0.470588235294118
0.474509803921569
0.47843137254902
0.482352941176471
0.47843137254902
0.490196078431373
0.494117647058824
0.498039215686275
0.498039215686275
0.505882352941176
0.513725490196078
0.513725490196078
0.513725490196078
0.517647058823529
0.525490196078431
0.529411764705882
0.533333333333333
0.533333333333333
0.541176470588235
0.549019607843137
0.545098039215686
0.556862745098039
0.56078431372549
0.568627450980392
0.564705882352941
0.572549019607843
0.576470588235294
0.580392156862745
