0.431372549019608
0.431372549019608
0.423764705882353
0.427450980392157
0.423529411764706
0.419607843137255
0.415686274509804
0.407843137254902
0.415686274509804
0.403921568627451
0.403921568627451
0.403921568627451
0.4
0.392156862745098
0.396078431372549
0.392156862745098
0.392156862745098
0.388235294117647
0.388235294117647
0.369098039215686
0.376470588235294
0.372549019607843
0.372549019607843
0.368745098039216
0.368627450980392
0.36078431372549
0.36078431372549
0.356862745098039
0.356862745098039
0.349019607843137
0.349019607843137
0.341176470588235
0.341176470588235
0.333333333333333
0.326196078431373
0.32156862745098
0.32156862745098
0.317647058823529
0.317647058823529
0.30243137254902
0.305882352941176
0.305882352941176
0.301960784313725
0.298039215686275
0.294117647058824
0.290196078431373
0.286274509803922
0.431607843137255
0.431372549019608
0.427450980392157
0.427450980392157
0.423529411764706
0.419607843137255
0.419607843137255
0.415686274509804
0.411764705882353
0.286745098039216
0.407843137254902
0.388470588235294
0.403921568627451
0.396078431372549
0.392156862745098
0.388470588235294
0.388235294117647
0.384313725490196
0.384313725490196
0.376470588235294
0.376470588235294
0.368627450980392
0.368627450980392
0.36078431372549
0.36078431372549
0.356862745098039
0.356862745098039
0.349019607843137
0.345098039215686
0.337254901960784
0.337254901960784
0.329411764705882
0.329411764705882
0.325490196078431
0.32156862745098
0.313725490196078
0.313725490196078
0.309803921568627
0.305882352941176
0.298274509803922
0.294117647058824
0.294117647058824
0.290313725490196
0.282352941176471
0.282352941176471
0.27843137254902
0.27843137254902
0.431372549019608
0.431372549019608
0.427450980392157
0.427450980392157
0.423764705882353
0.419607843137255
0.415686274509804
0.415686274509804
0.415686274509804
0.407843137254902
0.403921568627451
0.4
0.4
0.392156862745098
0.388235294117647
0.384313725490196
0.384313725490196
0.376470588235294
0.376470588235294
0.368627450980392
0.372549019607843
0.364705882352941
0.36078431372549
0.356862745098039
0.352941176470588
0.349019607843137
0.34521568627451
0.341176470588235
0.337372549019608
0.333333333333333
0.329411764705882
0.32156862745098
0.317764705882353
0.317647058823529
0.313725490196078
0.305882352941176
0.305882352941176
0.301960784313725
0.298039215686275
0.294117647058824
0.290196078431373
0.286274509803922
0.282352941176471
0.274509803921569
0.270588235294118
0.266666666666667
0.266666666666667
0.431607843137255
0.431372549019608
0.427450980392157
0.431372549019608
0.427450980392157
0.423529411764706
0.415686274509804
0.415686274509804
0.415686274509804
0.404156862745098
0.403921568627451
0.396078431372549
0.396078431372549
0.392156862745098
0.388235294117647
0.380627450980392
0.380392156862745
0.376470588235294
0.376470588235294
0.364941176470588
0.364705882352941
0.346039215686274
0.325960784313725
0.349019607843137
0.345098039215686
0.341176470588235
0.337254901960784
0.333333333333333
0.333333333333333
0.325490196078431
0.32156862745098
0.313725490196078
0.313725490196078
0.305882352941176
0.305882352941176
0.298039215686275
0.294117647058824
0.294117647058824
0.290196078431373
0.282352941176471
0.27843137254902
0.274509803921569
0.274509803921569
0.262745098039216
0.262745098039216
0.258823529411765
0.258823529411765
0.43921568627451
0.431372549019608
0.431372549019608
0.431372549019608
0.427450980392157
0.423529411764706
0.419607843137255
0.411882352941176
0.411764705882353
0.407843137254902
0.403921568627451
0.396313725490196
0.392862745098039
0.392156862745098
0.388235294117647
0.384313725490196
0.380392156862745
0.372549019607843
0.372549019607843
0.361019607843137
0.364705882352941
0.356862745098039
0.356862745098039
0.349019607843137
0.345098039215686
0.341176470588235
0.337254901960784
0.329411764705882
0.32156862745098
0.317647058823529
0.317647058823529
0.309803921568627
0.309803921568627
0.298039215686275
0.298039215686275
0.290196078431373
0.290196078431373
0.286274509803922
0.282352941176471
0.274745098039216
0.270588235294118
0.266666666666667
0.266666666666667
0.258823529411765
0.254901960784314
0.250980392156863
0.250980392156863
0.43921568627451
0.435294117647059
0.431372549019608
0.431372549019608
0.427450980392157
0.423529411764706
0.419843137254902
0.415686274509804
0.415686274509804
0.404156862745098
0.403921568627451
0.4
0.392274509803922
0.388235294117647
0.384313725490196
0.380392156862745
0.380392156862745
0.368627450980392
0.361019607843137
0.356862745098039
0.356862745098039
0.352941176470588
0.352941176470588
0.341176470588235
0.337490196078431
0.329411764705882
0.329411764705882
0.321803921568627
0.317647058823529
0.310039215686275
0.309803921568627
0.298274509803922
0.301960784313725
0.294117647058824
0.294117647058824
0.282352941176471
0.278666666666667
0.274509803921569
0.274509803921569
0.270588235294118
0.262745098039216
0.262745098039216
0.258823529411765
0.247058823529412
0.247058823529412
0.239450980392157
0.243137254901961
0.43921568627451
0.43921568627451
0.435294117647059
0.435294117647059
0.431372549019608
0.423529411764706
0.419607843137255
0.415686274509804
0.411764705882353
0.407843137254902
0.4
0.396078431372549
0.392156862745098
0.388235294117647
0.380392156862745
0.376470588235294
0.376470588235294
0.364705882352941
0.364705882352941
0.349019607843137
0.349019607843137
0.349019607843137
0.345098039215686
0.333333333333333
0.329411764705882
0.325490196078431
0.32156862745098
0.313725490196078
0.313725490196078
0.305882352941176
0.301960784313725
0.294117647058824
0.294117647058824
0.286274509803922
0.286274509803922
0.274509803921569
0.274509803921569
0.266666666666667
0.270588235294118
0.262745098039216
0.254901960784314
0.254901960784314
0.250980392156863
0.23921568627451
0.23921568627451
0.235294117647059
0.235294117647059
0.443137254901961
0.43921568627451
0.431372549019608
0.431372549019608
0.427450980392157
0.415686274509804
0.415686274509804
0.411764705882353
0.407843137254902
0.403921568627451
0.396078431372549
0.396078431372549
0.392156862745098
0.384313725490196
0.368627450980392
0.372549019607843
0.368627450980392
0.36078431372549
0.356862745098039
0.349019607843137
0.345333333333333
0.341176470588235
0.337254901960784
0.321686274509804
0.325490196078431
0.317647058823529
0.317647058823529
0.309803921568627
0.305882352941176
0.298039215686275
0.294117647058824
0.285294117647059
0.286274509803922
0.27843137254902
0.27843137254902
0.270588235294118
0.266666666666667
0.258823529411765
0.258823529411765
0.247058823529412
0.247058823529412
0.247058823529412
0.243137254901961
0.231490196078431
0.231372549019608
0.227450980392157
0.223529411764706
0.435294117647059
0.435294117647059
0.431372549019608
0.423529411764706
0.423529411764706
0.419607843137255
0.411764705882353
0.407843137254902
0.403921568627451
0.4
0.392156862745098
0.388352941176471
0.384313725490196
0.380392156862745
0.372549019607843
0.364705882352941
0.364705882352941
0.352941176470588
0.352941176470588
0.341176470588235
0.341176470588235
0.333333333333333
0.329411764705882
0.313725490196078
0.317647058823529
0.313725490196078
0.309803921568627
0.301960784313725
0.298039215686275
0.294117647058824
0.290196078431373
0.282352941176471
0.27843137254902
0.274509803921569
0.270588235294118
0.262745098039216
0.258823529411765
0.254901960784314
0.250980392156863
0.247058823529412
0.239450980392157
0.23921568627451
0.235294117647059
0.223529411764706
0.223529411764706
0.219607843137255
0.219607843137255
0.431372549019608
0.431372549019608
0.423529411764706
0.419607843137255
0.419607843137255
0.411764705882353
0.407843137254902
0.4
0.4
0.392156862745098
0.388235294117647
0.376941176470588
0.380392156862745
0.372549019607843
0.368627450980392
0.36078431372549
0.356862745098039
0.349019607843137
0.345098039215686
0.337254901960784
0.329882352941176
0.325490196078431
0.321921568627451
0.309803921568627
0.305882352941176
0.305882352941176
0.305882352941176
0.294117647058824
0.294117647058824
0.286274509803922
0.286274509803922
0.274509803921569
0.274509803921569
0.266666666666667
0.266666666666667
0.258823529411765
0.25121568627451
0.247058823529412
0.243137254901961
0.23921568627451
0.235294117647059
0.231372549019608
0.227450980392157
0.215686274509804
0.215686274509804
0.211764705882353
0.211764705882353
0.423529411764706
0.423529411764706
0.419607843137255
0.419607843137255
0.415686274509804
0.403921568627451
0.403921568627451
0.396078431372549
0.388470588235294
0.388235294117647
0.384313725490196
0.380392156862745
0.376470588235294
0.368627450980392
0.36078431372549
0.356862745098039
0.356862745098039
0.341176470588235
0.341176470588235
0.329411764705882
0.333333333333333
0.317647058823529
0.317647058823529
0.305882352941176
0.305882352941176
0.301960784313725
0.298039215686275
0.286274509803922
0.282352941176471
0.282352941176471
0.274509803921569
0.270588235294118
0.26678431372549
0.262745098039216
0.255137254901961
0.254901960784314
0.243137254901961
0.239450980392157
0.23921568627451
0.231372549019608
0.227450980392157
0.223529411764706
0.223529411764706
0.211764705882353
0.211764705882353
0.204156862745098
0.203921568627451
0.419607843137255
0.419607843137255
0.415686274509804
0.411764705882353
0.407843137254902
0.403921568627451
0.4
0.392156862745098
0.388235294117647
0.380509803921569
0.376470588235294
0.372549019607843
0.368627450980392
0.36078431372549
0.356862745098039
0.349019607843137
0.349019607843137
0.337254901960784
0.333333333333333
0.325490196078431
0.325490196078431
0.317647058823529
0.313725490196078
0.298039215686275
0.301960784313725
0.298039215686275
0.290196078431373
0.282352941176471
0.274745098039216
0.274509803921569
0.270588235294118
0.266666666666667
0.262745098039216
0.254901960784314
0.250980392156863
0.247058823529412
0.23921568627451
0.235294117647059
0.231490196078431
0.219843137254902
0.219843137254902
0.215686274509804
0.215686274509804
0.207843137254902
0.207843137254902
0.203921568627451
0.2
0.407843137254902
0.411882352941176
0.393098039215686
0.403921568627451
0.403921568627451
0.396078431372549
0.392156862745098
0.384313725490196
0.384313725490196
0.376470588235294
0.368627450980392
0.368627450980392
0.36078431372549
0.356862745098039
0.349019607843137
0.341176470588235
0.341176470588235
0.333333333333333
0.333333333333333
0.317647058823529
0.317647058823529
0.313725490196078
0.309803921568627
0.294117647058824
0.294117647058824
0.290196078431373
0.286274509803922
0.27843137254902
0.270588235294118
0.270588235294118
0.262745098039216
0.258823529411765
0.254901960784314
0.250980392156863
0.213882352941176
0.23921568627451
0.231372549019608
0.231372549019608
0.227450980392157
0.219607843137255
0.215686274509804
0.215686274509804
0.211764705882353
0.203921568627451
0.203921568627451
0.196078431372549
0.196313725490196
0.403921568627451
0.403921568627451
0.396313725490196
0.392392156862745
0.396078431372549
0.392156862745098
0.384313725490196
0.380392156862745
0.376470588235294
0.372549019607843
0.364705882352941
0.36078431372549
0.356862745098039
0.349019607843137
0.341176470588235
0.337254901960784
0.337254901960784
0.329411764705882
0.325490196078431
0.309803921568627
0.305882352941176
0.309803921568627
0.302196078431373
0.286509803921569
0.286274509803922
0.286274509803922
0.27843137254902
0.270588235294118
0.270588235294118
0.262980392156863
0.258941176470588
0.251098039215686
0.250980392156863
0.235294117647059
0.23921568627451
0.235294117647059
0.227450980392157
0.227450980392157
0.227450980392157
0.215686274509804
0.215686274509804
0.208078431372549
0.200117647058824
0.2
0.196196078431373
0.196078431372549
0.192392156862745
0.392156862745098
0.396078431372549
0.392156862745098
0.388235294117647
0.384313725490196
0.380392156862745
0.376470588235294
0.372549019607843
0.368627450980392
0.36078431372549
0.356862745098039
0.352941176470588
0.349019607843137
0.341176470588235
0.333333333333333
0.333333333333333
0.325725490196078
0.32156862745098
0.317882352941176
0.305882352941176
0.305882352941176
0.301960784313725
0.298039215686275
0.282352941176471
0.282352941176471
0.27843137254902
0.266666666666667
0.266666666666667
0.266666666666667
0.262745098039216
0.254901960784314
0.247294117647059
0.247294117647059
0.243137254901961
0.243137254901961
0.235294117647059
0.227450980392157
0.223529411764706
0.223529411764706
0.211764705882353
0.212
0.207843137254902
0.207843137254902
0.2
0.196078431372549
0.196078431372549
0.196078431372549
0.384313725490196
0.388235294117647
0.380392156862745
0.380392156862745
0.372549019607843
0.372549019607843
0.364705882352941
0.36078431372549
0.36078431372549
0.352941176470588
0.349019607843137
0.345098039215686
0.337254901960784
0.333333333333333
0.333333333333333
0.325490196078431
0.32156862745098
0.313725490196078
0.309803921568627
0.298039215686275
0.298039215686275
0.294117647058824
0.294117647058824
0.27843137254902
0.27843137254902
0.274509803921569
0.270588235294118
0.262745098039216
0.262745098039216
0.255137254901961
0.250980392156863
0.247058823529412
0.243137254901961
0.243137254901961
0.235294117647059
0.227450980392157
0.227450980392157
0.223529411764706
0.223529411764706
0.207843137254902
0.207843137254902
0.211764705882353
0.211764705882353
0.2
0.196078431372549
0.192156862745098
0.192156862745098
0.372549019607843
0.380392156862745
0.372549019607843
0.368627450980392
0.368627450980392
0.364705882352941
0.356862745098039
0.352941176470588
0.352941176470588
0.345098039215686
0.345098039215686
0.337254901960784
0.333333333333333
0.329411764705882
0.325490196078431
0.32156862745098
0.317647058823529
0.310039215686275
0.305882352941176
0.298039215686275
0.298039215686275
0.294117647058824
0.290196078431373
0.274509803921569
0.270588235294118
0.270823529411765
0.270588235294118
0.258823529411765
0.258823529411765
0.250980392156863
0.247058823529412
0.21756862745098
0.243137254901961
0.23921568627451
0.235294117647059
0.231372549019608
0.223529411764706
0.223529411764706
0.219607843137255
0.211764705882353
0.211764705882353
0.211764705882353
0.211764705882353
0.2
0.2
0.196078431372549
0.196078431372549
0.368627450980392
0.368627450980392
0.364705882352941
0.364705882352941
0.356862745098039
0.356862745098039
0.352941176470588
0.349019607843137
0.345098039215686
0.341176470588235
0.337254901960784
0.333333333333333
0.329411764705882
0.321803921568627
0.32156862745098
0.313725490196078
0.313843137254902
0.305882352941176
0.305882352941176
0.294117647058824
0.294117647058824
0.290196078431373
0.286274509803922
0.270705882352941
0.274509803921569
0.270588235294118
0.262980392156863
0.258823529411765
0.258823529411765
0.250980392156863
0.250980392156863
0.247058823529412
0.247058823529412
0.23921568627451
0.235529411764706
0.235294117647059
0.223529411764706
0.227450980392157
0.219843137254902
0.211764705882353
0.211764705882353
0.211764705882353
0.211764705882353
0.2
0.2
0.2
0.192156862745098
0.364705882352941
0.364705882352941
0.356862745098039
0.356862745098039
0.352941176470588
0.352941176470588
0.341411764705882
0.345098039215686
0.341176470588235
0.333333333333333
0.333333333333333
0.325490196078431
0.325490196078431
0.317647058823529
0.317647058823529
0.309803921568627
0.309803921568627
0.305882352941176
0.301960784313725
0.294117647058824
0.294117647058824
0.286274509803922
0.286274509803922
0.270588235294118
0.270588235294118
0.270588235294118
0.266666666666667
0.258823529411765
0.258823529411765
0.254901960784314
0.250980392156863
0.247058823529412
0.247058823529412
0.243137254901961
0.235294117647059
0.235294117647059
0.231372549019608
0.227450980392157
0.223529411764706
0.215686274509804
0.212
0.211764705882353
0.211764705882353
0.203921568627451
0.203921568627451
0.2
0.2
0.36078431372549
0.356862745098039
0.356862745098039
0.356862745098039
0.34556862745098
0.349019607843137
0.341176470588235
0.341176470588235
0.337254901960784
0.333333333333333
0.329411764705882
0.32156862745098
0.317882352941176
0.317647058823529
0.313725490196078
0.305882352941176
0.309803921568627
0.301960784313725
0.298039215686275
0.290196078431373
0.290196078431373
0.286274509803922
0.286274509803922
0.270823529411765
0.266666666666667
0.270588235294118
0.270588235294118
0.262745098039216
0.262745098039216
0.254901960784314
0.254901960784314
0.250980392156863
0.247058823529412
0.247058823529412
0.243137254901961
0.235294117647059
0.235294117647059
0.231372549019608
0.227450980392157
0.219843137254902
0.219607843137255
0.215686274509804
0.215921568627451
0.207843137254902
0.207843137254902
0.207843137254902
0.203921568627451
0.36078431372549
0.36078431372549
0.356862745098039
0.356862745098039
0.352941176470588
0.349019607843137
0.341176470588235
0.341176470588235
0.337254901960784
0.333333333333333
0.329411764705882
0.32156862745098
0.32156862745098
0.32156862745098
0.313960784313725
0.309803921568627
0.305882352941176
0.305882352941176
0.298039215686275
0.294117647058824
0.290196078431373
0.290196078431373
0.286274509803922
0.27843137254902
0.274509803921569
0.274509803921569
0.270588235294118
0.266666666666667
0.262745098039216
0.262745098039216
0.258823529411765
0.254901960784314
0.250980392156863
0.247058823529412
0.247058823529412
0.243137254901961
0.23921568627451
0.235294117647059
0.235294117647059
0.231372549019608
0.227450980392157
0.219607843137255
0.219607843137255
0.215686274509804
0.211764705882353
0.211764705882353
0.211764705882353
0.364705882352941
0.368627450980392
0.36078431372549
0.36078431372549
0.356862745098039
0.352941176470588
0.349019607843137
0.349019607843137
0.341176470588235
0.337254901960784
0.333333333333333
0.325490196078431
0.325490196078431
0.32156862745098
0.32156862745098
0.313725490196078
0.309803921568627
0.305882352941176
0.301960784313725
0.298039215686275
0.298039215686275
0.294117647058824
0.286509803921569
0.282352941176471
0.27843137254902
0.27843137254902
0.274509803921569
0.266666666666667
0.266666666666667
0.262745098039216
0.262745098039216
0.258823529411765
0.254901960784314
0.250980392156863
0.250980392156863
0.247058823529412
0.23921568627451
0.23921568627451
0.235294117647059
0.227450980392157
0.227450980392157
0.227450980392157
0.227450980392157
0.219607843137255
0.219607843137255
0.219607843137255
0.215686274509804
