0.396078431372549
0.407843137254902
0.419607843137255
0.423529411764706
0.435294117647059
0.443137254901961
0.450980392156863
0.458823529411765
0.466666666666667
0.474509803921569
0.482352941176471
0.486274509803922
0.498039215686275
0.505882352941176
0.513725490196078
0.52156862745098
0.529411764705882
0.537254901960784
0.545098039215686
0.552941176470588
0.556862745098039
0.568627450980392
0.572549019607843
0.584313725490196
0.588235294117647
0.596078431372549
0.603921568627451
0.611764705882353
0.619607843137255
0.627450980392157
0.635294117647059
0.643137254901961
0.647058823529412
0.658823529411765
0.662745098039216
0.670588235294118
0.674509803921569
0.682352941176471
0.686274509803922
0.698039215686274
0.701960784313725
0.709803921568627
0.717647058823529
0.729411764705882
0.73
0.741176470588235
0.749019607843137
0.756862745098039
0.4
0.407843137254902
0.419607843137255
0.423529411764706
0.435294117647059
0.443137254901961
0.450980392156863
0.458823529411765
0.466666666666667
0.474509803921569
0.482352941176471
0.490196078431373
0.498039215686275
0.505882352941176
0.513725490196078
0.52156862745098
0.525490196078431
0.537254901960784
0.541176470588235
0.552941176470588
0.556862745098039
0.564705882352941
0.568627450980392
0.580392156862745
0.588235294117647
0.596078431372549
0.6
0.611764705882353
0.615686274509804
0.623529411764706
0.627450980392157
0.635294117647059
0.643137254901961
0.654901960784314
0.655607843137255
0.666666666666667
0.670588235294118
0.67843137254902
0.686274509803922
0.694117647058824
0.698039215686274
0.705882352941177
0.713725490196078
0.722156862745098
0.725490196078431
0.737254901960784
0.741176470588235
0.749019607843137
0.4
0.411764705882353
0.419607843137255
0.423529411764706
0.43921568627451
0.443137254901961
0.451686274509804
0.458823529411765
0.466666666666667
0.47843137254902
0.482352941176471
0.490196078431373
0.498039215686275
0.505882352941176
0.513725490196078
0.517647058823529
0.525490196078431
0.533333333333333
0.541176470588235
0.549019607843137
0.552941176470588
0.564705882352941
0.568627450980392
0.576470588235294
0.584313725490196
0.592156862745098
0.6
0.607843137254902
0.611764705882353
0.619607843137255
0.623529411764706
0.635294117647059
0.63921568627451
0.650980392156863
0.650980392156863
0.662745098039216
0.666666666666667
0.674509803921569
0.682352941176471
0.690196078431373
0.694117647058824
0.701960784313725
0.709803921568627
0.717647058823529
0.72156862745098
0.730117647058824
0.737254901960784
0.745098039215686
0.403921568627451
0.415686274509804
0.423529411764706
0.427450980392157
0.43921568627451
0.447058823529412
0.454901960784314
0.458823529411765
0.466666666666667
0.47843137254902
0.482352941176471
0.490196078431373
0.498039215686275
0.505882352941176
0.509803921568627
0.517647058823529
0.525490196078431
0.537254901960784
0.541176470588235
0.549019607843137
0.552941176470588
0.56078431372549
0.568627450980392
0.576470588235294
0.580392156862745
0.588235294117647
0.592156862745098
0.6
0.607843137254902
0.615686274509804
0.619607843137255
0.631372549019608
0.635294117647059
0.647058823529412
0.650980392156863
0.658823529411765
0.662745098039216
0.670588235294118
0.67843137254902
0.686274509803922
0.690196078431373
0.698039215686274
0.701960784313725
0.713725490196078
0.717647058823529
0.725490196078431
0.733333333333333
0.741176470588235
0.403921568627451
0.415686274509804
0.423529411764706
0.428156862745098
0.443137254901961
0.447058823529412
0.454901960784314
0.462745098039216
0.470588235294118
0.47843137254902
0.482352941176471
0.490196078431373
0.498039215686275
0.505882352941176
0.509803921568627
0.517647058823529
0.525490196078431
0.533333333333333
0.537254901960784
0.549019607843137
0.552941176470588
0.56078431372549
0.564705882352941
0.572549019607843
0.580392156862745
0.588235294117647
0.592156862745098
0.603921568627451
0.607843137254902
0.611764705882353
0.616274509803922
0.627450980392157
0.631372549019608
0.643137254901961
0.643137254901961
0.654901960784314
0.658823529411765
0.666666666666667
0.671176470588235
0.682352941176471
0.686274509803922
0.694117647058824
0.701960784313725
0.709803921568627
0.713725490196078
0.72156862745098
0.729411764705882
0.737254901960784
0.407843137254902
0.415686274509804
0.423529411764706
0.431372549019608
0.443137254901961
0.450980392156863
0.454901960784314
0.462745098039216
0.470588235294118
0.47843137254902
0.482352941176471
0.494117647058824
0.498039215686275
0.505882352941176
0.509803921568627
0.517647058823529
0.525490196078431
0.533333333333333
0.537254901960784
0.545098039215686
0.549019607843137
0.556862745098039
0.564705882352941
0.572549019607843
0.576470588235294
0.584313725490196
0.588235294117647
0.6
0.603921568627451
0.611764705882353
0.615686274509804
0.627450980392157
0.627450980392157
0.63921568627451
0.63921568627451
0.650980392156863
0.654901960784314
0.662745098039216
0.666666666666667
0.67843137254902
0.682352941176471
0.690196078431373
0.698039215686274
0.705882352941177
0.709803921568627
0.717647058823529
0.72156862745098
0.733333333333333
0.407843137254902
0.419607843137255
0.427450980392157
0.432078431372549
0.443137254901961
0.450980392156863
0.454901960784314
0.463450980392157
0.470588235294118
0.47843137254902
0.486274509803922
0.490196078431373
0.498039215686275
0.505882352941176
0.509803921568627
0.517647058823529
0.52156862745098
0.533333333333333
0.533333333333333
0.545098039215686
0.545098039215686
0.556862745098039
0.56078431372549
0.568627450980392
0.572549019607843
0.580392156862745
0.588235294117647
0.596078431372549
0.6
0.607843137254902
0.611764705882353
0.619607843137255
0.623529411764706
0.635294117647059
0.635294117647059
0.647058823529412
0.650980392156863
0.658823529411765
0.662745098039216
0.674509803921569
0.67843137254902
0.686274509803922
0.694117647058824
0.701960784313725
0.702666666666667
0.714313725490196
0.717647058823529
0.729411764705882
0.407843137254902
0.419607843137255
0.427450980392157
0.435294117647059
0.443137254901961
0.447058823529412
0.454901960784314
0.462745098039216
0.470588235294118
0.47843137254902
0.482352941176471
0.486274509803922
0.498039215686275
0.501960784313725
0.509803921568627
0.513725490196078
0.52156862745098
0.529411764705882
0.533333333333333
0.541176470588235
0.541176470588235
0.552941176470588
0.556862745098039
0.564705882352941
0.568627450980392
0.580392156862745
0.584313725490196
0.592156862745098
0.596078431372549
0.603921568627451
0.607843137254902
0.615686274509804
0.619607843137255
0.627450980392157
0.631372549019608
0.643137254901961
0.647058823529412
0.654901960784314
0.658823529411765
0.670588235294118
0.674509803921569
0.682352941176471
0.690196078431373
0.698039215686274
0.698039215686274
0.709803921568627
0.713725490196078
0.72156862745098
0.403921568627451
0.415686274509804
0.427450980392157
0.435294117647059
0.43921568627451
0.447058823529412
0.454901960784314
0.462745098039216
0.466666666666667
0.474509803921569
0.482352941176471
0.486274509803922
0.494117647058824
0.501960784313725
0.505882352941176
0.509803921568627
0.517647058823529
0.525490196078431
0.525490196078431
0.537254901960784
0.541176470588235
0.549019607843137
0.552941176470588
0.56078431372549
0.564705882352941
0.573137254901961
0.580392156862745
0.588235294117647
0.592156862745098
0.6
0.604509803921569
0.615686274509804
0.619607843137255
0.627450980392157
0.631372549019608
0.63921568627451
0.643137254901961
0.650980392156863
0.658823529411765
0.666666666666667
0.674509803921569
0.67843137254902
0.686274509803922
0.694117647058824
0.694823529411765
0.705882352941177
0.713725490196078
0.72156862745098
0.403921568627451
0.411764705882353
0.423529411764706
0.431372549019608
0.43921568627451
0.443137254901961
0.450980392156863
0.462745098039216
0.466666666666667
0.471294117647059
0.47843137254902
0.486274509803922
0.490196078431373
0.498039215686275
0.505882352941176
0.509803921568627
0.513725490196078
0.52156862745098
0.525490196078431
0.533333333333333
0.537254901960784
0.545686274509804
0.552941176470588
0.56078431372549
0.56078431372549
0.572549019607843
0.576470588235294
0.584313725490196
0.588235294117647
0.596078431372549
0.603921568627451
0.60843137254902
0.615686274509804
0.623529411764706
0.627450980392157
0.635294117647059
0.643137254901961
0.647058823529412
0.654901960784314
0.662745098039216
0.667254901960784
0.674509803921569
0.682352941176471
0.690196078431373
0.694117647058824
0.705882352941177
0.709803921568627
0.718235294117647
0.4
0.411764705882353
0.419607843137255
0.427450980392157
0.435294117647059
0.443137254901961
0.447058823529412
0.454901960784314
0.462745098039216
0.470588235294118
0.474509803921569
0.482352941176471
0.486274509803922
0.494117647058824
0.498039215686275
0.505882352941176
0.509803921568627
0.52156862745098
0.52156862745098
0.533333333333333
0.537254901960784
0.545098039215686
0.549019607843137
0.556862745098039
0.56078431372549
0.568627450980392
0.572549019607843
0.580392156862745
0.584313725490196
0.592156862745098
0.6
0.603921568627451
0.612352941176471
0.619607843137255
0.623529411764706
0.631372549019608
0.63921568627451
0.643137254901961
0.650980392156863
0.658823529411765
0.662745098039216
0.670588235294118
0.67843137254902
0.690196078431373
0.690196078431373
0.701960784313725
0.705882352941177
0.713725490196078
0.396078431372549
0.407843137254902
0.415686274509804
0.423529411764706
0.431372549019608
0.43921568627451
0.443137254901961
0.454901960784314
0.458823529411765
0.466666666666667
0.470588235294118
0.47843137254902
0.486274509803922
0.490196078431373
0.494117647058824
0.501960784313725
0.509803921568627
0.517647058823529
0.517647058823529
0.529411764705882
0.529411764705882
0.541176470588235
0.545098039215686
0.552941176470588
0.552941176470588
0.564705882352941
0.572549019607843
0.577058823529412
0.580980392156863
0.588823529411765
0.596078431372549
0.603921568627451
0.60843137254902
0.619607843137255
0.623529411764706
0.627450980392157
0.635294117647059
0.63921568627451
0.647058823529412
0.658823529411765
0.658823529411765
0.670588235294118
0.67843137254902
0.686274509803922
0.690196078431373
0.701960784313725
0.705882352941177
0.713725490196078
0.392156862745098
0.403921568627451
0.411764705882353
0.419607843137255
0.427450980392157
0.435294117647059
0.443137254901961
0.447058823529412
0.454901960784314
0.462745098039216
0.466666666666667
0.471176470588235
0.482352941176471
0.486274509803922
0.494117647058824
0.498039215686275
0.505882352941176
0.513725490196078
0.517647058823529
0.525490196078431
0.526078431372549
0.537254901960784
0.541764705882353
0.549725490196078
0.552941176470588
0.564705882352941
0.568627450980392
0.576470588235294
0.580392156862745
0.588235294117647
0.592156862745098
0.6
0.607843137254902
0.611764705882353
0.619607843137255
0.627450980392157
0.631372549019608
0.635294117647059
0.647058823529412
0.654901960784314
0.658823529411765
0.666666666666667
0.674509803921569
0.686274509803922
0.686274509803922
0.698039215686274
0.701960784313725
0.713725490196078
0.388235294117647
0.4
0.407843137254902
0.415686274509804
0.423529411764706
0.427450980392157
0.435294117647059
0.443137254901961
0.450980392156863
0.458823529411765
0.462745098039216
0.470588235294118
0.47843137254902
0.486274509803922
0.490196078431373
0.494117647058824
0.501960784313725
0.509803921568627
0.513725490196078
0.52156862745098
0.525490196078431
0.537254901960784
0.541176470588235
0.549019607843137
0.549019607843137
0.561372549019608
0.564705882352941
0.572549019607843
0.576470588235294
0.584313725490196
0.592156862745098
0.6
0.603921568627451
0.611764705882353
0.615686274509804
0.623529411764706
0.631372549019608
0.635294117647059
0.643137254901961
0.654901960784314
0.654901960784314
0.666666666666667
0.671176470588235
0.682352941176471
0.686274509803922
0.698039215686274
0.701960784313725
0.709803921568627
0.384313725490196
0.392156862745098
0.403921568627451
0.407843137254902
0.415686274509804
0.423529411764706
0.431372549019608
0.43921568627451
0.447058823529412
0.450980392156863
0.458823529411765
0.466666666666667
0.474509803921569
0.482352941176471
0.486274509803922
0.490196078431373
0.498039215686275
0.506588235294118
0.509803921568627
0.517647058823529
0.52156862745098
0.533333333333333
0.537254901960784
0.545098039215686
0.545098039215686
0.556862745098039
0.56078431372549
0.568627450980392
0.573137254901961
0.584313725490196
0.588235294117647
0.596078431372549
0.603921568627451
0.611764705882353
0.615686274509804
0.623529411764706
0.631372549019608
0.635294117647059
0.643137254901961
0.654901960784314
0.654901960784314
0.666666666666667
0.670588235294118
0.682352941176471
0.682352941176471
0.698039215686274
0.701960784313725
0.709803921568627
0.376470588235294
0.388235294117647
0.396078431372549
0.403921568627451
0.411764705882353
0.415686274509804
0.427450980392157
0.435294117647059
0.443137254901961
0.450980392156863
0.454901960784314
0.462745098039216
0.466666666666667
0.474509803921569
0.482352941176471
0.490196078431373
0.494117647058824
0.501960784313725
0.505882352941176
0.513725490196078
0.517647058823529
0.529411764705882
0.533333333333333
0.541176470588235
0.541176470588235
0.552941176470588
0.56078431372549
0.564705882352941
0.572549019607843
0.580392156862745
0.588235294117647
0.596078431372549
0.6
0.607843137254902
0.615686274509804
0.619607843137255
0.631372549019608
0.635294117647059
0.643137254901961
0.654901960784314
0.654901960784314
0.663450980392157
0.670588235294118
0.682352941176471
0.682352941176471
0.698039215686274
0.701960784313725
0.709803921568627
0.372549019607843
0.381098039215686
0.392156862745098
0.4
0.407843137254902
0.411764705882353
0.423529411764706
0.427450980392157
0.435294117647059
0.447058823529412
0.450980392156863
0.458823529411765
0.466666666666667
0.470588235294118
0.47843137254902
0.486274509803922
0.490196078431373
0.501960784313725
0.505882352941176
0.513725490196078
0.513725490196078
0.525490196078431
0.529411764705882
0.537254901960784
0.541176470588235
0.552941176470588
0.556862745098039
0.564705882352941
0.572549019607843
0.576470588235294
0.584313725490196
0.592156862745098
0.6
0.607843137254902
0.615686274509804
0.619607843137255
0.631372549019608
0.635294117647059
0.643137254901961
0.654901960784314
0.654901960784314
0.666666666666667
0.670588235294118
0.682352941176471
0.682352941176471
0.698039215686274
0.701960784313725
0.709803921568627
0.364705882352941
0.376470588235294
0.384313725490196
0.392156862745098
0.403921568627451
0.407843137254902
0.415686274509804
0.427450980392157
0.431372549019608
0.43921568627451
0.447058823529412
0.454901960784314
0.462745098039216
0.466666666666667
0.474509803921569
0.482352941176471
0.486274509803922
0.498039215686275
0.501960784313725
0.509803921568627
0.513725490196078
0.522156862745098
0.529411764705882
0.537254901960784
0.537254901960784
0.552941176470588
0.556862745098039
0.564705882352941
0.568627450980392
0.576470588235294
0.584313725490196
0.592156862745098
0.6
0.607843137254902
0.615686274509804
0.619607843137255
0.631372549019608
0.635294117647059
0.643137254901961
0.654901960784314
0.654901960784314
0.666666666666667
0.670588235294118
0.682352941176471
0.686274509803922
0.698039215686274
0.701960784313725
0.709803921568627
0.364705882352941
0.377176470588235
0.384313725490196
0.388235294117647
0.4
0.403921568627451
0.415686274509804
0.423529411764706
0.431372549019608
0.435294117647059
0.443137254901961
0.450980392156863
0.458823529411765
0.466666666666667
0.470588235294118
0.47843137254902
0.486274509803922
0.494117647058824
0.498039215686275
0.509803921568627
0.509803921568627
0.52156862745098
0.529411764705882
0.537254901960784
0.537254901960784
0.552941176470588
0.556862745098039
0.564705882352941
0.568627450980392
0.576470588235294
0.584313725490196
0.596078431372549
0.6
0.611764705882353
0.615686274509804
0.623529411764706
0.631372549019608
0.635294117647059
0.643137254901961
0.654901960784314
0.654901960784314
0.666666666666667
0.670588235294118
0.682352941176471
0.686274509803922
0.698039215686274
0.701960784313725
0.713725490196078
0.36078431372549
0.372549019607843
0.380392156862745
0.388235294117647
0.396078431372549
0.403921568627451
0.411764705882353
0.419607843137255
0.427450980392157
0.435294117647059
0.43921568627451
0.447058823529412
0.454901960784314
0.462745098039216
0.466666666666667
0.47843137254902
0.482352941176471
0.494117647058824
0.498039215686275
0.506588235294118
0.509803921568627
0.52156862745098
0.529411764705882
0.537254901960784
0.537254901960784
0.549019607843137
0.556862745098039
0.564705882352941
0.568627450980392
0.580392156862745
0.584313725490196
0.596078431372549
0.6
0.611764705882353
0.619607843137255
0.623529411764706
0.635294117647059
0.63921568627451
0.647058823529412
0.658823529411765
0.658823529411765
0.670588235294118
0.674509803921569
0.686274509803922
0.686274509803922
0.701960784313725
0.705882352941177
0.713725490196078
0.36078431372549
0.372549019607843
0.380392156862745
0.384901960784314
0.396078431372549
0.4
0.411764705882353
0.415686274509804
0.427450980392157
0.435294117647059
0.43921568627451
0.447058823529412
0.450980392156863
0.462745098039216
0.466666666666667
0.474509803921569
0.482352941176471
0.490196078431373
0.498039215686275
0.505882352941176
0.509803921568627
0.52156862745098
0.525490196078431
0.537254901960784
0.537254901960784
0.549019607843137
0.556862745098039
0.568627450980392
0.572549019607843
0.580392156862745
0.588235294117647
0.596078431372549
0.603921568627451
0.611764705882353
0.619607843137255
0.627450980392157
0.635294117647059
0.643137254901961
0.650980392156863
0.658823529411765
0.662745098039216
0.674509803921569
0.67843137254902
0.690196078431373
0.690196078431373
0.701960784313725
0.709803921568627
0.717647058823529
0.364705882352941
0.376470588235294
0.384313725490196
0.388823529411765
0.4
0.403921568627451
0.415686274509804
0.419607843137255
0.427450980392157
0.435294117647059
0.443137254901961
0.450980392156863
0.454901960784314
0.462745098039216
0.470588235294118
0.47843137254902
0.482352941176471
0.490196078431373
0.498039215686275
0.505882352941176
0.513725490196078
0.52156862745098
0.529411764705882
0.537254901960784
0.541176470588235
0.552941176470588
0.56078431372549
0.568627450980392
0.572549019607843
0.584313725490196
0.588235294117647
0.596078431372549
0.603921568627451
0.611764705882353
0.619607843137255
0.627450980392157
0.635294117647059
0.643137254901961
0.650980392156863
0.662745098039216
0.662745098039216
0.674509803921569
0.679019607843137
0.690196078431373
0.694117647058824
0.709803921568627
0.709803921568627
0.72156862745098
