0.537254901960784
0.533333333333333
0.529411764705882
0.529411764705882
0.525372549019608
0.517647058823529
0.509803921568627
0.505882352941176
0.501960784313725
0.498039215686275
0.486274509803922
0.486274509803922
0.47843137254902
0.474509803921569
0.470588235294118
0.462745098039216
0.462745098039216
0.454901960784314
0.450980392156863
0.43921568627451
0.43921568627451
0.427450980392157
0.427450980392157
0.423529411764706
0.419607843137255
0.407843137254902
0.403921568627451
0.4
0.396078431372549
0.388235294117647
0.384313725490196
0.376470588235294
0.372549019607843
0.36078431372549
0.36078431372549
0.345098039215686
0.344980392156863
0.337254901960784
0.333333333333333
0.32156862745098
0.32156862745098
0.317529411764706
0.313725490196078
0.298039215686275
0.294117647058824
0.290196078431373
0.290196078431373
0.27843137254902
0.541176470588235
0.537254901960784
0.529411764705882
0.529411764705882
0.52156862745098
0.513725490196078
0.509803921568627
0.505882352941176
0.501960784313725
0.494117647058824
0.490196078431373
0.486274509803922
0.482235294117647
0.474509803921569
0.466666666666667
0.462745098039216
0.458823529411765
0.450980392156863
0.450980392156863
0.435294117647059
0.435294117647059
0.427333333333333
0.423529411764706
0.415686274509804
0.411764705882353
0.403921568627451
0.4
0.392156862745098
0.388235294117647
0.376470588235294
0.372549019607843
0.364705882352941
0.364705882352941
0.352941176470588
0.349019607843137
0.337254901960784
0.333333333333333
0.329411764705882
0.32156862745098
0.313725490196078
0.305882352941176
0.305882352941176
0.301960784313725
0.286274509803922
0.286274509803922
0.27843137254902
0.274392156862745
0.266666666666667
0.541176470588235
0.537254901960784
0.529411764705882
0.529411764705882
0.52156862745098
0.517647058823529
0.509803921568627
0.505882352941176
0.501960784313725
0.494117647058824
0.486274509803922
0.482352941176471
0.47843137254902
0.470588235294118
0.462745098039216
0.458823529411765
0.458823529411765
0.447058823529412
0.447058823529412
0.431372549019608
0.431372549019608
0.423529411764706
0.415686274509804
0.407843137254902
0.403921568627451
0.396078431372549
0.392156862745098
0.380392156862745
0.380392156862745
0.368627450980392
0.364705882352941
0.352941176470588
0.352941176470588
0.341176470588235
0.341176470588235
0.329411764705882
0.325372549019608
0.317647058823529
0.317529411764706
0.305882352941176
0.298039215686275
0.294117647058824
0.294
0.274509803921569
0.274509803921569
0.266666666666667
0.266666666666667
0.254901960784314
0.545098039215686
0.537254901960784
0.533333333333333
0.533333333333333
0.529411764705882
0.52156862745098
0.513725490196078
0.509803921568627
0.505882352941176
0.494117647058824
0.490196078431373
0.47843137254902
0.47843137254902
0.470588235294118
0.462745098039216
0.454901960784314
0.454901960784314
0.443137254901961
0.443137254901961
0.431372549019608
0.427450980392157
0.415686274509804
0.411764705882353
0.403921568627451
0.396078431372549
0.388235294117647
0.380392156862745
0.376352941176471
0.372549019607843
0.36078431372549
0.360666666666667
0.345098039215686
0.349019607843137
0.333333333333333
0.333333333333333
0.32156862745098
0.317529411764706
0.309803921568627
0.309803921568627
0.298039215686275
0.290196078431373
0.282352941176471
0.282352941176471
0.266666666666667
0.266666666666667
0.258823529411765
0.254901960784314
0.247058823529412
0.545098039215686
0.537254901960784
0.533333333333333
0.537254901960784
0.529411764705882
0.52156862745098
0.517529411764706
0.505882352941176
0.505764705882353
0.494117647058824
0.490196078431373
0.482352941176471
0.47843137254902
0.470588235294118
0.462745098039216
0.454901960784314
0.454901960784314
0.443137254901961
0.43921568627451
0.427450980392157
0.427450980392157
0.415686274509804
0.411764705882353
0.403921568627451
0.392156862745098
0.384313725490196
0.384313725490196
0.372549019607843
0.364705882352941
0.356745098039216
0.352941176470588
0.341176470588235
0.341176470588235
0.329411764705882
0.325490196078431
0.313725490196078
0.309803921568627
0.301960784313725
0.298039215686275
0.290196078431373
0.27843137254902
0.27843137254902
0.274509803921569
0.258823529411765
0.258823529411765
0.250980392156863
0.247058823529412
0.23921568627451
0.549019607843137
0.545098039215686
0.541176470588235
0.537254901960784
0.529411764705882
0.52156862745098
0.52156862745098
0.509803921568627
0.505882352941176
0.498039215686275
0.494
0.482352941176471
0.47843137254902
0.466666666666667
0.462745098039216
0.454901960784314
0.454901960784314
0.43921568627451
0.435294117647059
0.419607843137255
0.419607843137255
0.411764705882353
0.407843137254902
0.396078431372549
0.388235294117647
0.380392156862745
0.376470588235294
0.364705882352941
0.36078431372549
0.349019607843137
0.345098039215686
0.337254901960784
0.333333333333333
0.32156862745098
0.32156862745098
0.305882352941176
0.301960784313725
0.294117647058824
0.290196078431373
0.282352941176471
0.274509803921569
0.270588235294118
0.270470588235294
0.250980392156863
0.247058823529412
0.243137254901961
0.235294117647059
0.235294117647059
0.552941176470588
0.549019607843137
0.541176470588235
0.541176470588235
0.537254901960784
0.52156862745098
0.517647058823529
0.509803921568627
0.505882352941176
0.498039215686275
0.490196078431373
0.482352941176471
0.47843137254902
0.466666666666667
0.458823529411765
0.450980392156863
0.450980392156863
0.435294117647059
0.431372549019608
0.415686274509804
0.415686274509804
0.407843137254902
0.403921568627451
0.388235294117647
0.384313725490196
0.376470588235294
0.368627450980392
0.36078431372549
0.356862745098039
0.345098039215686
0.341176470588235
0.329411764705882
0.329294117647059
0.313725490196078
0.313725490196078
0.298039215686275
0.294117647058824
0.286274509803922
0.282352941176471
0.27843137254902
0.266666666666667
0.262745098039216
0.258823529411765
0.243137254901961
0.243137254901961
0.235294117647059
0.231372549019608
0.227450980392157
0.556862745098039
0.552941176470588
0.549019607843137
0.541176470588235
0.533333333333333
0.52156862745098
0.517647058823529
0.509803921568627
0.501960784313725
0.498039215686275
0.486274509803922
0.482352941176471
0.474509803921569
0.466666666666667
0.458823529411765
0.447058823529412
0.447058823529412
0.431372549019608
0.427450980392157
0.411764705882353
0.411764705882353
0.403921568627451
0.396078431372549
0.384313725490196
0.380392156862745
0.372549019607843
0.368627450980392
0.352941176470588
0.349019607843137
0.341176470588235
0.337254901960784
0.325372549019608
0.32156862745098
0.305882352941176
0.305882352941176
0.294117647058824
0.294117647058824
0.282352941176471
0.27843137254902
0.270588235294118
0.262745098039216
0.258823529411765
0.250980392156863
0.235294117647059
0.239098039215686
0.227450980392157
0.219607843137255
0.219607843137255
0.556862745098039
0.552941176470588
0.545098039215686
0.537254901960784
0.533333333333333
0.525490196078431
0.517647058823529
0.509803921568627
0.501960784313725
0.494117647058824
0.486274509803922
0.482352941176471
0.470588235294118
0.466666666666667
0.454901960784314
0.447058823529412
0.443137254901961
0.427450980392157
0.423529411764706
0.407843137254902
0.407843137254902
0.4
0.392156862745098
0.372549019607843
0.372549019607843
0.368627450980392
0.36078431372549
0.352941176470588
0.345098039215686
0.337254901960784
0.333333333333333
0.32156862745098
0.317647058823529
0.305882352941176
0.301960784313725
0.290196078431373
0.286274509803922
0.27843137254902
0.274509803921569
0.262745098039216
0.254901960784314
0.254901960784314
0.247058823529412
0.231372549019608
0.231372549019608
0.223529411764706
0.219607843137255
0.215686274509804
0.552941176470588
0.549019607843137
0.545098039215686
0.537254901960784
0.529411764705882
0.52156862745098
0.517647058823529
0.509803921568627
0.501960784313725
0.490196078431373
0.482352941176471
0.47843137254902
0.470588235294118
0.462745098039216
0.450980392156863
0.443137254901961
0.43921568627451
0.423529411764706
0.419607843137255
0.407843137254902
0.407843137254902
0.392156862745098
0.388235294117647
0.372549019607843
0.372549019607843
0.36078431372549
0.356862745098039
0.345098039215686
0.341176470588235
0.333333333333333
0.325490196078431
0.317647058823529
0.313725490196078
0.301960784313725
0.301843137254902
0.290196078431373
0.27843137254902
0.274509803921569
0.270588235294118
0.258823529411765
0.250980392156863
0.247058823529412
0.243137254901961
0.227450980392157
0.223529411764706
0.219490196078431
0.211764705882353
0.207843137254902
0.552941176470588
0.545098039215686
0.541176470588235
0.537137254901961
0.529411764705882
0.517647058823529
0.513725490196078
0.505882352941176
0.501960784313725
0.490196078431373
0.482352941176471
0.474509803921569
0.470588235294118
0.458823529411765
0.447058823529412
0.443137254901961
0.43921568627451
0.423529411764706
0.419607843137255
0.407843137254902
0.403921568627451
0.392156862745098
0.388235294117647
0.368627450980392
0.368627450980392
0.356862745098039
0.352941176470588
0.337254901960784
0.333333333333333
0.329411764705882
0.317647058823529
0.313725490196078
0.309803921568627
0.301960784313725
0.297921568627451
0.290196078431373
0.274509803921569
0.270588235294118
0.266666666666667
0.254901960784314
0.247058823529412
0.243137254901961
0.23921568627451
0.223529411764706
0.223529411764706
0.215686274509804
0.211764705882353
0.203921568627451
0.549019607843137
0.545098039215686
0.541176470588235
0.533333333333333
0.529411764705882
0.517647058823529
0.513725490196078
0.505882352941176
0.494117647058824
0.486274509803922
0.47843137254902
0.474509803921569
0.466666666666667
0.454901960784314
0.443137254901961
0.43921568627451
0.435294117647059
0.419607843137255
0.419607843137255
0.403921568627451
0.403921568627451
0.388235294117647
0.384313725490196
0.364705882352941
0.364705882352941
0.356862745098039
0.349019607843137
0.337254901960784
0.333333333333333
0.329411764705882
0.317647058823529
0.313725490196078
0.305882352941176
0.298039215686275
0.290196078431373
0.282352941176471
0.270588235294118
0.266666666666667
0.262745098039216
0.250980392156863
0.247058823529412
0.243137254901961
0.23921568627451
0.223529411764706
0.223529411764706
0.211764705882353
0.211764705882353
0.203921568627451
0.549019607843137
0.541176470588235
0.537254901960784
0.529411764705882
0.525490196078431
0.513725490196078
0.509803921568627
0.501960784313725
0.494117647058824
0.482352941176471
0.474509803921569
0.474509803921569
0.462745098039216
0.450980392156863
0.443137254901961
0.435294117647059
0.431372549019608
0.419607843137255
0.41556862745098
0.4
0.4
0.388235294117647
0.384313725490196
0.364705882352941
0.364705882352941
0.356862745098039
0.349019607843137
0.337254901960784
0.329411764705882
0.325490196078431
0.313725490196078
0.309803921568627
0.301960784313725
0.294117647058824
0.290196078431373
0.27843137254902
0.266666666666667
0.262745098039216
0.262745098039216
0.247058823529412
0.243137254901961
0.23921568627451
0.23921568627451
0.223529411764706
0.223529411764706
0.215686274509804
0.211764705882353
0.203921568627451
0.541176470588235
0.537254901960784
0.533333333333333
0.525490196078431
0.52156862745098
0.513725490196078
0.505882352941176
0.498039215686275
0.490196078431373
0.482352941176471
0.470588235294118
0.470588235294118
0.462745098039216
0.450980392156863
0.43921568627451
0.431372549019608
0.431372549019608
0.419607843137255
0.415686274509804
0.396078431372549
0.396078431372549
0.388235294117647
0.380392156862745
0.36078431372549
0.36078431372549
0.352941176470588
0.345098039215686
0.337254901960784
0.329411764705882
0.325372549019608
0.317647058823529
0.309803921568627
0.305882352941176
0.294117647058824
0.286274509803922
0.27843137254902
0.266666666666667
0.262745098039216
0.262627450980392
0.247058823529412
0.243137254901961
0.243019607843137
0.23921568627451
0.223529411764706
0.223529411764706
0.215686274509804
0.211764705882353
0.203921568627451
0.533333333333333
0.533333333333333
0.525490196078431
0.52156862745098
0.513725490196078
0.505882352941176
0.501960784313725
0.494117647058824
0.486274509803922
0.47843137254902
0.470588235294118
0.466666666666667
0.458823529411765
0.447058823529412
0.43921568627451
0.431372549019608
0.431372549019608
0.415686274509804
0.411764705882353
0.392156862745098
0.396078431372549
0.384313725490196
0.380392156862745
0.36078431372549
0.36078431372549
0.352941176470588
0.345098039215686
0.337254901960784
0.329411764705882
0.32156862745098
0.313725490196078
0.309803921568627
0.301960784313725
0.294117647058824
0.286274509803922
0.282352941176471
0.266666666666667
0.266666666666667
0.262745098039216
0.250980392156863
0.247058823529412
0.23921568627451
0.23921568627451
0.223529411764706
0.223529411764706
0.219607843137255
0.215686274509804
0.207843137254902
0.529411764705882
0.529411764705882
0.52156862745098
0.517647058823529
0.509803921568627
0.501960784313725
0.494117647058824
0.490196078431373
0.482352941176471
0.470588235294118
0.470588235294118
0.458823529411765
0.450980392156863
0.443137254901961
0.435294117647059
0.431372549019608
0.427450980392157
0.415686274509804
0.411764705882353
0.392156862745098
0.392156862745098
0.384313725490196
0.380392156862745
0.36078431372549
0.360666666666667
0.352941176470588
0.345098039215686
0.337254901960784
0.329411764705882
0.32156862745098
0.313725490196078
0.309803921568627
0.305882352941176
0.298039215686275
0.290196078431373
0.286274509803922
0.270588235294118
0.266666666666667
0.266666666666667
0.250980392156863
0.250980392156863
0.247058823529412
0.243137254901961
0.227450980392157
0.227450980392157
0.223529411764706
0.219607843137255
0.215686274509804
0.525490196078431
0.525490196078431
0.517647058823529
0.513725490196078
0.505882352941176
0.498039215686275
0.490196078431373
0.486156862745098
0.47843137254902
0.470588235294118
0.466666666666667
0.458823529411765
0.450980392156863
0.443137254901961
0.43921568627451
0.431372549019608
0.427450980392157
0.415686274509804
0.411764705882353
0.392156862745098
0.396078431372549
0.384313725490196
0.376470588235294
0.36078431372549
0.36078431372549
0.352941176470588
0.348901960784314
0.341058823529412
0.333333333333333
0.325490196078431
0.317647058823529
0.313725490196078
0.305882352941176
0.301960784313725
0.294117647058824
0.290196078431373
0.274509803921569
0.270588235294118
0.270588235294118
0.254901960784314
0.254901960784314
0.250862745098039
0.250980392156863
0.235294117647059
0.235294117647059
0.227450980392157
0.227450980392157
0.219607843137255
0.525372549019608
0.52156862745098
0.509803921568627
0.513725490196078
0.501960784313725
0.494117647058824
0.490196078431373
0.482352941176471
0.47843137254902
0.470588235294118
0.466666666666667
0.458823529411765
0.450980392156863
0.443137254901961
0.43921568627451
0.431372549019608
0.427450980392157
0.415686274509804
0.411764705882353
0.392156862745098
0.396078431372549
0.384313725490196
0.380392156862745
0.364705882352941
0.364705882352941
0.356862745098039
0.352941176470588
0.341176470588235
0.333333333333333
0.325490196078431
0.32156862745098
0.317647058823529
0.309803921568627
0.305882352941176
0.298039215686275
0.298039215686275
0.282352941176471
0.282117647058824
0.27843137254902
0.262745098039216
0.258823529411765
0.258823529411765
0.258823529411765
0.243137254901961
0.243137254901961
0.235294117647059
0.235294117647059
0.227333333333333
0.52156862745098
0.52156862745098
0.509803921568627
0.509803921568627
0.501960784313725
0.494117647058824
0.490196078431373
0.486274509803922
0.47843137254902
0.470588235294118
0.466666666666667
0.458823529411765
0.450980392156863
0.443137254901961
0.43921568627451
0.431372549019608
0.431372549019608
0.419490196078431
0.415686274509804
0.4
0.4
0.388235294117647
0.384313725490196
0.364705882352941
0.364705882352941
0.36078431372549
0.356862745098039
0.345098039215686
0.341176470588235
0.333333333333333
0.329411764705882
0.32156862745098
0.32156862745098
0.309803921568627
0.305882352941176
0.301960784313725
0.290196078431373
0.286274509803922
0.286274509803922
0.274509803921569
0.270588235294118
0.262745098039216
0.262745098039216
0.250980392156863
0.250862745098039
0.243137254901961
0.243137254901961
0.235294117647059
0.52156862745098
0.52156862745098
0.509803921568627
0.509803921568627
0.501960784313725
0.498039215686275
0.490196078431373
0.486274509803922
0.47843137254902
0.470588235294118
0.466666666666667
0.458823529411765
0.454901960784314
0.443137254901961
0.443019607843137
0.431372549019608
0.431372549019608
0.419607843137255
0.415686274509804
0.403921568627451
0.403921568627451
0.395960784313726
0.388235294117647
0.372549019607843
0.372549019607843
0.364705882352941
0.368627450980392
0.356862745098039
0.352941176470588
0.344980392156863
0.341176470588235
0.333333333333333
0.329411764705882
0.32156862745098
0.317647058823529
0.313725490196078
0.298039215686275
0.298039215686275
0.298039215686275
0.286274509803922
0.27843137254902
0.27843137254902
0.27843137254902
0.258823529411765
0.258823529411765
0.250980392156863
0.254901960784314
0.243137254901961
0.529411764705882
0.525490196078431
0.517647058823529
0.513725490196078
0.505882352941176
0.501960784313725
0.494117647058824
0.494117647058824
0.482352941176471
0.474509803921569
0.470588235294118
0.458823529411765
0.458823529411765
0.450862745098039
0.447058823529412
0.43921568627451
0.43921568627451
0.423529411764706
0.423529411764706
0.407843137254902
0.407843137254902
0.4
0.4
0.380392156862745
0.380392156862745
0.376470588235294
0.376470588235294
0.364705882352941
0.36078431372549
0.352941176470588
0.352941176470588
0.344980392156863
0.341176470588235
0.333333333333333
0.329411764705882
0.325490196078431
0.313725490196078
0.309803921568627
0.309803921568627
0.298039215686275
0.294117647058824
0.290196078431373
0.290196078431373
0.274509803921569
0.274509803921569
0.266666666666667
0.270470588235294
0.254901960784314
0.541176470588235
0.537254901960784
0.529411764705882
0.529411764705882
0.517647058823529
0.513725490196078
0.505882352941176
0.501960784313725
0.494117647058824
0.486274509803922
0.482352941176471
0.470588235294118
0.470588235294118
0.458823529411765
0.454901960784314
0.447058823529412
0.443137254901961
0.431372549019608
0.431372549019608
0.423529411764706
0.419607843137255
0.411764705882353
0.407843137254902
0.392156862745098
0.392156862745098
0.388235294117647
0.384313725490196
0.376470588235294
0.372549019607843
0.368627450980392
0.36078431372549
0.352941176470588
0.349019607843137
0.345098039215686
0.337254901960784
0.337254901960784
0.325490196078431
0.32156862745098
0.32156862745098
0.309803921568627
0.305882352941176
0.301960784313725
0.301960784313725
0.290196078431373
0.290196078431373
0.282352941176471
0.282352941176471
0.270588235294118
