31.4407843137255
28.7203921568627
28.156862745098
24.3529411764706
25.6196078431373
23.5411764705882
24.2250980392157
24.4650980392157
23.7254901960784
21.3588235294118
21.4509803921569
18.7058823529412
22.8392156862745
22.6666666666667
23.6078431372549
26.8917647058824
29.0603921568627
26.7054901960784
26.1074509803922
26.3019607843137
21.8039215686275
27.921568627451
26.2352941176471
26.6137254901961
25.7647058823529
24.6666666666667
26.5450980392157
26.8627450980392
25.6223529411765
22.5490196078431
24.8458823529412
25.3725490196078
23.3333333333333
23.3466666666667
27.9333333333333
21.1921568627451
20.6027450980392
24.6392156862745
24.8235294117647
25.5843137254902
25.2470588235294
24.8627450980392
29.5803921568627
26.1176470588235
29.8890196078431
24.8235294117647
27.636862745098
25.643137254902
23.7254901960784
19.5176470588235
24
27.3333333333333
26.1960784313725
24.2164705882353
27.1764705882353
24.2078431372549
21.9490196078431
24.0117647058824
23.1490196078431
25.7647058823529
24.8235294117647
20.2352941176471
24.6627450980392
28.5239215686275
28.4313725490196
27.0549019607843
25.1282352941176
24.3529411764706
31.8941176470588
28.5243137254902
25.1764705882353
25.2549019607843
22.9019607843137
23.7545098039216
22.5098039215686
25.2549019607843
20.8772549019608
22.4313725490196
26.9019607843137
25.6470588235294
23.9607843137255
23.636862745098
27.2447058823529
23.0196078431373
27.8721568627451
26.9949019607843
28.6274509803922
25.1192156862745
25.4509803921569
24.7596078431372
23.5686274509804
26.5882352941176
29.6196078431373
31.2941176470588
29.9898039215686
22.1176470588235
29.8039215686274
24.6560784313725
4.31372549019608
23.1466666666667
21.1764705882353
27.7458823529412
20.2380392156863
27.2458823529412
25.8145098039216
26.6666666666667
26.6274509803922
26.7882352941176
32.1176470588235
28.74
27.7647058823529
29.6862745098039
22.9803921568627
25.8941176470588
23.3333333333333
23.8156862745098
26.5243137254902
25.6062745098039
26.0274509803922
24.5505882352941
24.156862745098
25.401568627451
26.6027450980392
26.9949019607843
26.8
27.6094117647059
18.6650980392157
25.5474509803921
24.6274509803922
23.1270588235294
24.4313725490196
25.9290196078431
23.3490196078431
27.1517647058823
24.9411764705882
27.5176470588235
24.3427450980392
26.8439215686275
30.0619607843137
29.636862745098
28.078431372549
26.6380392156863
26.2352941176471
32.6980392156863
24.6054901960784
23.9607843137255
23.3333333333333
21.3803921568627
25.3333333333333
25.5686274509804
23.2549019607843
26.4811764705882
25.843137254902
23.9564705882353
26.3580392156863
21.321568627451
24.3137254901961
23.7760784313725
25.6290196078431
25.2549019607843
23.4117647058823
22.6462745098039
19.02
25.0196078431373
27.3807843137255
41.1439215686274
34.4078431372549
26.9803921568627
23.1529411764706
21.7882352941176
22.1466666666667
26.7054901960784
28.7803921568627
24.5882352941176
18
20.8654901960784
27.5129411764706
22.4827450980392
25.2549019607843
27.9113725490196
27.4509803921569
26.7529411764706
25.52
27.9505882352941
27.6588235294118
25.4901960784314
23.6078431372549
28.8627450980392
31.1098039215686
25.8313725490196
26
27.478431372549
21.4858823529412
25.2458823529412
26.1960784313725
24.0392156862745
26.8133333333333
21.0486274509804
23.0878431372549
28.2454901960784
27.4145098039216
32.8376470588235
27.2819607843137
22.0580392156863
23.8823529411765
25.2156862745098
25.6078431372549
28.5490196078431
27.4901960784314
26.6564705882353
17.6317647058823
14.4588235294118
27.2690196078431
24.1345098039216
25.9607843137255
19.6470588235294
25.3396078431372
25.6078431372549
26.9921568627451
28.4211764705882
25.6627450980392
23.3333333333333
25.1372549019608
29.0980392156863
27.6078431372549
26.521568627451
26.4705882352941
25.6078431372549
22.0929411764706
29.9607843137255
25.4439215686275
27.6078431372549
26.156862745098
23.5690196078431
28.3976470588235
21.9439215686274
26.8745098039216
26.121568627451
27.2156862745098
19.1921568627451
22.801568627451
24.2745098039216
23.5294117647059
26.1960784313726
20.9090196078431
24.8678431372549
16.3117647058823
24.3254901960784
24.4901960784314
27.1337254901961
24.6172549019608
23.3450980392157
25.5176470588235
27.103137254902
23.878431372549
27.2447058823529
26.9129411764706
24.3137254901961
25.5294117647059
26.0549019607843
26.7741176470588
20.9105882352941
19.5235294117647
25.0196078431373
25.843137254902
24.6172549019608
24.0145098039216
22.7203921568627
20.3137254901961
15.9635294117647
22.8525490196078
27.4509803921569
27.0223529411765
21.5686274509804
30.7607843137255
26.3035294117647
25.8039215686274
28.6666666666667
28.656862745098
27.843137254902
31.0486274509804
17.0039215686274
27.6760784313725
25.9607843137255
22.1176470588235
25.5333333333333
25.843137254902
26.5882352941176
19.843137254902
21.0901960784314
22.5882352941176
25.0054901960784
24.7450980392157
22.8627450980392
22.5780392156863
22.0392156862745
25.0313725490196
26
23.9313725490196
22.3137254901961
21.5294117647059
21.921568627451
25.2325490196078
21.7823529411765
24.4705882352941
24.6274509803922
18.443137254902
28.1725490196078
22.2352941176471
23.6470588235294
27.043137254902
27.5686274509804
25.0486274509804
23.6760784313725
23.3333333333333
27.7254901960784
26.6337254901961
19.5321568627451
27.7792156862745
19.6078431372549
22.2745098039216
21.2156862745098
24.1176470588235
27.5803921568627
26.2207843137255
21.6235294117647
25.5843137254902
19.2054901960784
26.7960784313725
22.2745098039216
24.3058823529412
27.5294117647059
28.2352941176471
27.8721568627451
24.9592156862745
26.6274509803922
19.843137254902
19.5113725490196
26.6274509803922
24.1725490196078
18.3921568627451
25.8752941176471
23.2227450980392
22.72
22.2129411764706
18.3670588235294
14.6549019607843
20.1411764705882
24.8035294117647
27.2156862745098
20.2352941176471
24.5098039215686
22.1898039215686
24.7843137254902
22.4313725490196
24.1176470588235
25.7647058823529
23.8941176470588
21.5607843137255
25.6521568627451
26.4313725490196
23.6878431372549
26.0392156862745
26.6666666666667
24.9803921568627
28.5098039215686
23.9317647058824
23.5113725490196
22.6274509803922
25.1517647058823
23.7647058823529
28.6274509803922
28.7450980392157
29.5686274509804
30.2078431372549
27.0980392156863
32.956862745098
24.5007843137255
22.9396078431373
14.2643137254902
26.1176470588235
22.521568627451
28.6721568627451
27.2941176470588
19.8745098039216
21.1690196078431
25.7627450980392
26.721568627451
23.2396078431373
24.6564705882353
22.078431372549
21.4901960784314
26.8627450980392
22.9803921568627
25.6470588235294
26.3254901960784
29.0705882352941
23.4509803921569
26.5490196078431
27.3725490196078
22.8235294117647
24.3427450980392
26.3137254901961
26.9403921568627
25.6470588235294
25.4509803921569
25.0094117647059
23.3725490196078
25.9607843137255
28.3137254901961
25.0588235294118
27.3247058823529
27.1764705882353
30.4996078431373
26.5098039215686
24.6549019607843
23.7380392156863
26.7843137254902
25.1411764705882
25.6078431372549
29.2941176470588
23.1466666666667
24.4313725490196
22.0392156862745
28.3921568627451
25.7937254901961
26.6666666666667
28.1960784313725
26.0352941176471
26.8862745098039
25.2509803921569
17.7372549019608
18.2352941176471
22.6541176470588
22.1333333333333
24.3243137254902
22.3529411764706
29.0588235294118
27.5886274509804
24.8235294117647
23.7796078431373
21.721568627451
23.5125490196078
22.5882352941176
21.921568627451
26.1858823529412
22.9411764705882
27.4247058823529
24.4705882352941
27.921568627451
29.5294117647059
26.1466666666667
26.078431372549
27.3725490196078
24.8235294117647
24.156862745098
27.0588235294118
24.2352941176471
26.7058823529412
28.3529411764706
27.721568627451
23.9607843137255
26.8235294117647
28.1074509803922
26.7843137254902
25.4133333333333
24.4643137254902
21.4901960784314
24.0549019607843
23.6470588235294
21.3478431372549
22.4313725490196
28.2901960784314
24.2352941176471
25.2941176470588
26.4705882352941
26.2745098039216
18.3843137254902
1.64705882352941
19.7937254901961
22.9309803921569
25.8196078431373
25.0878431372549
22.3529411764706
22.9411764705882
23.4117647058824
19.1372549019608
22.9803921568627
23.601568627451
23.5686274509804
19.3333333333333
26.3529411764706
26.443137254902
28.4470588235294
26.5278431372549
22.5882352941176
24.4066666666667
23.401568627451
31.043137254902
27.3333333333333
25.556862745098
25.8705882352941
24.9270588235294
24.6956862745098
19.8823529411765
22.8235294117647
25.9505882352941
26.643137254902
23.6235294117647
24.9019607843137
21.0196078431373
27.2862745098039
19.1058823529412
24.3647058823529
25.5047058823529
24.5490196078431
18.9019607843137
22.4078431372549
22.9019607843137
26.3450980392157
25.2156862745098
11.0980392156863
25.0980392156863
29.6078431372549
24.7843137254902
28.5933333333333
26.7843137254902
25.4407843137255
26.7843137254902
25.9713725490196
24.8541176470588
23.4117647058824
22.1176470588235
16.3921568627451
24
24.9960784313726
26.1176470588235
20.2745098039216
25.9725490196078
27.3333333333333
27.7152941176471
26.5098039215686
24.5490196078431
22.3717647058824
24.001568627451
22.3137254901961
21.2156862745098
28.8627450980392
30.1074509803922
28.5098039215686
27.1270588235294
29.5686274509804
26.3035294117647
29.7647058823529
27.4117647058823
30.8733333333333
29.3333333333333
29.3247058823529
27.6223529411765
24.443137254902
25.4117647058823
20.6027450980392
21.4917647058823
27.2941176470588
27.1270588235294
20.3125490196078
26.4047058823529
20.5647058823529
27.0980392156863
28.078431372549
26.2470588235294
26.5882352941176
24.8235294117647
23.6470588235294
23.0588235294118
26.0250980392157
21.2156862745098
29.6470588235294
39.48
28.078431372549
26.1478431372549
25.1372549019608
25.921568627451
23.0588235294118
28.0972549019608
26.0447058823529
22.9411764705882
28.2745098039216
27.8749019607843
27.8039215686274
23.8039215686275
28.156862745098
24.3427450980392
23.7772549019608
23.2266666666667
26.9764705882353
28.7450980392157
27.321568627451
25.1560784313725
25.3333333333333
28.7317647058823
26.8560784313725
28.1074509803922
24.5490196078431
19.2941176470588
25.2180392156863
25.2156862745098
28.5678431372549
25.923137254902
26.3529411764706
29.7372549019608
29.1372549019608
30.5647058823529
28.7478431372549
22.5490196078431
26.8352941176471
24.6027450980392
24.3137254901961
25.2549019607843
28.6980392156863
26.8627450980392
25.6078431372549
26.5490196078431
23.4901960784314
25.521568627451
23.3333333333333
20.3137254901961
27.6760784313725
20.5882352941176
25.0980392156863
23.9764705882353
22.8627450980392
18.5098039215686
16.7933333333333
19.6862745098039
22.7513725490196
26.7843137254902
26.0392156862745
25.8066666666667
24.5996078431373
24.8772549019608
22.4705882352941
20.078431372549
16.1850980392157
23.9329411764706
26.7843137254902
14.5666666666667
24.2549019607843
29.2156862745098
27.0588235294118
26
26.8627450980392
26.9294117647059
27.6980392156863
28.0682352941176
29.0411764705882
26.2745098039216
29.401568627451
21.5329411764706
22.0039215686274
25.1333333333333
24.9019607843137
25.3843137254902
25.9607843137255
29.6266666666667
27.0980392156863
32.2745098039216
21.4509803921569
21.6929411764706
25.4219607843137
25.3333333333333
24.8172549019608
18.8627450980392
18.9396078431373
25.7647058823529
25.0423529411765
25.4509803921569
27.0196078431372
24.3137254901961
27.6470588235294
24.3035294117647
27.2549019607843
22.156862745098
26.156862745098
25.4274509803922
25.3725490196078
23.4117647058823
25.0980392156863
28.0654901960784
20.9803921568627
25.9607843137255
26.2745098039216
27.6078431372549
26.9411764705882
26.5286274509804
28.156862745098
27.2725490196078
28.7450980392157
26.5098039215686
25.3333333333333
29.2
29.0792156862745
29.2313725490196
27.6650980392157
24.5380392156863
26.8235294117647
28.6666666666667
26.3686274509804
20.3282352941176
25.5937254901961
24.9411764705882
28.1
29.1372549019608
23.1513725490196
24.2352941176471
25.7764705882353
23.4117647058824
17.921568627451
26.7450980392157
24.1713725490196
20.6274509803922
20.8627450980392
20.8627450980392
24.5490196078431
27.2301960784314
23.2549019607843
21.9607843137255
22
21.2160784313725
23.0980392156863
21.8039215686275
24.3921568627451
28.8235294117647
26.3035294117647
25.6937254901961
29.1372549019608
23.9113725490196
29.1764705882353
26.5266666666667
25.896862745098
24.1960784313725
30.0705882352941
25.1882352941176
24.7988235294118
27.3372549019608
24.8235294117647
23.503137254902
19.7254901960784
23.9607843137255
24.1960784313725
20.7843137254902
21.8745098039216
22.7145098039216
24.7843137254902
25.6223529411765
27.4937254901961
31.1764705882353
29.7152941176471
26.3137254901961
27.2156862745098
29.7019607843137
26.5490196078431
28.1176470588235
31.2156862745098
26.9482352941176
25.236862745098
24.9411764705882
25.3843137254902
24.9
20.5490196078431
21.9333333333333
27.2941176470588
21.1882352941176
21.8823529411765
24.2470588235294
29.921568627451
25.7074509803921
26.078431372549
21.4509803921569
21.558431372549
23.9098039215686
26.3921568627451
21.8721568627451
22.8627450980392
22.9019607843137
24.4039215686275
26.7058823529412
27.323137254902
28.9803921568627
29.0258823529412
26.1596078431373
28.1074509803922
24.078431372549
23.4509803921569
22.4627450980392
18.5694117647059
24.8235294117647
27.8196078431373
25.4066666666667
28.078431372549
25.843137254902
24.7843137254902
24.7843137254902
23.5047058823529
17.1207843137255
25.3874509803922
23.2447058823529
27.461568627451
26.676862745098
23.3086274509804
20.156862745098
22.4211764705882
24.5388235294118
23.2580392156863
23.3725490196078
23.2941176470588
19.4509803921569
16
18.1960784313726
18.1333333333333
21.0980392156863
19.1117647058823
7.26901960784314
25.5294117647059
25.3725490196078
16.7972549019608
18.7172549019608
25.0980392156863
25.5960784313726
26.521568627451
27.401568627451
23.8878431372549
26.1960784313726
25.0952941176471
22.6992156862745
22.2745098039216
23.2156862745098
24.9803921568627
20.7741176470588
24.7450980392157
20.2745098039216
26.5254901960784
25.2717647058824
23.4901960784314
25.2941176470588
24.156862745098
24.363137254902
25.921568627451
17.3521568627451
21.9113725490196
29.8588235294118
24.5647058823529
23.1372549019608
24.5098039215686
20.1176470588235
18.4682352941176
17.1886274509804
28.0027450980392
26.156862745098
25.4407843137255
26.5172549019608
26.5098039215686
22.3294117647059
18.4235294117647
23.8823529411765
22.1176470588235
25.1270588235294
21.7254901960784
25.7254901960784
21.0352941176471
21.538431372549
24.5490196078431
19.7647058823529
20.078431372549
23.9607843137255
25.0878431372549
18.7141176470588
23.5356862745098
23.5294117647059
25.7545098039216
29.0588235294118
22.9803921568627
24.5780392156863
22.2352941176471
25.0196078431373
26.1364705882353
17.0933333333333
24.6274509803922
25.1529411764706
23.843137254902
24.156862745098
23.6078431372549
20.0290196078431
24.6811764705882
22.8235294117647
22.5098039215686
26.1960784313725
29.3725490196078
26.0901960784314
28.4603921568627
24.1843137254902
24.7607843137255
22.4458823529412
20.1450980392156
18.2329411764706
23.9607843137255
20.7109803921569
26.7019607843137
22.4705882352941
22.156862745098
21.8701960784314
18.8376470588235
21.7647058823529
22.8352941176471
18.0392156862745
7.89058823529407
20.1725490196078
24.1176470588235
22.6666666666667
22.1074509803922
21.1764705882353
23.2549019607843
20.2062745098039
25.5686274509804
24.9019607843137
20.8235294117647
26.6666666666667
29.1882352941176
24.7843137254902
26.3462745098039
23.4901960784314
21.0196078431373
21.9372549019608
25.8576470588235
26.3137254901961
27.0196078431373
22.8494117647059
21.6862745098039
24.9411764705882
24.5882352941176
23.6862745098039
23.8721568627451
25.1372549019608
25.1764705882353
26.6564705882353
23.5058823529412
26.9803921568627
24.9019607843137
22.8627450980392
25.3105882352941
22.5490196078431
18.5490196078431
20.7647058823529
21.3450980392157
28.5058823529412
27.3725490196078
22.6811764705882
22.3662745098039
24.5882352941176
24.1086274509804
22.3529411764706
18.3674509803922
22.1176470588235
25.3058823529412
18.2745098039216
23.6470588235294
18.3137254901961
22.7450980392157
24.5780392156863
24.4039215686274
24.6666666666667
22.5098039215686
5.19294117647059
2.7843137254902
26.2690196078431
26.1843137254902
23.9662745098039
26.6443137254902
21.0588235294118
16
22.5882352941176
23.2156862745098
24.0392156862745
28.3976470588235
17.0196078431373
24.9019607843137
22.9529411764706
21.2549019607843
24.6301960784314
16.3921568627451
21.3278431372549
23.7254901960784
27.0094117647059
23.5686274509804
22.0392156862745
24.5325490196078
26.278431372549
26.6666666666667
20.1176470588235
24.3137254901961
25.7545098039216
26.6274509803922
24.9411764705882
26.9411764705882
25.6862745098039
21.4509803921569
18
20.4223529411765
27.9505882352941
25.9807843137255
26.9019607843137
26.9411764705882
26.0117647058824
26.643137254902
26.7058823529412
27.5294117647059
28.1176470588235
28.6172549019608
27.0094117647059
29.74
29.1764705882353
29.8952941176471
29.3741176470588
30.0392156862745
33.9686274509804
27.1858823529412
26.5250980392157
21.1270588235294
24.4705882352941
26.9176470588235
24.0509803921569
21.6760784313725
22.9019607843137
20.3462745098039
17.5909803921569
27.2564705882353
21.661568627451
25.0980392156863
22.9411764705882
21.5686274509804
23.4117647058824
21.1427450980392
23.3333333333333
25.5843137254902
21.8039215686274
16.3529411764706
21.8207843137255
22.4196078431373
20.1333333333333
26.4705882352941
25.4274509803922
27.2274509803922
21.3949019607843
21.0901960784314
20.8235294117647
15.3137254901961
