1.17647058823529
11.4901960784314
13.8039215686275
13.1372549019608
13.5909803921569
12.3137254901961
12.2352941176471
11.4509803921569
11.1019607843137
10
11.3372549019608
10.8627450980392
9.88235294117647
9.52941176470588
8.90196078431373
8.65098039215686
9.60784313725491
9.64196078431372
12.3529411764706
13.1262745098039
13.6470588235294
11.8666666666667
12.1862745098039
12.078431372549
12.14
11.6862745098039
11.5686274509804
11.3725490196078
11.6078431372549
10.7058823529412
11.1647058823529
11.4509803921569
11.2156862745098
8.58823529411765
10.2023529411765
10.9411764705882
10.9321568627451
11.4509803921569
13.2549019607843
9.01960784313726
11.2549019607843
10.7450980392157
11.5411764705882
11.3725490196078
10.5529411764706
12.8666666666667
12.6666666666667
12.278431372549
1.1764705882353
13.0588235294118
13.7294117647059
10.6274509803922
9.72941176470588
7.37803921568627
12
11.2156862745098
10.078431372549
10.7686274509804
11.8823529411765
10.2352941176471
10.0894117647059
10.8627450980392
11.2156862745098
12
10.4705882352941
9.23490196078432
12.078431372549
13.6196078431373
13.3725490196079
11.4509803921569
9.80392156862745
10.0392156862745
11.843137254902
12.2745098039216
10.6274509803922
10.6666666666667
11.0588235294118
10.7450980392157
10.0392156862745
10.7058823529412
9.76862745098039
10.3529411764706
11.843137254902
11.0588235294118
10.7058823529412
11.5294117647059
11.5294117647059
10.156862745098
11.2549019607843
11.0980392156863
11.4866666666667
11.0588235294118
12.6666666666667
10.1960784313725
12.156862745098
12.4313725490196
1.25490196078431
13.0627450980392
14.201568627451
11.8470588235294
11.921568627451
10.0823529411765
10.156862745098
10.2352941176471
11.4901960784314
12.078431372549
12.3921568627451
11.5686274509804
11.6862745098039
11.5294117647059
11.1372549019608
12.3921568627451
13.7647058823529
12.1176470588235
13.6509803921569
12.9650980392157
10.4549019607843
10.0392156862745
10.0901960784314
10.9411764705882
11.358431372549
11.1764705882353
11.1596078431372
10.8627450980392
10.3992156862745
11.5058823529412
12.3529411764706
12.5882352941176
13.0980392156863
11.6470588235294
9.2478431372549
10.6054901960784
9.60784313725489
11.2588235294118
11.3725490196078
9.29411764705882
9.85490196078431
11.4901960784314
12.5490196078431
12.7058823529412
11.5921568627451
12.1960784313726
13.1764705882353
14.0392156862745
1.1764705882353
13.7647058823529
13.921568627451
11.0588235294118
10.1176470588235
8.98039215686275
9.25490196078432
9.86549019607843
9.84313725490196
9.71019607843137
10.6498039215686
10.9411764705882
11.1592156862745
10.078431372549
11.0588235294118
9.35450980392157
9.67058823529412
10
11.1764705882353
11.2666666666667
9.88235294117647
9.19019607843137
9.6078431372549
11.4341176470588
11.843137254902
10.5321568627451
12.1960784313725
11.3725490196078
9.67450980392156
10.0392156862745
11.2941176470588
13.6917647058824
12.1960784313725
10.8235294117647
8.62745098039216
10.9752941176471
12.0392156862745
10.156862745098
12.078431372549
12.2745098039216
11.6078431372549
10.8627450980392
11.2549019607843
12.5176470588235
12.3137254901961
13.0588235294118
11.9607843137255
13.3333333333333
0.901960784313722
11.9254901960784
12.2745098039216
10.1960784313726
9.73725490196078
12.0039215686275
10.7058823529412
10.6117647058824
11.2156862745098
9.2156862745098
11.6470588235294
11.8705882352941
14.6274509803922
13.8823529411765
11.2156862745098
10.1176470588235
10.356862745098
11.1803921568627
11.6078431372549
12.123137254902
12.5803921568627
11.6470588235294
9.17647058823529
11.4537254901961
13.0811764705882
11.843137254902
10.7058823529412
9.39686274509804
11.9294117647059
11.2156862745098
11.4172549019608
12
11.3972549019608
11.0313725490196
12.2745098039216
13.1427450980392
13.5294117647059
11.375294117647
11.4901960784314
10.5098039215686
10.5098039215686
14.1176470588235
13.3333333333333
13.1372549019608
11.6470588235294
11.6078431372549
12.1960784313726
10.5321568627451
1.17647058823529
6.62745098039216
11.843137254902
10.9803921568628
9.55294117647059
9.16470588235294
10.7058823529412
10.2352941176471
10.6274509803922
10.078431372549
11.4733333333333
11.0588235294118
10.9360784313726
10.6274509803922
10.0054901960784
9.60784313725491
11.2941176470588
11.921568627451
10.9560784313725
11.5741176470588
10.2298039215686
10.5066666666667
10.7058823529412
11.4509803921569
11.8823529411765
7.92156862745099
8.70588235294117
10.0039215686274
10.5882352941176
9.56862745098039
9.72549019607843
9.00274509803921
8.12156862745098
5.17647058823529
11.6470588235294
12.0392156862745
10.5882352941176
11.8901960784314
13.8588235294117
11.1019607843137
12.3921568627451
12.9803921568627
12.8627450980392
12.8066666666667
13.0588235294118
7.5513725490196
12.7058823529412
10.6274509803922
0.784313725490199
10.1960784313726
11.4392156862745
9.80392156862745
8.80666666666666
8.7843137254902
11.3333333333333
11.0862745098039
10.078431372549
8.82352941176471
9.73725490196079
10.0043137254902
11.2549019607843
10.8627450980392
10.2125490196078
9.41176470588236
9.25490196078431
10.4537254901961
10.5490196078431
9.88235294117647
10.5333333333333
10.5333333333333
12.2745098039216
12
8.98039215686275
10.7529411764706
11.4341176470588
11.4509803921569
8.39215686274509
10.8235294117647
10.7882352941176
12.156862745098
11.6470588235294
8.64941176470582
12.4313725490196
9.41176470588235
9.59764705882353
9.13725490196079
9.96078431372549
10.7058823529412
9.96078431372549
10.1901960784314
10.418431372549
8.03921568627451
11.921568627451
9.22745098039216
12.5098039215686
12.5098039215686
0.392156862745097
12.4313725490196
13.2156862745098
10.4549019607843
8.74509803921569
11.3725490196078
11.4509803921569
9.24196078431372
8.65490196078431
10.4313725490196
10.0517647058824
8.66666666666667
9.10980392156863
6.54901960784314
6.19607843137255
8.47058823529412
11.3274509803922
12.6203921568627
11.2156862745098
11.4607843137255
10.6666666666667
9.76470588235294
10.7058823529412
10.7450980392157
9.6721568627451
9.88235294117647
11.7478431372549
11.8823529411765
11.6862745098039
11.4117647058824
11.7254901960784
11.7647058823529
11.3333333333333
11.5301960784314
10.5027450980392
9.96078431372549
8.88196078431372
10.7843137254902
11.3333333333333
12.8627450980392
13.3764705882353
13.1925490196078
13.2156862745098
11.2890196078431
12.6274509803922
8.50980392156862
10.1960784313725
6.70588235294118
0.627450980392155
9.98313725490196
12.2352941176471
9.92156862745098
8.19607843137255
9.56862745098039
11.2549019607843
10.9019607843137
9.77647058823529
9.84313725490196
9.13725490196079
9.77098039215686
10.0392156862745
10.3086274509804
11.6301960784314
11.921568627451
13.2156862745098
9.96078431372549
10.4705882352941
10.7843137254902
10.4
10.8062745098039
12.0666666666667
11.7098039215686
11.1764705882353
10.5882352941177
11.4117647058824
10.3529411764706
11.1098039215686
11.3333333333333
11.4619607843137
12.7058823529412
13.3725490196079
13.2549019607843
11.5294117647059
9.68627450980392
10.3921568627451
11.1764705882353
11.4509803921569
11.8823529411765
12.2745098039216
9.17647058823529
9.80392156862745
11.6862745098039
12.5098039215686
10.6274509803922
11.5070588235294
11.6862745098039
0.784313725490193
11.2156862745098
11.8823529411765
9.33333333333333
9.60313725490197
9.09803921568627
9.84313725490196
10.4705882352941
11.2941176470588
12
11.6980392156863
9.01960784313725
9.87058823529411
9.74352941176471
9.57490196078431
8.97411764705883
9.64705882352941
10.0392156862745
11.2156862745098
11.843137254902
10.7450980392157
13.2156862745098
13.2156862745098
11.7490196078431
11.4564705882353
11.0196078431373
9.49019607843138
12.6498039215686
11.8427450980392
11.3725490196078
12
11.921568627451
11.7098039215686
10.5776470588235
12.5490196078431
12.5882352941176
11.0588235294118
10.8627450980392
9.9607843137255
10.2745098039216
10.7450980392157
9.92156862745098
8.60392156862745
10.156862745098
11.0588235294118
10.0392156862745
10.6666666666667
10.7137254901961
0.784313725490193
8.23529411764706
11.1764705882353
9.6078431372549
11.2156862745098
11.2549019607843
10.9019607843137
8.94117647058823
8.23529411764706
9.76470588235295
8.72745098039216
10
10.5521568627451
9.68627450980392
10.2388235294117
11.843137254902
11.6862745098039
11.6862745098039
10.7176470588235
11.2549019607843
10.3360784313725
10.9019607843137
11.2156862745098
12.0392156862745
11.7254901960784
11.0980392156863
9.78823529411766
9.52941176470589
8.98431372549019
9.56862745098039
10.9741176470588
10.7058823529412
10.2862745098039
9.87058823529411
11.9607843137255
11.8039215686274
8.02235294117647
10.1176470588235
10.0372549019608
9.37254901960784
8.07843137254902
9.31647058823529
10.1843137254902
10.9686274509804
10.5882352941177
3.61960784313724
11.5686274509804
12.5098039215686
0.443137254901956
9.37254901960784
10.9803921568627
11.2549019607843
12.5098039215686
11.5243137254902
11.2772549019608
10.3529411764706
9.29960784313725
8.71764705882353
10.5490196078431
10.5882352941176
10.9372549019608
11.7254901960784
13.3698039215686
12.9964705882353
10.2352941176471
10.3921568627451
10.8627450980392
11.7909803921569
11.2549019607843
9.05882352941176
13.2941176470588
13.8039215686274
13.2941176470588
13.6156862745098
13.5529411764706
12.7450980392157
11.7647058823529
12.296862745098
13.5294117647059
13.0419607843137
12.6317647058824
12.9411764705882
11.2294117647059
11.0196078431373
11.843137254902
7.83372549019608
10.4705882352941
11.2549019607843
11.6407843137255
11.7180392156863
11.3333333333333
11.0980392156863
12.6274509803922
12.9411764705882
12.1250980392157
11.5686274509804
0.705882352941179
9.97254901960785
12.156862745098
10.1176470588235
13.0196078431373
13.7254901960784
12.8066666666667
11.8219607843137
11.3333333333333
10.3529411764706
10.3921568627451
11.2823529411765
11.2576470588235
9.37254901960784
10.7450980392157
13.1372549019608
12.7843137254902
12.2352941176471
10.4117647058824
13.2156862745098
10.7898039215686
10.3137254901961
10
12.0090196078431
12.9803921568627
11.6917647058824
9.72549019607843
11.0980392156863
12.9019607843137
11.8039215686274
12.5098039215686
11.3333333333333
12
10.9921568627451
13.2274509803922
14.5098039215686
12.1313725490196
11.3333333333333
12.8274509803922
13.921568627451
13.2549019607843
12
9.34901960784313
11.1266666666667
9.72549019607843
9.86549019607843
11.8039215686274
12.078431372549
0.705882352941179
10.5137254901961
10.5521568627451
10.5490196078431
11.0588235294118
9.25490196078431
12.5098039215686
10.4976470588235
11.0196078431373
10.3137254901961
10.0392156862745
9.72549019607843
9.22117647058824
8.58823529411764
9.37254901960784
10.9019607843137
10.2745098039216
11.1372549019608
10.9803921568627
11.1372549019608
10.8850980392157
7.94470588235293
7.26156862745098
10.4705882352941
11.5611764705882
10.6274509803922
10.7976470588235
12.4313725490196
12.3137254901961
11.3725490196078
11.9607843137255
12.5952941176471
11.4117647058824
12.3137254901961
12.6274509803922
11.2156862745098
11.7043137254902
12.7843137254902
11.6862745098039
12.0839215686275
10.9019607843137
10.9411764705882
10.9803921568627
11.4901960784314
13.5125490196078
12.9921568627451
13.5258823529412
9.52941176470588
0.666666666666664
12.1960784313725
12
7.51411764705883
8.52156862745098
9.47333333333333
11.2941176470588
10.5098039215686
11.6078431372549
10.7843137254902
13.0196078431373
11.6917647058824
11.5686274509804
10.9254901960784
11.6862745098039
11.5294117647059
11.4901960784314
11.4509803921569
10.9364705882353
12.2352941176471
11.8470588235294
10.9411764705882
11.5294117647059
12.7325490196078
12.2745098039216
11.2156862745098
12.5098039215686
12.3921568627451
12.4313725490196
12.3137254901961
12.7450980392157
13.0588235294118
11.843137254902
11.9607843137255
12.156862745098
10.8235294117647
10.5882352941176
11.5019607843137
10.6207843137255
11.2549019607843
11.3552941176471
12.0258823529412
12.5098039215686
12.7713725490196
12.6274509803922
9.98431372549019
10.8235294117647
11.3725490196078
2.43137254901961
11.8094117647059
12.4705882352941
9.16392156862745
8.49411764705882
8.90196078431373
9.33333333333333
11.6862745098039
10.0549019607843
9.33333333333333
9.75294117647059
8.7843137254902
9.76470588235294
10.1176470588235
12.4145098039216
13.2549019607843
12.3921568627451
10.3529411764706
12.8627450980392
12.6603921568627
11.8039215686275
12.8627450980392
12.2235294117647
11.8039215686274
11.8039215686274
11.5243137254902
10.6274509803922
12.9635294117647
12.3529411764706
10.2352941176471
10.5321568627451
10.8235294117647
10.7843137254902
10.3647058823529
10.7843137254902
10.6537254901961
10.8235294117647
11.1427450980392
11.1372549019608
14.3541176470588
13.843137254902
11.7254901960784
11.843137254902
11.8039215686275
12.7450980392157
11.7254901960784
15.5333333333333
15.0078431372549
7.88235294117647
13.7647058823529
12.8458823529412
11.2772549019608
10.5098039215686
8.35294117647059
11.6862745098039
9.29647058823529
8.82352941176471
8.01176470588235
12.9019607843137
11.8517647058824
11.9607843137255
11.3780392156863
10.3529411764706
9.76470588235294
10.6666666666667
10.06
8.58823529411765
9.90588235294118
10.1176470588235
10.7450980392157
10.2745098039216
12.4313725490196
13.1019607843137
12.1176470588235
11.0196078431373
10.5490196078431
10.0392156862745
8.86274509803921
8.6878431372549
5.56862745098039
12.1176470588235
12.156862745098
11.9607843137255
12.0219607843137
11.3164705882353
10.9019607843137
10.078431372549
8.00392156862745
9.88235294117647
9.76470588235294
10.4196078431373
11.9647058823529
11.2219607843137
10.4705882352941
9.13725490196078
10.7525490196078
7.61176470588235
11.4627450980392
11.0588235294118
9.17647058823529
6.34
7.01960784313725
6.98039215686275
8.35294117647059
8.11764705882353
5.99999999999999
10.4705882352941
10.7843137254902
9.49019607843137
6.35294117647059
10.2352941176471
10.078431372549
9.72549019607844
11.6149019607843
11.1372549019608
11.6470588235294
10.4705882352941
11.2666666666667
10.1172549019608
9.4235294117647
10.5882352941176
9.41176470588236
9.64705882352942
10
10.3803921568627
10.2352941176471
10.1176470588235
11.3725490196078
10.9698039215686
9.92156862745098
13.1372549019608
11.8862745098039
8.86823529411765
12.1960784313726
11.701568627451
9.29411764705882
9.05882352941176
8.8078431372549
7.25490196078432
5.81803921568627
11.243137254902
12.5098039215686
10.4549019607843
10.5152941176471
3.00274509803921
14.078431372549
13.3333333333333
10.078431372549
9.2156862745098
8.70588235294118
9.37254901960785
11.0980392156863
9.32941176470588
9.87882352941176
10.5098039215686
9.86549019607843
7.94627450980392
9.76235294117646
10.3529411764706
8.98039215686274
8.66666666666667
10.641568627451
11.2156862745098
12.7450980392157
12.1176470588235
9.52941176470588
9.33882352941177
10.7113725490196
11.1372549019608
11.2549019607843
8.66509803921569
10
10.9058823529412
9.53843137254902
9.96078431372549
8.98039215686275
8.78431372549019
10.1960784313725
9.64705882352941
10.7282352941176
12.9803921568627
12.5490196078431
12.1478431372549
12.1960784313726
9.96078431372549
9.13725490196078
8.20784313725489
6.90980392156863
9.43411764705882
8.31372549019608
11.1203921568627
10.9803921568628
9.80392156862746
13.7647058823529
13.9290196078431
8.98039215686275
9.52941176470588
9.01960784313725
6
8.19607843137255
9.84862745098039
8.94117647058823
9.60784313725491
8.82352941176471
9.45490196078432
9.88235294117647
9.84313725490196
10.3176470588235
10.7843137254902
11.2549019607843
11.478431372549
11.2549019607843
11.2156862745098
9.85686274509804
8.19607843137255
7.72549019607843
11.9607843137255
11.7647058823529
11.5294117647059
11.2380392156863
9.25490196078431
11.1807843137255
10.8627450980392
10.7843137254902
11.4117647058823
10.7058823529412
11.2549019607843
11.1372549019608
10.9411764705882
11.1764705882353
11.0078431372549
9.26039215686274
9.96078431372549
10.3137254901961
8.74509803921568
7.88235294117647
9.2156862745098
11.1764705882353
11.6078431372549
10.7113725490196
1.6078431372549
12.0901960784314
12.7058823529412
7.62862745098039
7.87058823529411
7.52941176470588
10.7058823529412
9.05882352941176
10.1176470588235
9.64705882352941
7.68627450980392
9.87333333333334
10.1960784313725
11.0576470588235
10.6274509803922
8.65372549019608
1.13725490196079
11.1403921568627
11.5686274509804
10.6090196078431
12.4313725490196
11.3333333333333
8.17921568627451
10.3529411764706
9.90588235294117
9.34470588235294
11.5349019607843
10.9282352941176
10.7713725490196
10.8235294117647
9.33333333333333
10.6274509803922
9.33333333333333
9.05882352941176
10.5490196078431
9.70862745098038
11.2156862745098
9.29411764705882
10.6278431372549
11.7254901960784
11.5294117647059
10.3086274509804
9.45098039215686
11.0980392156863
11.5686274509804
10.3192156862745
11.6078431372549
11.7647058823529
2
14.7450980392157
14.3137254901961
12.5764705882353
12.0627450980392
11.2811764705882
12.2862745098039
11.3725490196078
11.6470588235294
11.2549019607843
12.5321568627451
12.3137254901961
12.2
12.3921568627451
12.4745098039216
12.8235294117647
13.3725490196078
13.8705882352941
14.7505882352941
11.9607843137255
10.6105882352941
11.5294117647059
11.0196078431373
7.88235294117648
10.9411764705882
11.0588235294118
9.84313725490196
9.49019607843137
8.74901960784314
7.5686274509804
11.5294117647059
10.7058823529412
9.50352941176471
9.68627450980393
9.2156862745098
10.218431372549
10
10.3360784313725
11.1372549019608
10.5490196078431
8.62745098039215
6.37529411764705
10.2301960784314
9.15960784313726
10.6274509803922
10.8627450980392
10.8066666666667
10.8235294117647
