1.17647058823529
1.33333333333333
0.784313725490204
1.17647058823529
0.823529411764703
1.17647058823529
0.784313725490193
1.1764705882353
1.17647058823529
0.901960784313722
0.901960784313722
0.980392156862747
0.784313725490204
1.17647058823529
0.980392156862742
1.01960784313725
1.1764705882353
0.784313725490204
1.17647058823529
0.666666666666664
1.13725490196078
0.968627450980392
1.21568627450981
0.772549019607849
0.862745098039213
0.784313725490193
1.17647058823529
0.890196078431378
0.666666666666664
1.05882352941176
1.17647058823529
0.666666666666664
1.29411764705883
0.772549019607849
0.941176470588232
0.823529411764703
1.25490196078431
0.784313725490193
1.05882352941177
0.666666666666675
0.862745098039213
1.33333333333333
1.88235294117646
0.705882352941174
1.76470588235295
0.784313725490193
1.45098039215686
0.588235294117645
1.17647058823529
1.56862745098039
1.05882352941177
1.1764705882353
0.941176470588232
1.17647058823529
0.901960784313722
0.980392156862753
1.1764705882353
0.941176470588232
0.784313725490193
1.17647058823529
0.784313725490204
1.1764705882353
0.862745098039213
1.05882352941176
1.17647058823529
0.784313725490204
1.13725490196079
0.392156862745097
1.49019607843137
0.901960784313722
1.37254901960784
0.784313725490204
0.980392156862742
0.705882352941174
1.29411764705882
0.666666666666664
0.901960784313733
1.05882352941177
1.33333333333333
0.745098039215684
1.37254901960784
0.705882352941174
1.05882352941177
0.862745098039224
0.901960784313722
0.784313725490193
1.29411764705882
0.745098039215684
0.823529411764714
1.1764705882353
1.76470588235293
1.01960784313725
1.72549019607843
0.705882352941183
1.45098039215687
0.901960784313722
1.55686274509803
1.17647058823529
1.17647058823529
1.1764705882353
1.17647058823529
0.812941176470586
0.823529411764703
1.01960784313726
0.784313725490204
0.745098039215684
0.705882352941174
1.09803921568627
1.33333333333333
1.05882352941177
1.1764705882353
0.823529411764703
1.37254901960784
0.980392156862742
1.21568627450981
0.588235294117656
1.17647058823529
0.784313725490193
0.941176470588232
1.00784313725491
0.980392156862753
0.745098039215684
1.37254901960784
1.09803921568627
1.17647058823529
0.941176470588236
1.45098039215687
0.705882352941174
1.25490196078431
0.588235294117645
1.33333333333333
0.823529411764704
1.09803921568628
1.13725490196079
1.05882352941176
0.745098039215684
0.784313725490193
1.09803921568628
1.64705882352942
1.21568627450981
1.56862745098039
0.980392156862742
1.13725490196078
0.980392156862747
1.17647058823529
1.17647058823529
1.13725490196078
1.1764705882353
1.05882352941177
0.941176470588232
1.09803921568627
0.811764705882347
0.823529411764714
0.980392156862753
0.901960784313722
0.784313725490193
1.17647058823529
0.784313725490193
0.941176470588243
1.1764705882353
1.17647058823529
0.784313725490193
1.25490196078431
0.745098039215684
1.1764705882353
0.941176470588232
1.13725490196078
1.09803921568627
0.862745098039213
0.705882352941183
1.33333333333334
0.941176470588232
1.17647058823529
1.17647058823529
1.45098039215686
0.509803921568629
1.29411764705883
0.509803921568626
1.45098039215686
0.705882352941174
1.09803921568627
1.01960784313726
1.09803921568628
0.588235294117645
0.980392156862742
0.941176470588232
1.49019607843138
1.01960784313726
1.76078431372549
0.686666666666664
1.01960784313725
0.784313725490193
1.09803921568628
0.784313725490193
1.17647058823529
0.862745098039215
1.1764705882353
1.01960784313725
0.980392156862742
0.784313725490193
1.17647058823529
0.784313725490204
0.901960784313733
0.549019607843135
1.01960784313725
0.666666666666664
1.13725490196078
0.901960784313733
1.37254901960785
0.980392156862742
1.05882352941176
0.890196078431378
1.37254901960784
1.04705882352942
1.1764705882353
0.784313725490193
1.17647058823529
0.745098039215684
1.45098039215687
0.431372549019617
1.1764705882353
1.01960784313725
1.35294117647058
0.823529411764703
1.41176470588235
0.784313725490203
1.1764705882353
0.941176470588232
1.37254901960784
0.823529411764703
1.01960784313726
0.666666666666672
0.745098039215695
1.01960784313725
1.6078431372549
0.823529411764703
1.49019607843137
0.784313725490202
1.13725490196079
1.09803921568627
1.37254901960785
1.47843137254902
1.13725490196078
1.17647058823529
0.941176470588236
1.33333333333334
1.21568627450981
0.784313725490193
1.09803921568627
0.862745098039213
1.21568627450981
0.784313725490204
1.17647058823529
0.666666666666664
1.33333333333333
0.980392156862742
1.41176470588236
1.01960784313726
1.37254901960785
0.862745098039213
1.25490196078431
0.980392156862742
1.25490196078432
0.666666666666675
1.1764705882353
1.01960784313725
1.52941176470588
0.588235294117645
1.3607843137255
0.901960784313733
1.55686274509804
0.980392156862742
1.17647058823529
0.901960784313722
1.2156862745098
1.01960784313726
1.05882352941177
1.05882352941176
1.41176470588235
0.705882352941174
1.01960784313725
1.25490196078432
1.29411764705883
0.862745098039213
1.68627450980392
0.901960784313722
1.29411764705882
0.862745098039222
1.56862745098039
1.1764705882353
1.21568627450981
1.25490196078431
0.980392156862742
1.33333333333333
1.37254901960785
1.25490196078432
1.45098039215686
1.01960784313725
1.13725490196078
1.17647058823529
1.21568627450981
0.968627450980408
1.09803921568627
0.862745098039213
1.75294117647058
1.17647058823529
1.1764705882353
0.627450980392166
1.45098039215687
0.705882352941174
1.33333333333333
0.89803921568627
1.45098039215687
0.823529411764714
1.21568627450981
1.12549019607844
0.980392156862742
1.05882352941176
1.33333333333333
1.13333333333334
1.1764705882353
0.901960784313722
1.25490196078431
0.627450980392155
1.05882352941176
0.980392156862747
1.41176470588236
0.901960784313722
1.05882352941176
1.25490196078431
1.37254901960784
0.941176470588236
1.64705882352942
1.01960784313725
1.41176470588235
1.25490196078431
1.25490196078431
1.28235294117647
1.41176470588236
1.33333333333334
1.29411764705882
1.17647058823529
1.52941176470588
1.09803921568628
1.29411764705883
1.33333333333334
1.01960784313725
1.01960784313725
1.28235294117646
0.823529411764704
0.901960784313733
0.941176470588243
1.45098039215686
0.941176470588232
1.41176470588235
0.745098039215684
1.21568627450981
0.941176470588243
1.52941176470589
0.980392156862742
1.74509803921568
0.901960784313722
0.980392156862747
0.823529411764713
1.09803921568628
0.627450980392155
1.45098039215686
0.823529411764703
1.29411764705882
0.980392156862747
1.41176470588236
0.745098039215684
1.09803921568627
1.01960784313725
1.05882352941176
0.980392156862747
1.01960784313726
1.37254901960785
1.29411764705882
0.941176470588232
1.64705882352941
0.980392156862747
1.5686274509804
1.01960784313725
1.41176470588236
1.43921568627451
1.49019607843137
1.41176470588235
1.01960784313726
1.33333333333334
1.41176470588235
0.901960784313722
1.05882352941176
1.21568627450981
1.09803921568628
1.21568627450981
1.05882352941176
1.01960784313725
1.01960784313725
0.941176470588232
1.52941176470589
0.980392156862753
1.3921568627451
0.666666666666664
1.39215686274509
0.980392156862742
1.41176470588235
0.823529411764712
1.72549019607844
0.980392156862742
1.33333333333333
0.745098039215684
1.13725490196078
0.705882352941182
1.37254901960785
0.705882352941174
1.33333333333333
0.980392156862742
1.37254901960784
0.786666666666665
1.05882352941177
1.09803921568628
1.52941176470588
0.980392156862742
1.05882352941176
1.37254901960784
1.29411764705883
1.25490196078432
1.76470588235293
1.05882352941176
1.31098039215686
1.01960784313725
1.76470588235294
1.01960784313726
1.52941176470589
0.980392156862742
1.01960784313725
1
1.52941176470589
0.901960784313722
0.980392156862742
1.09803921568627
1.01960784313725
1.2156862745098
1.1764705882353
1.01960784313726
1.09803921568627
1.0156862745098
1.49019607843137
0.862745098039213
1.37254901960784
0.666666666666672
1.45098039215687
0.941176470588232
1.45098039215686
1.17647058823529
1.64705882352941
0.862745098039222
1.3478431372549
0.823529411764703
1.01960784313725
0.627450980392155
1.29411764705882
1.08627450980392
1.29411764705883
1.01960784313726
1.29411764705882
1.2156862745098
0.980392156862742
0.941176470588232
1.37254901960785
1.21568627450981
1.01960784313725
1.25490196078431
1.6078431372549
1.13725490196078
1.5686274509804
1.05882352941177
1.25490196078431
1.2156862745098
1.64705882352941
1.25490196078431
1.33333333333333
1.29411764705883
1.41176470588236
1.17647058823529
1.6078431372549
1.13725490196078
1.37254901960785
1.37254901960785
1.29411764705883
1.41176470588235
1.45098039215686
0.862745098039213
1.2156862745098
0.862745098039222
1.41176470588236
1.17647058823529
1.29411764705882
1.01960784313725
1.41176470588235
1.1764705882353
1.33333333333334
1.01960784313726
1.56862745098039
1.13725490196078
1.2156862745098
0.941176470588232
1.41176470588236
0.980392156862753
1.29411764705882
1.01960784313725
1.01960784313725
1.05882352941176
1.09803921568628
1.09803921568628
0.784313725490193
0.901960784313722
1.37254901960784
1.01960784313725
1.37254901960784
1.13725490196079
1.49019607843138
1.17647058823529
1.41176470588235
1.41176470588235
1.5686274509804
1.05882352941177
1.72549019607843
1.05882352941177
1.45098039215686
1.33333333333333
1.52941176470589
0.980392156862753
1.76470588235295
0.901960784313722
1.29411764705882
0.705882352941174
1.37254901960784
1.37254901960785
1.29411764705883
0.980392156862742
1.01960784313725
1.05882352941176
1.2156862745098
1.01960784313726
1.5686274509804
1.21568627450981
1.68627450980392
1.01960784313725
1.25490196078431
1.25490196078431
1.7921568627451
0.980392156862753
1.29411764705883
1.05882352941176
1.29411764705882
0.862745098039213
1.37254901960784
1.01960784313726
1.25490196078432
1.33333333333333
1.2156862745098
1.2156862745098
1.07843137254902
1.1764705882353
1.5686274509804
1.1764705882353
1.45098039215686
0.941176470588232
1.25490196078431
1.09803921568628
1.33333333333334
1.29411764705882
1.49019607843137
1.05882352941176
1.87058823529411
1.37254901960784
1.52941176470588
1.33333333333333
1.33333333333333
1.49019607843137
1.41176470588235
1.29411764705882
1.52941176470589
1.09803921568628
0.980392156862742
1.41176470588235
1.25490196078431
1.05882352941176
1.09803921568628
1.09803921568628
1.68627450980393
1.13725490196078
1.52941176470588
0.941176470588232
1.41176470588235
1.09803921568628
1.49019607843138
1.41176470588236
1.72549019607843
0.980392156862742
1.29411764705882
1.05882352941176
1.29411764705883
0.862745098039213
1.29411764705882
0.901960784313722
1.29411764705882
1.17647058823529
1.37254901960785
1.25490196078432
1.09803921568627
1.25490196078431
1.54901960784313
1.37254901960784
1.76470588235295
1.09803921568628
1.6078431372549
1.33333333333333
1.49019607843137
0.980392156862747
1.60784313725491
0.980392156862753
1.92156862745098
1.33333333333333
1.33333333333333
1.64705882352941
1.62745098039216
1.36078431372549
1.72549019607843
1.1764705882353
1.2156862745098
1.17647058823529
1.01960784313725
1.41176470588236
1.52941176470589
1.37254901960784
1.52941176470588
1.05882352941176
1.74509803921569
1.25490196078432
1.52941176470589
1.29411764705883
1.56862745098039
1.05882352941176
1.44705882352941
1.39215686274509
2.11764705882353
1.07843137254903
1.37254901960785
1.17647058823529
1.49019607843137
0.980392156862742
1.52941176470589
0.980392156862753
1.37254901960785
1.29411764705882
1.52941176470588
1.37254901960784
1.17647058823529
1.01960784313726
1.49019607843138
1.13725490196078
1.68627450980392
0.980392156862742
1.37254901960785
1.37254901960785
1.49019607843137
0.901960784313722
1.45098039215686
1.33333333333333
1.96078431372549
1.09803921568627
1.6078431372549
1.87058823529411
1.41176470588235
1.25490196078431
2.03921568627451
0.980392156862747
1.52941176470588
1.41176470588235
1.52941176470588
1.21568627450981
1.6078431372549
1.17647058823529
1.49019607843137
1.49019607843138
1.64705882352942
1.2156862745098
1.64705882352941
1.25490196078431
1.76470588235295
1.09803921568628
1.52941176470589
1.29411764705883
2.19607843137254
1.2156862745098
1.01960784313725
0.941176470588236
1.41176470588236
1.17647058823529
1.55686274509803
1.45098039215686
1.52941176470588
0.980392156862747
1.1764705882353
1.25490196078432
1.01960784313725
1.13725490196078
1.76470588235294
1.32156862745098
1.80392156862746
1.24313725490195
1.13725490196078
1.25490196078431
1.21568627450981
1.01960784313726
1.21568627450981
1.2156862745098
2.31372549019608
1.41176470588235
1.76470588235294
1.56862745098039
1.41176470588235
1.25490196078431
2.03921568627451
1.09803921568627
1.52941176470588
1.17647058823529
1.88235294117647
1.33333333333333
1.52941176470588
0.901960784313727
1.45098039215686
1.64705882352941
1.13725490196078
1.50980392156863
1.52941176470589
1.1764705882353
1.63529411764705
1.09803921568627
1.64705882352941
1.17647058823529
1.92156862745098
0.980392156862753
1.09803921568627
1.33333333333333
1.33333333333333
1.09803921568627
1.1764705882353
1.13725490196079
1.17647058823529
1.17647058823529
1.05882352941176
1.6078431372549
1.37254901960785
1.25490196078432
1.6078431372549
1.05882352941176
1.64705882352941
1.01960784313726
1.37254901960785
1.25490196078432
1.37254901960784
1.2156862745098
1.41176470588235
1.2156862745098
2.43137254901961
1.37254901960784
1.72549019607843
1.6078431372549
1.41176470588235
1.68627450980392
1.68627450980392
1.2156862745098
1.68235294117647
1.29411764705882
1.52941176470588
1.13725490196079
1.6078431372549
1.09803921568627
1.56862745098039
1.25490196078431
1.49019607843137
1.41176470588235
1.52941176470588
1.2156862745098
1.84313725490196
1.37254901960785
1.52941176470589
1.1764705882353
2.29803921568627
1.05882352941176
1.45098039215686
1.25490196078431
1.33333333333334
1.01960784313725
1.84313725490195
1.25490196078431
1.17647058823529
1.41176470588236
1.21568627450981
1.25490196078431
1.05882352941176
1.17647058823529
1.80392156862746
1.37254901960785
1.80392156862746
1.2156862745098
1.09803921568627
1.09803921568627
1.5686274509804
0.901960784313733
1.25490196078431
1.41176470588235
2.62745098039216
1.29411764705882
1.6078431372549
2
1.31372549019608
1.29411764705882
1.80392156862745
1.21568627450981
1.33333333333333
1.21568627450981
1.68627450980392
1.2156862745098
1.56862745098039
1.09803921568627
1.43137254901961
1.41176470588235
1.09803921568627
1.6078431372549
1.76470588235294
1.05882352941176
1.72549019607843
1.1764705882353
1.84313725490196
1.05882352941176
1.92156862745098
1.13725490196079
1.41176470588236
0.941176470588232
1.6078431372549
1.01960784313725
1.49019607843138
1.01960784313726
1.41176470588235
1.41176470588235
1.17647058823529
1.33333333333333
1.21568627450981
0.941176470588232
1.49019607843137
0.980392156862742
1.99607843137255
1.05882352941177
1.21568627450981
1.60784313725491
1.33333333333333
1.37254901960784
1.45098039215686
1.13725490196079
2.07843137254902
1.2156862745098
1.13725490196079
1.64705882352941
1.72549019607843
1.25490196078431
1.64705882352941
1.49019607843137
1.45098039215686
1.43137254901961
1.76470588235294
1.45098039215686
1.37254901960784
1.84313725490196
1.56862745098039
1.13725490196079
1.52941176470588
1.45098039215686
1.56862745098039
1.25490196078431
1.68627450980392
1.09803921568628
1.33333333333333
1.43137254901961
1.83137254901961
1.52941176470588
1.13725490196078
1.25490196078432
1.41176470588236
0.901960784313722
1.76470588235293
1.29411764705882
1.5686274509804
1.45098039215687
1.37254901960785
1.64705882352941
1.43921568627451
1.33333333333333
1.33333333333334
1.33333333333334
1.80392156862744
1.29411764705882
1.56862745098039
1.37254901960784
1.01960784313726
1.05882352941176
1.41176470588235
1.05882352941176
2.35294117647059
1.32156862745098
1.41176470588235
1.84313725490196
1.6078431372549
1.01960784313726
1.6078431372549
1.6078431372549
1.33333333333333
1.17647058823529
1.56862745098039
1.49019607843137
1.64705882352941
0.980392156862747
1.49019607843137
1.29411764705882
1.64705882352941
1.09803921568627
1.72549019607843
1.1764705882353
1.6078431372549
1.05882352941177
1.37254901960784
1.05882352941176
1.41176470588235
1.45098039215686
1.21568627450981
1.1764705882353
1.2156862745098
0.901960784313727
1.84313725490197
1.41176470588236
1.37254901960784
1.76470588235293
1.13725490196078
1.45098039215687
1.37254901960785
1.29411764705882
1.56862745098039
1.13725490196078
2.03921568627451
1.29411764705883
1.49019607843137
1.41176470588235
1.41176470588235
0.980392156862747
1.29411764705883
1.29411764705883
2.33725490196079
0.862745098039214
0.980392156862747
1.29411764705882
1.41176470588235
1.01960784313726
1.41176470588235
1.09803921568628
1.17647058823529
0.941176470588234
1.37254901960784
0.784313725490193
1.41176470588235
0.980392156862747
1.29411764705882
1.17647058823529
1.41176470588235
0.823529411764705
1.25490196078431
1.21568627450981
1.52941176470588
1.45098039215686
1.25490196078431
1.05882352941176
1.80392156862745
1.25490196078431
1.29411764705882
1.41176470588235
1.41176470588235
0.980392156862747
1.49019607843137
1.01960784313725
1.52941176470589
1.41176470588236
1.29411764705882
1.56862745098039
1.49019607843137
1.49019607843138
1.68627450980393
1.29411764705883
1.68627450980392
1.45098039215686
1.1764705882353
1.5686274509804
1.29411764705882
1.17647058823529
1.52941176470588
1.41176470588235
1.72549019607843
1.52941176470588
1.1764705882353
1.84313725490196
1.68627450980392
1.29411764705882
1.17647058823529
1.29411764705882
1.49019607843137
0.745098039215688
1.21568627450981
1.01960784313725
1.1764705882353
1.1764705882353
1.29411764705882
0.901960784313728
1.37254901960784
0.941176470588234
1.33333333333333
0.941176470588238
1.45098039215686
0.901960784313728
1.45098039215686
1.33333333333333
2.03921568627451
1.2156862745098
1.37254901960784
1.29019607843137
1.72549019607843
1.25490196078431
1.90196078431373
1.05882352941176
1.56862745098039
1.62745098039216
1.49019607843137
1.25490196078432
1.60784313725491
1.37254901960784
1.84313725490195
1.41176470588235
1.96078431372549
1.49019607843138
1.37254901960784
1.45098039215686
1.64705882352941
1.37254901960785
1.41176470588236
1.33333333333334
