18.9803921568627
16.296862745098
16.4745098039216
15.5294117647059
15.0980392156863
12.2352941176471
14.3105882352941
14.4313725490196
12.1176470588235
12.9411764705882
12.6666666666667
11.4901960784314
12.7058823529412
13.6694117647059
15.4564705882353
16.5098039215686
17.2156862745098
16.4705882352941
15.6078431372549
16.2290196078431
14.6929411764706
16.9803921568627
16.3411764705882
15.5294117647059
15.6078431372549
14.156862745098
14.278431372549
13.0078431372549
15.2392156862745
13.4509803921569
12.156862745098
15.3388235294118
14.201568627451
16.156862745098
18.4929411764706
12.156862745098
13.5686274509804
15.2549019607843
13.0980392156863
15.6470588235294
14.5098039215686
15.6235294117647
18.0392156862745
16.0666666666667
17.6917647058824
16.2627450980392
17.5294117647059
16.2352941176471
11.44
10.7058823529412
13.9607843137255
16.156862745098
13.5211764705882
13.5803921568627
16.0392156862745
12.5882352941176
13.2549019607843
15.1372549019608
14.1176470588235
16.0392156862745
13.921568627451
11.9439215686275
14.3764705882353
15.9047058823529
17.6470588235294
15.921568627451
12.4313725490196
12.9858823529412
14.7058823529412
16
12.3137254901961
13.6470588235294
15.5725490196078
14.9019607843137
13.0733333333333
14.5882352941176
10.9803921568628
13.1764705882353
15.1764705882353
15.0980392156863
12.9411764705882
12.7674509803922
15.0588235294118
13.8262745098039
14.4705882352941
15.8862745098039
15.4941176470588
15.6917647058823
17.403137254902
14.8352941176471
16.5152941176471
16.4772549019608
18.8627450980392
18.9411764705882
17.8039215686275
13.8823529411765
16.8627450980392
13.3333333333333
5.09803921568628
13.4509803921569
10.9411764705882
14.3360784313725
16
15.5294117647059
15.4509803921569
14.7819607843137
15.3725490196078
16.4039215686275
19.4341176470588
16.7058823529412
18.0392156862745
18.5882352941176
13.0588235294118
13.4117647058824
10.8823529411765
14.156862745098
16.5490196078431
16.0392156862745
14.7952941176471
14.8901960784314
14.3137254901961
15.4901960784314
15.8078431372549
17.4901960784314
17.6862745098039
17.0980392156863
13.7254901960784
15.0588235294118
12.6666666666667
14.5490196078431
16.4313725490196
12.3921568627451
13.5349019607843
13.9439215686274
13.6078431372549
17.6862745098039
14.4313725490196
16.9019607843137
16.2745098039216
18.5152941176471
19.6470588235294
18.3529411764706
17.1764705882353
17.6862745098039
15.1764705882353
12.9411764705882
12.3360784313725
12.3858823529412
13.3349019607843
12.7058823529412
13.843137254902
13.2941176470588
14.5490196078431
13.843137254902
14.7843137254902
13.0874509803922
13.4901960784314
13.0588235294118
14.9411764705882
14.3521568627451
13.4901960784314
13.4509803921569
12
15.2156862745098
16.4705882352941
15.0980392156863
15.921568627451
16.6274509803922
14.678431372549
14.4313725490196
14.3529411764706
16.1607843137255
18.8235294117647
13.6862745098039
12.5882352941176
12.6329411764706
13.8823529411765
13.3301960784314
15.6862745098039
16.218431372549
16.3921568627451
14.6666666666667
13.7596078431373
15.6694117647059
16.4313725490196
16.6666666666667
16.1960784313726
17.2211764705882
18.7176470588235
16.9803921568627
17.4733333333333
16.078431372549
14.0486274509804
16.5937254901961
13.983137254902
12.5490196078431
14.3611764705882
14.1607843137255
13.1862745098039
16.4313725490196
19.1803921568627
19.1372549019608
14.7843137254902
12.9035294117647
13.9254901960784
13.4662745098039
15.0023529411765
16.078431372549
16.5098039215686
16.156862745098
11.4117647058824
13.5764705882353
19.6862745098039
14.7058823529412
15.7427450980392
12.6274509803922
13.4509803921569
15.4901960784314
15.8823529411765
15.1596078431372
16.078431372549
16.156862745098
14.5152941176471
17.8823529411765
19.0588235294118
17.1372549019608
15.3674509803922
15.2549019607843
15.3043137254902
17.8941176470588
18
18.9803921568627
17.8039215686275
16.2352941176471
17.5686274509804
15.2996078431373
18.2352941176471
16.5098039215686
17.3780392156863
12.4313725490196
13.0588235294118
12.9498039215686
11.4901960784314
14.3247058823529
13.5349019607843
15.5349019607843
6.23607843137255
15.7254901960784
14.6666666666667
15.0588235294118
13.8705882352941
13.0196078431373
13.1764705882353
14.5490196078431
13.0745098039216
16.2196078431373
13.8823529411765
13.2392156862745
15.4901960784314
15.8823529411765
16.7450980392157
14.1176470588235
11.2156862745098
14.4705882352941
13.8039215686274
13.2156862745098
13.1372549019608
12.1623529411765
12.7490196078431
9.92705882352941
15.3725490196078
16.5490196078431
14.5882352941176
14.2352941176471
18.5333333333333
17.4901960784314
18.5098039215686
18.7058823529412
17.1372549019608
17.5294117647059
19.1427450980392
15.7701960784314
18.2466666666667
16.1176470588235
14.5921568627451
15.1764705882353
15.0862745098039
16.8235294117647
12.078431372549
12.4823529411765
15.2156862745098
15.4117647058824
14.156862745098
13.0666666666667
12.6274509803922
12.7450980392157
14.5247058823529
14.3921568627451
14.0392156862745
12.8627450980392
13.4509803921569
12.7058823529412
14.1176470588235
13.2847058823529
15.6745098039216
15.5294117647059
14.0274509803921
17.4956862745098
15.0705882352941
13.1035294117647
14.9411764705882
15.0643137254902
14.3529411764706
14.7450980392157
14.6274509803922
17.6917647058824
17.9870588235294
13.7647058823529
17.2403921568627
13.7254901960784
14.4929411764706
12.5098039215686
14.14
12.5882352941176
14.5098039215686
13.8039215686275
12.1960784313726
11.4117647058823
16.2537254901961
14.0392156862745
14.5164705882353
18.1960784313726
17.6078431372549
17.1764705882353
15.7309803921569
16.9019607843137
13.2156862745098
10.5133333333333
14.8235294117647
14.7450980392157
11.6078431372549
14.5882352941176
13.843137254902
11.2352941176471
12.7058823529412
10.4705882352941
11.8901960784314
11.3576470588235
14.296862745098
18.1803921568627
14.5592156862745
16.3192156862745
15.4901960784314
14.9411764705882
13.0678431372549
15.6470588235294
13.921568627451
13.843137254902
12.2352941176471
17.3556862745098
17.0470588235294
15.6862745098039
15.7309803921569
16.6274509803922
15.2325490196078
16.4313725490196
12.4705882352941
14.1450980392157
14.3858823529412
13.5870588235294
14.0666666666667
17.1803921568627
17.4901960784314
18.2745098039216
16.7058823529412
17.0196078431373
17.5294117647059
15.7529411764706
12.3066666666667
11.7701960784314
16.0223529411765
13.9109803921569
17.4901960784314
16.8235294117647
12.2345098039216
11.8823529411765
14.9858823529412
15.2380392156863
13.7647058823529
13.3490196078431
13.1764705882353
11.2941176470588
14.4313725490196
12.6313725490196
14.7505882352941
15.6352941176471
15.3780392156863
15.0196078431373
13.1152941176471
14.2352941176471
13.4509803921569
15.8933333333333
15.4901960784314
17.0403921568627
15.921568627451
14.7843137254902
15.501568627451
15.0066666666667
15.6078431372549
15.921568627451
13.9607843137255
17.3556862745098
17.0643137254902
17.8823529411765
17.1764705882353
14.6329411764706
13.7086274509804
12.9019607843137
15.4341176470588
14.9686274509804
17.9333333333333
15.6733333333333
13.0407843137255
12.3529411764706
18.078431372549
17.4956862745098
15.5294117647059
16.9701960784314
15.7372549019608
14.3529411764706
14.1960784313725
11.5294117647059
12.4705882352941
12.9019607843137
12.321568627451
13.278431372549
13.5686274509804
15.8823529411765
15.0588235294118
13.3513725490196
12.5882352941176
12.9964705882353
14.1176470588235
13.0980392156863
13.1243137254902
13.9717647058824
14.2352941176471
16.4705882352941
13.2941176470588
15.4227450980392
18.2235294117647
17.5686274509804
16.2352941176471
16.7843137254902
15.4117647058824
14
18.7058823529412
12.5427450980392
13.4196078431373
14.5098039215686
14.2352941176471
14.5647058823529
16.078431372549
17.1098039215686
16.2
14.5098039215686
14.6666666666667
12.5094117647059
15.7647058823529
15.2941176470588
13.2211764705882
12.4866666666667
15.4058823529412
13.6862745098039
14.3529411764706
13.4733333333333
14.6666666666667
12.561568627451
9.47450980392157
9.37254901960784
12.4705882352941
15.2156862745098
15.921568627451
13.1764705882353
12.5098039215686
12.1023529411765
10.6
13.4117647058824
14.3360784313725
14.2576470588235
12.3137254901961
16.1176470588235
14.8627450980392
15.6862745098039
13.7647058823529
13.2549019607843
13.6125490196078
14.9411764705882
15.9149019607843
11.8486274509804
12.7843137254902
14.4705882352941
13.3725490196078
13.4172549019608
11.921568627451
12.5247058823529
15.0588235294118
15.3333333333333
12.8235294117647
14.6156862745098
12.2576470588235
15.7482352941176
12.5098039215686
12.6666666666667
13.3333333333333
14.0721568627451
11.4509803921569
13.1372549019608
11.4117647058824
14.9294117647059
15.5686274509804
11.6329411764706
13.6466666666667
16.9411764705882
15.7647058823529
14.6274509803922
15.0980392156863
14.8235294117647
15.5294117647059
17.1035294117647
13.7203921568627
14.243137254902
14
12.4705882352941
11.1372549019608
14.7058823529412
15.6470588235294
13.0235294117647
18.3529411764706
18.7674509803922
13.6745098039216
12.6266666666667
15.1764705882353
14.4705882352941
17.0588235294118
15.7254901960784
16.0894117647059
18.5490196078431
19.9270588235294
18.3137254901961
18.8470588235294
19.3780392156863
15.2941176470588
17.2156862745098
16
18.6666666666667
17.8823529411765
17.2211764705882
17.8117647058824
15.0980392156863
15.4341176470588
14.7450980392157
8.70588235294118
12.7450980392157
16.8345098039216
15.1764705882353
16.3956862745098
11.1372549019608
16.2352941176471
17.7921568627451
15.4117647058824
15.3607843137255
13.921568627451
13.1827450980392
12.7843137254902
16.1176470588235
10.3529411764706
17.5294117647059
13.9607843137255
15.6078431372549
16.1960784313725
15.0980392156863
14.9803921568627
13.5349019607843
14.9411764705882
14.7450980392157
11.8039215686274
14.2352941176471
17.5294117647059
16.5882352941177
15.2266666666667
16.3529411764706
13.8039215686274
13.6133333333333
14.5098039215686
14.7843137254902
18.218431372549
16.1176470588235
15.2156862745098
13.9733333333333
17.2549019607843
15.843137254902
13.8039215686274
15.8823529411765
13.1737254901961
16.7505882352941
15.5686274509804
20.9635294117647
16.3921568627451
14.1176470588235
14.9592156862745
17.3388235294118
18.7843137254902
19.0980392156863
13.7643137254902
14.8627450980392
13.7254901960784
11.4509803921569
13.4509803921569
15.2549019607843
13.2941176470588
13.4509803921569
11.3388235294118
12.121568627451
14.7843137254902
14.9803921568627
13.9125490196079
16.6941176470588
13.921568627451
15.4572549019608
10.5490196078431
11.8470588235294
12.1960784313725
14.5490196078431
12.1450980392157
13.9439215686275
14.3137254901961
12.3921568627451
15.2156862745098
15.5705882352941
14.28
11.1764705882353
13.5294117647059
10.7674509803922
15.7647058823529
14.9635294117647
14.6274509803922
15.2
18.0392156862745
16.2329411764706
13.921568627451
16.2462745098039
16.436862745098
15.3164705882353
12.8941176470588
13.4439215686274
12.1960784313726
15.9607843137255
16.3921568627451
15.1466666666667
15.5909803921569
15.6027450980392
15.0980392156863
13.8549019607843
16.7843137254902
15.8705882352941
18.7843137254902
14.8627450980392
13.1886274509804
14.7058823529412
15.1129411764706
13.8823529411765
10
11.5176470588235
14.8627450980392
14.7058823529412
14.7058823529412
14.5937254901961
16.14
16.7843137254902
15.4549019607843
15.7294117647059
15.4403921568627
16.118431372549
16.5490196078431
16.2352941176471
14.4145098039216
13.8823529411765
16.9019607843137
12.1792156862745
15.7254901960784
16.5490196078431
15.9607843137255
14.2745098039216
16.3921568627451
16.9635294117647
17.0588235294118
16.8235294117647
13.6078431372549
16.5372549019608
15.6862745098039
15.3725490196078
15.7647058823529
15.243137254902
13.5686274509804
14
15.7294117647059
15.3725490196078
14.3529411764706
17.0250980392157
16.0392156862745
16.9019607843137
18.6666666666667
16.4313725490196
13.4509803921569
16.156862745098
11.1596078431372
11.5113725490196
13.2909803921569
14
12.156862745098
12.7058823529412
13.2211764705882
13.3388235294118
16.2745098039216
12.6352941176471
13.8039215686275
11.5294117647059
13.5294117647059
13.6862745098039
13.2941176470588
16.9243137254902
17.7254901960784
10.9803921568627
14.8235294117647
16.6274509803922
15.7529411764706
16.6666666666667
18.2352941176471
17.0588235294118
12.8290196078431
15.0580392156863
13.1764705882353
14.5882352941176
17.0980392156863
15.4388235294118
14.078431372549
14
15.5294117647059
15.0980392156863
14.7843137254902
15.4956862745098
14.1564705882353
14.8235294117647
14.6666666666667
16.356862745098
19.8078431372549
15.4117647058824
14.3921568627451
16.6549019607843
16.598431372549
16.9411764705882
16
20.3529411764706
18.6274509803922
13.8039215686274
13.921568627451
14.5207843137255
16.3360784313725
13.0980392156863
11.9819607843137
16
13.5470588235294
11.0196078431373
14.3423529411765
16.6666666666667
15.9533333333333
16.5152941176471
14.2352941176471
13.8094117647059
13.1764705882353
14.5882352941176
11.3333333333333
11.9254901960784
13.843137254902
12.6274509803922
12.5882352941176
14.9243137254902
17.4733333333333
17.921568627451
16.7113725490196
15.9439215686274
14.9705882352941
13.8039215686274
9.44235294117647
10.3921568627451
12
14.8627450980392
15.5023529411765
17.3725490196078
15.843137254902
15.4509803921569
15.4796078431373
12.3137254901961
11.8039215686275
14.4705882352941
13.4509803921569
15.5686274509804
15.6886274509804
14.9803921568627
13.121568627451
12.3921568627451
15.983137254902
14.7058823529412
13.6250980392157
14.9858823529412
13.0588235294118
10.4313725490196
10.8235294117647
10.7450980392157
11.3725490196078
10.0301960784314
6.70588235294118
14.5494117647059
14.9019607843137
12.7450980392157
9.21568627450981
14.1960784313725
13.4901960784314
12.8235294117647
15.3388235294118
14.3137254901961
15.8823529411765
14.3529411764706
13.9956862745098
13.2549019607843
13.478431372549
14.0392156862745
11.3388235294118
12.3137254901961
13.4117647058824
13.5796078431373
12.6666666666667
12.356862745098
15.2572549019608
15.0588235294118
13.3388235294118
17.1764705882353
14.8486274509804
11.2941176470588
16.5882352941176
13.6862745098039
12.9411764705882
13.0505882352941
10.4705882352941
10
9.52941176470588
17.6862745098039
14.2235294117647
12.9411764705882
14.8235294117647
13.4901960784314
13.0980392156863
10.9803921568627
13.3725490196078
10.4760784313726
12.9019607843137
13.2941176470588
15.0352941176471
10.4537254901961
11.3533333333333
14.1960784313726
9.62274509803922
11.6470588235294
13.2588235294118
13.8039215686275
10.7058823529412
12.3921568627451
13.3725490196078
11.8823529411765
15.9647058823529
15.0588235294118
13.2549019607843
13.2549019607843
15.2156862745098
15.5294117647059
10.436862745098
13.0470588235294
14.5101960784314
13.5686274509804
13.3388235294118
13.0235294117647
11.8039215686275
12.9411764705882
14.156862745098
13.1411764705882
14.2745098039216
16.7058823529412
15.5796078431373
15.3333333333333
15.8823529411765
13.5294117647059
12.5098039215686
9.87058823529412
11.4117647058824
11.9607843137255
11.9325490196078
15.0980392156863
14.436862745098
12.7843137254902
12.0392156862745
11.3282352941176
11.3725490196078
13.9886274509804
11.5427450980392
7.9278431372549
11.3725490196078
12.1960784313725
10.8235294117647
11.6078431372549
12.1176470588235
13.7254901960784
12
14.123137254902
13.6109803921569
13.1647058823529
14.5882352941176
15.4203921568627
14.3921568627451
14.6274509803922
13.3588235294118
10.7058823529412
12.3243137254902
14.7882352941176
15.7254901960784
15.2549019607843
14.638431372549
11.6745098039216
15.921568627451
14.4721568627451
14.7843137254902
15.843137254902
11.4901960784314
13.4509803921569
15.5164705882353
11.2772549019608
14.436862745098
14.1960784313726
12.5713725490196
14.0392156862745
13.5294117647059
11.3203921568627
13.0078431372549
11.8823529411765
15.5450980392157
15.0196078431373
13.4156862745098
11.921568627451
13.5686274509804
13.2772549019608
12.5098039215686
10.8235294117647
11.1427450980392
14.9803921568627
10.7898039215686
14.201568627451
11.8878431372549
11.2380392156863
12.4313725490196
14.5937254901961
14.7952941176471
13.7254901960784
3.29411764705882
1.01960784313726
15.8823529411765
15.7647058823529
14.1176470588235
16.8235294117647
12.3819607843137
10.7058823529412
14.28
13.843137254902
12.7450980392157
15.5294117647059
13.3270588235294
13.118431372549
14.6274509803922
12.8627450980392
14.156862745098
13.9607843137255
12.7674509803922
13.2603921568627
11.2772549019608
13.1764705882353
12.5545098039216
15.3529411764706
17.2156862745098
16.1007843137255
12.6274509803922
11.4509803921569
15.0980392156863
16.1176470588235
14.156862745098
15.921568627451
16.7058823529412
14.3529411764706
12.7725490196078
12.2352941176471
17.5686274509804
16
15.3764705882353
17.2211764705882
15.7882352941176
15.8823529411765
15.843137254902
16.9019607843137
16.9411764705882
16.6666666666667
16.7505882352941
16.6498039215686
17.843137254902
18.7490196078431
18.8627450980392
19.8094117647059
14.2352941176471
13.8933333333333
15.9717647058824
14.2352941176471
10.5098039215686
14.9019607843137
13.9607843137255
12.3921568627451
13.921568627451
10.9466666666667
10.4705882352941
14.9843137254902
14.4537254901961
12.0223529411765
12.3509803921569
11.6078431372549
14.2745098039216
13.4941176470588
14.7058823529412
15.2549019607843
13.3250980392157
11.6470588235294
9.89333333333334
12.9019607843137
12.0392156862745
13.3596078431372
12.0392156862745
13.921568627451
14.7843137254902
12.3752941176471
11.8039215686275
9.99999999999999
