22.2003921568627
21.6592156862745
20.2003921568627
18.403137254902
18.5098039215686
15.2635294117647
17.2941176470588
19.6121568627451
16.3921568627451
14.9411764705882
15.1286274509804
13.756862745098
15.6078431372549
15.3333333333333
17.7254901960784
19.3725490196078
21.4117647058824
19.8039215686274
19.1411764705882
19.2941176470588
15.0670588235294
19.0588235294118
20.078431372549
18.4313725490196
18.5490196078431
16.4705882352941
17.5827450980392
17.1764705882353
18.8647058823529
16
16
19.0588235294118
17.3333333333333
15.4682352941176
21.6980392156863
13.7647058823529
15.5239215686274
16.9803921568627
17.843137254902
18.6274509803922
17.6160784313726
16.9843137254902
20.4705882352941
19.7364705882353
22.3247058823529
20.7843137254902
20.4517647058824
19.1372549019608
15.6470588235294
13.1090196078431
24.6666666666667
19.5294117647059
17.6121568627451
17.5039215686274
20.156862745098
17.1298039215686
15.9607843137255
17.4117647058824
16.2745098039216
19.8745098039216
18.1960784313725
13.9360784313725
18.6666666666667
19.7164705882353
21.7647058823529
19.4509803921569
17.1023529411765
16.4313725490196
17.5294117647059
19.7066666666667
16.7149019607843
17.5294117647059
17.3603921568627
17.5482352941176
16.1756862745098
17.7094117647059
13.4901960784314
13.5337254901961
19.1372549019608
18.7450980392157
15.5294117647059
16.9062745098039
19.1023529411765
17.4901960784314
18.3921568627451
18.1960784313725
19.843137254902
18.0564705882353
19.9796078431373
18.4109803921569
18.1219607843137
19.2980392156863
21.2635294117647
22.6666666666667
22.3137254901961
19.0980392156863
21.3333333333333
16.8627450980392
7.20470588235294
16.6870588235294
14.8235294117647
19.5686274509804
16.7843137254902
19.3725490196078
18.2745098039216
19.2549019607843
18.7058823529412
18.2745098039216
23.2592156862745
20.1772549019608
20.6274509803922
22.3219607843137
18.2
17.921568627451
16.6705882352941
16.3760784313725
19.1133333333333
18.078431372549
17.2588235294118
17.6862745098039
17.0196078431373
18.5882352941176
17.843137254902
19.8082352941176
20.4313725490196
20.2745098039216
14.3933333333333
17.8737254901961
16.9019607843137
17.2941176470588
18.803137254902
15.6537254901961
16.4501960784314
18.121568627451
17.9490196078431
19.4509803921569
16.9019607843137
19.6078431372549
21.1317647058824
22.1176470588235
21.9921568627451
20.7058823529412
20.4705882352941
22.1905882352941
18.0392156862745
15.9643137254902
15.6862745098039
15.9607843137255
16.2745098039216
16.6666666666667
16.5098039215686
17.6556862745098
18.078431372549
17.3725490196078
18.0043137254902
16.156862745098
16.4858823529412
15.2549019607843
17.0588235294118
18.1960784313726
15.9607843137255
15.5454901960784
13.0588235294118
17.2156862745098
19.3376470588235
17.7647058823529
17.6349019607843
19.2078431372549
16.5411764705882
16.0043137254902
16.601568627451
18.8627450980392
21.5878431372549
17.6470588235294
13.3725490196078
16.8156862745098
19.4901960784314
17.5294117647059
18.9207843137255
19.3145098039216
20.2274509803922
18.5882352941176
18.156862745098
19.1372549019608
19.6078431372549
20.078431372549
18.1741176470588
20.3529411764706
22.5882352941176
20.7450980392157
19.4901960784314
19.7647058823529
15.4756862745098
19.3333333333333
18.078431372549
16.9843137254902
19.0588235294118
15.4509803921569
16.5258823529412
20.46
17.2941176470588
22.3572549019608
19.9258823529412
16.1537254901961
16.9803921568627
18.0392156862745
18.3709803921569
20.4
20.7125490196078
19.5337254901961
13.3247058823529
9.37882352941177
22.4313725490196
17.9039215686274
18.6745098039216
14.8486274509804
19.9607843137255
18.2352941176471
19.1372549019608
20.5964705882353
19.6470588235294
18.1176470588235
16.2745098039216
21.6078431372549
21.843137254902
19.3486274509804
18.9223529411765
17.843137254902
16.0043137254902
21.843137254902
20.3137254901961
22.3921568627451
19.4643137254902
17.0588235294118
20.2352941176471
16.7450980392157
20.9929411764706
19.2392156862745
19.1764705882353
17.6392156862745
15.6133333333333
15.843137254902
15.8082352941176
17.1372549019608
9.2156862745098
17.2650980392157
10.261568627451
18.6086274509804
17.4117647058824
18.3341176470588
16.3921568627451
15.7254901960784
17.0588235294118
18.5098039215686
16.6274509803922
19.4709803921569
17.9607843137255
16.2352941176471
17.8094117647059
18.156862745098
19.6905882352941
15.0007843137255
12.7886274509804
16.0466666666667
17.5294117647059
16.4560784313725
16.2352941176471
15.3180392156863
13.3521568627451
7.88235294117647
15.2156862745098
20.5098039215686
17.3725490196078
15.641568627451
23.3145098039216
19.4901960784314
19.116862745098
21.6078431372549
20.8627450980392
19.9607843137255
21.8039215686274
17.6470588235294
20.8235294117647
18.156862745098
15.9886274509804
17.9419607843137
17.741568627451
19.3376470588235
11.3333333333333
14.4313725490196
16.7843137254902
18.8321568627451
18.1490196078431
15.1458823529412
15.5337254901961
15.921568627451
18.4607843137255
18.078431372549
17.3333333333333
15.8039215686274
15.3811764705882
15.3725490196078
17.598431372549
10.7843137254902
17.2549019607843
17.9607843137255
4.35294117647059
20.0043137254902
16.078431372549
15.2227450980392
17.5145098039216
19.4509803921569
16.8690196078431
16.5435294117647
16.1364705882353
18.9019607843137
18.9411764705882
13.7541176470588
20.3921568627451
14.8356862745098
15.921568627451
14.6666666666667
16.6329411764706
17.9796078431373
16.8776470588235
15.94
16.8980392156863
14.7082352941176
18.2745098039216
17.3333333333333
17.8039215686275
19.6862745098039
20.1176470588235
19.4552941176471
17.9607843137255
19.2156862745098
14.7262745098039
11.7647058823529
18.6274509803922
16.6666666666667
14.7639215686275
17.843137254902
16.1266666666667
14.8235294117647
14.9109803921569
10.8627450980392
10.1756862745098
18.3835294117647
19.3647058823529
19.921568627451
15.8039215686274
18.6690196078431
16.9992156862745
16.6666666666667
15.8082352941176
18.1176470588235
16.3137254901961
16.4501960784314
11.5313725490196
19.4117647058824
18.078431372549
18.1756862745098
17.4509803921569
19.0980392156863
18.0392156862745
19.1070588235294
17.1372549019608
16.7450980392157
13.1611764705882
16.7450980392157
17.0588235294118
19.7647058823529
20.5286274509804
21.6470588235294
20.9062745098039
19.6023529411765
21.0588235294118
18.8627450980392
16.7450980392157
11.4525490196078
18.1607843137255
15.3333333333333
20.3921568627451
19.4305882352941
14.1811764705882
14.1176470588235
22.8125490196078
17.8082352941176
15.6078431372549
17.6078431372549
14.9019607843137
14.2827450980392
17.1270588235294
15.8772549019608
17.8823529411765
19.5729411764706
19.0196078431373
17.2941176470588
16.9749019607843
18.3921568627451
15.3376470588235
16.9454901960784
18.9803921568627
18.4705882352941
18.4313725490196
17.3725490196078
18.3529411764706
17.4117647058824
18.6274509803922
18.6666666666667
15.3376470588235
19.9011764705882
19.5686274509804
21.6862745098039
19.3725490196078
16.8717647058823
15.3109803921569
17.6862745098039
17.843137254902
17.6470588235294
20.2745098039216
17.5729411764706
16.3921568627451
18.0313725490196
19.8082352941176
17.7647058823529
18.7843137254902
19.9160784313725
19.24
18.2745098039216
16.8627450980392
13.1764705882353
12.6666666666667
15.6862745098039
15.4552941176471
16.3760784313725
17.0196078431373
18.9803921568627
19.4901960784314
16.0639215686274
15.5686274509804
15.4203921568627
15.2235294117647
15.0349019607843
15.6078431372549
16.5490196078431
16.7058823529412
18.9062745098039
16.8627450980392
19.2549019607843
21.3074509803921
19.6078431372549
17.2156862745098
19.5333333333333
15.0980392156863
16.2352941176471
19.3333333333333
16.8627450980392
17.2282352941176
20.078431372549
19.5686274509804
17.5090196078431
18.8764705882353
20.0247058823529
18.8858823529412
17.7298039215686
16.9803921568627
12.5490196078431
17.0196078431373
16.8627450980392
14.0392156862745
15.0443137254902
18.3211764705882
17.5294117647059
17.6380392156863
18.878431372549
18.9803921568627
15.7686274509804
2.61058823529412
13.5074509803922
15.0196078431373
17.58
17.7254901960784
15.5686274509804
13.921568627451
15.3333333333333
13.5686274509804
15.6862745098039
16.8321568627451
16.5062745098039
9.37254901960784
19.4117647058823
17.7254901960784
18.3921568627451
17.9474509803922
16.5745098039216
17.2549019607843
17.9498039215686
18.6317647058824
19.843137254902
19.1764705882353
19.3886274509804
17.0980392156863
16.6666666666667
13.2156862745098
15.4509803921569
17.5686274509804
18.6666666666667
15.5294117647059
17.2156862745098
15.1090196078431
20.278431372549
14.1960784313726
17.5729411764706
16.7843137254902
16.4313725490196
13.4588235294118
15.7647058823529
15.0094117647059
17.3333333333333
18
9.03058823529412
17.2772549019608
21.0980392156863
17.9717647058823
18.9905882352941
18.6274509803922
17.8039215686275
18.9019607843137
20.1176470588235
18.2352941176471
17.4117647058824
15.1372549019608
12.6666666666667
16.9019607843137
17.3376470588235
18.0392156862745
7.18078431372549
19.4117647058824
20.8670588235294
17.4509803921569
17.1372549019608
18.3137254901961
16.2352941176471
18.078431372549
16.5098039215686
19.9411764705882
20.9725490196078
20.7058823529412
20.7058823529412
21.7254901960784
21.7254901960784
18.8627450980392
20.2149019607843
18.5694117647059
21.7443137254902
21.3725490196078
21.1850980392157
21.2588235294118
17.8862745098039
20.0043137254902
15.4117647058824
16.7843137254902
17.3333333333333
19.0980392156863
14.9411764705882
19.3725490196078
14.7450980392157
20.043137254902
21.141568627451
19.2592156862745
18.6274509803922
17.8823529411765
16.7345098039216
16.6517647058823
19.7592156862745
15.921568627451
12.258431372549
16.1447058823529
21.5686274509804
19.5686274509804
17.7247058823529
17.7254901960784
15.1764705882353
19.0588235294118
16.5098039215686
16.2788235294118
20.8047058823529
21.0745098039216
20.9529411764706
16.4003921568627
21.4509803921569
17.843137254902
16.6666666666667
16.5490196078431
19.5686274509804
20.7058823529412
19.6078431372549
17.5294117647059
17.0803921568627
19.9607843137255
17.6117647058823
20.2435294117647
18.4996078431373
13.5070588235294
19.6949019607843
16.7058823529412
23.2701960784314
18.3788235294118
18.0392156862745
21.843137254902
20.9411764705882
22.4705882352941
21.4549019607843
15.8866666666667
18.8627450980392
15.921568627451
15.9294117647059
17.4117647058824
20.0392156862745
17.843137254902
18.6709803921569
17.6862745098039
16.4313725490196
17.3521568627451
16.5925490196078
26.5098039215686
19.6470588235294
16.7058823529412
18.2745098039216
14.9019607843137
16.5882352941176
12.2478431372549
14.3137254901961
14.6070588235294
13.6470588235294
18.2352941176471
16.6666666666667
17.9607843137255
17.8866666666667
17.7254901960784
13.0007843137255
13.6156862745098
9.97960784313726
15.2549019607843
17.8678431372549
7.76470588235294
19.5105882352941
20.3921568627451
18.9019607843137
18.8913725490196
20.078431372549
18.7843137254902
19.5686274509804
20.7450980392157
18.7450980392157
18.2745098039216
21.1764705882353
13.6470588235294
19.7443137254902
18.0435294117647
18.156862745098
18.1176470588235
18.7101960784314
21.1372549019608
19.2156862745098
22.9454901960784
16.398431372549
15.6509803921569
19.0980392156863
18.1176470588235
16.96
13.4901960784314
18.4
18.156862745098
17.0196078431373
18.2149019607843
19.8709803921569
19.3254901960784
20.4313725490196
18.0392156862745
18.7058823529412
17.4992156862745
18.5490196078431
18.1960784313726
18.9019607843137
16.0227450980392
18.1960784313726
19.3725490196078
16.0549019607843
18.3137254901961
19.5686274509804
20.7843137254902
18.078431372549
20
20.6666666666667
19.0239215686274
20.3137254901961
19.921568627451
20.7450980392157
19.3725490196078
19.5686274509804
20.9058823529412
18.9411764705882
17.3725490196078
17.0239215686274
20.2556862745098
18.3929411764706
15.6470588235294
20.2745098039216
19.843137254902
20.2745098039216
21.8619607843137
16.7843137254902
16.1960784313726
18.4023529411765
10.2090196078431
10.0392156862745
18.4627450980392
18.2352941176471
13.5294117647059
13.4509803921569
14.6274509803922
16.7450980392157
18.8941176470588
15.2156862745098
15.6862745098039
14.6192156862745
15.8933333333333
17.1560784313726
14.3529411764706
20.6666666666667
21.0901960784314
16.8682352941176
19.843137254902
20.2894117647059
16.4313725490196
19.843137254902
21.9121568627451
19.4117647058824
18.8439215686274
19.2549019607843
17.8866666666667
18.803137254902
21.1372549019608
17.6470588235294
17.1764705882353
15.5882352941176
17.7254901960784
17.843137254902
16.4313725490196
17.0980392156863
18
18.2745098039216
17.4945098039216
20.3180392156863
23.0196078431373
21.0533333333333
19.4305882352941
20.3921568627451
21.0235294117647
19.7647058823529
19.1372549019608
24.2352941176471
19.0776470588235
17.7070588235294
15.8745098039216
18.4705882352941
17.1949019607843
13.9647058823529
18.6980392156863
18.5803921568627
15.22
13.6513725490196
18.5882352941176
20.5925490196078
18.3137254901961
18.9803921568627
16.6396078431373
15.5686274509804
17.6470588235294
18.3137254901961
14.1756862745098
15.4901960784314
17.0588235294118
17.6470588235294
17.4509803921569
19.6470588235294
20.403137254902
20.9803921568627
18.7741176470588
19.4509803921569
17.04
16.0043137254902
14.4125490196078
8.58823529411765
16.7843137254902
19.8909803921569
18.3309803921569
19.9607843137255
18.8235294117647
17.8619607843137
17.8039215686275
15.6972549019608
12.596862745098
16.7843137254902
14.7843137254902
20.2094117647059
17.4945098039216
16.7529411764706
14.5490196078431
16.2149019607843
17.6603921568627
16.4352941176471
16.1960784313725
18.5141176470588
11.158431372549
11.8039215686275
12.1176470588235
10.9019607843137
13.4901960784314
10.5137254901961
14.9058823529412
18.078431372549
15.921568627451
8.25411764705883
15.9286274509804
17.0196078431373
16.6588235294118
18.5098039215686
18.7058823529412
17.2156862745098
18.4313725490196
15.8866666666667
15.4117647058824
16.3529411764706
16.2745098039216
17.6078431372549
14.3082352941176
17.6470588235294
13.921568627451
16.9411764705882
17.1411764705882
15.376862745098
19.5337254901961
17.3376470588235
17.8823529411765
20
14.278431372549
15.8823529411765
22.4137254901961
15.1372549019608
14.7058823529412
15.0980392156863
12.3137254901961
7.86196078431373
10.2047058823529
20.2745098039216
17.6470588235294
17.3725490196078
17.0588235294118
17.5686274509804
15.6862745098039
13.5207843137255
14.9992156862745
15.0835294117647
16.0435294117647
18.6313725490196
17.6862745098039
16.3960784313726
16.2349019607843
16.4705882352941
13.6862745098039
16.2274509803922
17.2592156862745
16.2109803921569
13.3027450980392
15.0894117647059
17.1764705882353
18.7058823529412
20
15.5901960784314
16
16.078431372549
17.7647058823529
18.3921568627451
10.221568627451
21.3333333333333
17.5149019607843
16.8627450980392
16.4125490196078
15.8823529411765
10.1960784313725
15.921568627451
16.2745098039216
14.6274509803922
17.8039215686275
20.1745098039216
18.5882352941176
20.6317647058824
17.4160784313725
16.1882352941176
14.5529411764706
8.7843137254902
14.5098039215686
15.2549019607843
14.2831372549019
19.3145098039216
15.4117647058824
15.3333333333333
15.0239215686274
14.4792156862745
15.9607843137255
15.298431372549
10.7921568627451
14.2788235294118
13.8117647058824
15.7756862745098
15.7647058823529
13.6901960784314
15.7690196078431
16.2419607843137
14.0713725490196
16.9843137254902
17.7254901960784
16.5043137254902
19.0980392156863
19.2549019607843
17.6470588235294
17.9258823529412
14.6086274509804
9.05882352941176
15.1576470588235
18.6274509803922
18.4109803921569
19.4117647058824
16.1176470588235
15.3725490196078
18.4109803921569
18.8670588235294
16.9019607843137
18.4356862745098
17.376862745098
17.6470588235294
17.8823529411765
16.7450980392157
18.6313725490196
15.1023529411765
16.3176470588235
18.1258823529412
14.9149019607843
13.1372549019608
14.9411764705882
16.9019607843137
19.0235294117647
18.8627450980392
14.4313725490196
15.8592156862745
16.3921568627451
15.7254901960784
13.4549019607843
12.1611764705882
16.9023529411765
17.3050980392157
16.3137254901961
16.2352941176471
13.5294117647059
14.8007843137255
17.5333333333333
17.1764705882353
16.6360784313725
15.5729411764706
2.15686274509805
12.4313725490196
18.8082352941177
18.4705882352941
17.3333333333333
19.8862745098039
14.3137254901961
13.6513725490196
15.6862745098039
15.8823529411765
18
19.9650980392157
14.3960784313726
17.6078431372549
15.6470588235294
15.4756862745098
16.9411764705882
10.8713725490196
15.2549019607843
15.8823529411765
18.5043137254902
16.3964705882353
15.2941176470588
17.1764705882353
18.2003921568627
18.7654901960784
12.6274509803922
17.2156862745098
18.2352941176471
16.7886274509804
16.7098039215686
18.5490196078431
18.5098039215686
15.2941176470588
12.7450980392157
15.9027450980392
20.3866666666667
17.921568627451
20.0043137254902
19.3858823529412
19.4509803921569
18.7058823529412
19.2941176470588
20.3270588235294
19.921568627451
20.1960784313725
20.2541176470588
21.7254901960784
21.3913725490196
21.9607843137255
23.1023529411765
22.1756862745098
15.8474509803921
17.6470588235294
17.4509803921569
9.53803921568626
17.9607843137255
18.8235294117647
17.921568627451
15.1764705882353
15.4117647058824
12.3137254901961
13.5337254901961
18.9411764705882
15.5411764705882
16.2788235294118
16.0580392156863
15.038431372549
16.6313725490196
14.078431372549
17.3725490196078
16.9411764705882
14.7886274509804
8.98039215686275
15.4160784313725
15.5976470588235
14.5098039215686
17.4117647058824
17.2549019607843
18.3921568627451
13.6133333333333
13.8823529411765
13.843137254902
13.398431372549
