5.25490196078431
4.27450980392157
3.89254901960784
2.11764705882353
4.51764705882353
4.27450980392157
3.83137254901961
3.9164705882353
4.43137254901961
3.18823529411765
3.45098039215686
2.86274509803922
3.49019607843137
3.6078431372549
3.65254901960784
4.54901960784314
4.76470588235294
4.39490196078431
5.05882352941177
3.64901960784314
2.15686274509804
5.1764705882353
3.96078431372549
4.7843137254902
3.17647058823529
3.6078431372549
4.03372549019608
4.27450980392157
3.45098039215686
2.74509803921569
4.0243137254902
3.53725490196078
5.06666666666666
4.74509803921569
4.27450980392157
2.96274509803921
2.71372549019608
3.76470588235294
3.05882352941176
4.27450980392157
4.22274509803921
2.86274509803922
5.33333333333333
4.02901960784314
5.41176470588235
4.51764705882353
5.64705882352941
4.3921568627451
2.96862745098039
2.33019607843137
2.54901960784314
3.6078431372549
3.58235294117647
2.58823529411765
3.56862745098039
4.70588235294118
2.29607843137255
4.90196078431373
2.74509803921569
3.37254901960784
3.33019607843137
3.49019607843137
4.90196078431373
3.88235294117647
5.41176470588235
4.74509803921569
4.0964705882353
3.58313725490196
3.65921568627451
4.15960784313725
3.96078431372549
3.45098039215686
3.59764705882353
5.25490196078431
3.39372549019608
4.74509803921569
3.64705882352941
3.13725490196078
4.70588235294118
4.07843137254902
3.52941176470588
3.54509803921568
3.9235294117647
4.08627450980392
4.50196078431372
4.23529411764706
4.11764705882353
4.43137254901961
4.35294117647059
3.96862745098039
3.33333333333333
5.69411764705882
5.45098039215686
4.66666666666667
4.94117647058824
3.45098039215686
3.72549019607843
3.72549019607843
1.27215686274509
2.98039215686274
3.09803921568628
4.21725490196078
2.07843137254902
4.7843137254902
3.76117647058823
4.23529411764706
2.62745098039216
3.41333333333333
3.8043137254902
3.84313725490196
3.84078431372549
4.65725490196079
4.19607843137255
4.71372549019608
3.84313725490196
3.92156862745098
4.23254901960785
4.87764705882353
3.00509803921569
3.92156862745098
4.23529411764706
4.07843137254902
3.87686274509804
5.49803921568627
3.92156862745098
4.83137254901961
2.98039215686275
4.44627450980392
3.80392156862745
4.02745098039215
3.76470588235294
3.65725490196078
3.37254901960784
4.43137254901961
2.47058823529412
5.34588235294117
2.66666666666667
4.53882352941176
4.54901960784314
4.85098039215686
5.65490196078431
5.33333333333333
5.37254901960784
4.70588235294118
3.47294117647059
3.01960784313725
3.56862745098039
3.56862745098039
2.50980392156863
2.62745098039216
3.25490196078432
4.47058823529412
5.09803921568628
3.68627450980392
3.5878431372549
3.4121568627451
3.08039215686274
2.90196078431372
3.96862745098039
3.31921568627451
3.48509803921569
2.50980392156863
2.19607843137255
2.90196078431372
4.38941176470588
2.74509803921569
2.54901960784314
4.03921568627451
3.88235294117647
3.38039215686274
4.03921568627451
3.92156862745098
5.23137254901961
4.23529411764706
1.91137254901961
4.0521568627451
4.54901960784314
3.06666666666666
4.18039215686274
4.62745098039216
4.24313725490196
3.26509803921569
4.75294117647059
5.47058823529412
4.7921568627451
5.49803921568627
2.50980392156863
5.41176470588235
5.76470588235294
3.45098039215686
4.70588235294118
5.16627450980392
3.45098039215686
4.03921568627451
3.81176470588235
3.52941176470588
4.36078431372549
3.37254901960784
2.43137254901961
4.20509803921569
4.83803921568627
4.23529411764706
4.0078431372549
4.31372549019608
3.01960784313726
3.56862745098039
3.84313725490196
4.19607843137255
5.18431372549019
3.90196078431372
2.58823529411765
1.97686274509804
5.52549019607843
2.37450980392157
3.64705882352941
3.86156862745098
4.32
4.22509803921569
4.23725490196078
4.63529411764706
4.56862745098039
5.05882352941177
4.82352941176471
4.78039215686274
5.64705882352941
3.82745098039215
4.66666666666667
3.53725490196078
4.45098039215686
5.49019607843137
2.90196078431373
6.70588235294118
6.50980392156863
2.82352941176471
4.96588235294118
3.07450980392156
4.27450980392157
4.43137254901961
4.14666666666667
2.23529411764706
3.42980392156863
3.85882352941176
2.90196078431373
4.33058823529412
1.85098039215686
3.68627450980392
1.33333333333333
4.66666666666667
3.34117647058823
3.1278431372549
4.03921568627451
2.98039215686275
2.50980392156863
4.19607843137255
3.41176470588235
3.96078431372549
3.18509803921569
2.52941176470588
3.2156862745098
3.55843137254902
5.95137254901961
2.54901960784314
2.51607843137255
2.74509803921569
3.02039215686274
3.01960784313725
3.22
2.35294117647059
2.05882352941176
1.81921568627451
4.70588235294118
4.80392156862745
4.56313725490196
3.41686274509804
4.66666666666667
4.27450980392157
4.94117647058824
5.45098039215686
5.01960784313725
6.23529411764706
6.15686274509804
1.92156862745098
5.01960784313726
5.37254901960784
4.94901960784314
4.32156862745098
3.62
3.92156862745098
3.92156862745098
3.92156862745098
3.6078431372549
3.13725490196078
2.74901960784314
3.35960784313725
2.94117647058824
4.03921568627451
3.17647058823529
3.33333333333333
3.45098039215686
1.96078431372549
3.45098039215686
2.2835294117647
3.49019607843137
1.49019607843137
3.70509803921568
3.99529411764706
1.33333333333333
5.66078431372549
2.86274509803922
3.41176470588235
3.6078431372549
4.70588235294118
2.47058823529412
3.64705882352941
2.8356862745098
5.06666666666666
4.39960784313725
1.62745098039216
3.23960784313726
2.47058823529412
2.47058823529412
3.92156862745098
2.10509803921568
4.12549019607843
3.33333333333333
2.45882352941176
3.56862745098039
2
4.47058823529412
1.83294117647059
4.07843137254902
6.07843137254902
6.14666666666666
4.58823529411765
4.11764705882353
4.11764705882353
2.50980392156863
2.35294117647059
4.04705882352941
3.05882352941177
2.8235294117647
5.84039215686274
3.33333333333333
3.25490196078431
3.17647058823529
2.23529411764706
2.47058823529412
2.27450980392157
2.36588235294117
4.86274509803922
2.90196078431372
6
4.3921568627451
4.7843137254902
2.98039215686274
4.03921568627451
2.90196078431372
4.42941176470588
2.16941176470588
5.49294117647058
2.71843137254902
5.11764705882353
2.92627450980392
4.97176470588235
4.09882352941176
5.45764705882353
3.25490196078431
3.72549019607843
2.03921568627451
4.15686274509804
3.01960784313726
4.11764705882353
5.03607843137255
3.98862745098039
4.58823529411765
2.70588235294118
4.31372549019608
1.89019607843137
2.08627450980392
2.72156862745098
4.54313725490196
3.84313725490196
5.07450980392156
2.7843137254902
1.58823529411765
2.47058823529412
3.73333333333333
4.03921568627451
2.54901960784314
3.55098039215686
2.76392156862745
2.86274509803922
3.49019607843137
2.50980392156863
3.17647058823529
3.78431372549019
4.82352941176471
2.86274509803922
2.66666666666667
3.88235294117647
3.41176470588235
3.29411764705882
4.58823529411765
4.47058823529412
4.23529411764706
3.45098039215686
4.7843137254902
4.58823529411765
3.80392156862745
3.2156862745098
1.13725490196079
4.79725490196079
3.10470588235294
5.64705882352941
4.66666666666667
3.0921568627451
1.96078431372549
3.29411764705882
3.13372549019608
3.4756862745098
4.66666666666667
2.90509803921568
3.29882352941177
3.76470588235294
4.54901960784314
3.17647058823529
3.68627450980392
5.27058823529411
4.54901960784314
4.41019607843138
2.62745098039216
1.82352941176471
2.27450980392157
2.86274509803922
2.4521568627451
2.71686274509804
2.19607843137255
4.38039215686274
4.54901960784314
3.56862745098039
3.52941176470588
3.64705882352941
3.17647058823529
2.82352941176471
3.68627450980392
3.56862745098039
3.17647058823529
4.02901960784314
3.96862745098039
4.12549019607843
5.29411764705882
4.82352941176471
5.58823529411765
5.2156862745098
1.25960784313726
5.38823529411764
4.90431372549019
2.52941176470588
3.38627450980392
4.30274509803922
3.87960784313725
3.6678431372549
3.33333333333333
4.70588235294118
3.03921568627451
3.3121568627451
3.52
2.07843137254902
3.2392156862745
2.24941176470588
1.33333333333333
3.56862745098039
4.19607843137255
4.27450980392157
2.51764705882353
4.60666666666667
4.27450980392157
3.05019607843137
1.29411764705882
1.88235294117647
2.32392156862745
3.96078431372549
4.43137254901961
3.84313725490196
2.55686274509804
4.3921568627451
2.87490196078431
3.6156862745098
3.33333333333333
4.19607843137255
1.09803921568628
3.72549019607843
3.05882352941176
4.3921568627451
4
4
3.88235294117647
4.70588235294118
5.34117647058823
5.08117647058823
3.29411764705882
4.69568627450981
2.40156862745098
4.41098039215686
2.08627450980392
3.25490196078431
2.65294117647059
5.05882352941177
3.01960784313726
3.56862745098039
3.17647058823529
4.19607843137255
1.92156862745098
3.05882352941177
2.8478431372549
3.49019607843137
2.47058823529412
3.50980392156863
2.91607843137255
4
3.81176470588235
1.65686274509804
4.19607843137255
5.34470588235294
2.74509803921569
3.92078431372549
4.27450980392157
2.82352941176471
3.57647058823529
4.74509803921569
4.0078431372549
3.14509803921568
3.49764705882353
4.12549019607843
4.21764705882353
5.68627450980392
3.25490196078431
2.70588235294118
3.6078431372549
5.05882352941176
5.49019607843137
4.82352941176471
5.45098039215686
4.19607843137255
4.82352941176471
3.84313725490196
4
5.38549019607843
5.64705882352941
4.47058823529412
5.17647058823529
4.7843137254902
5.33333333333333
5.56862745098039
3.05176470588235
5.80392156862745
3.85098039215686
4.84705882352941
4.7843137254902
3.49019607843137
5.13725490196079
2.90196078431373
4.48549019607843
3.50980392156863
4.98039215686274
2.07843137254902
3.42745098039216
3.96078431372549
5.68627450980392
5.92156862745098
4.15686274509804
4.23607843137255
5.88235294117647
3.34117647058823
3.45098039215686
3.71725490196078
2.85254901960784
4.91294117647059
3.29411764705882
3.55686274509804
3.2156862745098
3.68627450980392
3.29411764705882
4.15294117647059
4.08627450980392
3.25294117647059
3.59411764705882
4.94117647058824
5.15294117647058
5.39843137254902
3.57647058823529
5.01764705882353
4.98039215686275
3.92156862745098
3.02745098039215
5.10823529411765
5.52941176470588
5.13725490196078
2.47058823529412
3.76470588235294
4.58823529411765
3.18745098039216
4.75294117647059
3.80392156862745
2.47058823529412
3.45098039215686
3.57647058823529
4.8313725490196
5.64705882352941
3.41176470588235
5.52941176470588
4.57803921568628
6.40196078431373
5.11372549019607
2.27450980392157
5.1878431372549
2.51019607843137
3.6078431372549
2.98039215686275
5.13725490196078
4.03921568627451
5.1764705882353
3.72549019607843
1.72549019607843
2.98039215686274
3.17647058823529
2.07843137254902
3.20156862745098
3.05882352941176
4.24039215686274
3.37254901960784
2.98039215686274
2.23529411764706
2.56509803921568
3.96078431372549
2.35294117647059
4
4.70588235294118
5.06666666666667
4.15686274509804
4.31372549019608
2.29686274509804
1.56862745098039
2.50980392156863
4.03921568627451
4.03921568627451
1.45098039215686
4.69607843137255
4.86274509803922
4.66666666666667
2.43490196078431
4.90196078431373
3.80392156862745
4.07843137254902
4.50980392156863
2.86274509803922
4.03921568627451
5.37254901960784
1.68627450980392
5.13725490196079
3.66666666666667
4.41176470588235
6.15686274509804
5.45098039215686
6.35294117647059
3.25098039215686
3.64705882352941
3.84313725490196
3.03411764705882
4.35294117647059
3.09803921568628
4
2.54901960784314
2.7843137254902
3.64705882352941
2.19098039215686
3.80392156862745
4.2235294117647
2.86274509803922
3.86941176470588
4.07843137254902
4.52823529411765
2.23529411764706
3.68156862745098
3.99529411764706
5.09803921568628
4.18235294117647
4.83294117647059
3.67607843137255
2.15686274509804
4.70588235294118
4.50980392156863
5.68627450980392
3.96078431372549
4.07843137254902
4.7843137254902
4.98039215686275
4.76078431372548
4.28235294117647
4.82156862745097
5.0878431372549
4.3921568627451
4.47058823529412
2.45921568627451
4.31372549019608
4.47058823529412
3.76470588235294
4.47843137254902
3.80392156862745
4.98823529411765
4.45686274509804
6.20392156862745
5.80392156862745
4.37254901960784
4.03921568627451
3.76470588235294
4.31372549019608
1.92156862745098
3.68627450980392
3.01960784313726
3.06666666666666
4.28235294117647
3.41176470588235
2.53294117647059
3.64705882352941
4.03921568627451
3.65490196078431
2.78
2.70588235294118
3
2.30352941176471
3.14078431372549
3.09803921568628
2.94117647058824
3.76470588235294
4.8313725490196
4.24313725490196
4.67450980392157
4.01960784313725
3.73333333333333
4.50980392156863
4.23529411764706
3.49019607843137
4.05450980392157
5.64705882352941
3.52941176470588
4.62745098039216
2.86274509803922
4.11764705882353
6.12549019607843
4.11764705882353
4.38039215686274
3.94901960784313
4.25490196078431
3.49019607843137
4.59607843137255
5.92156862745098
4.43137254901961
5.29411764705882
4.62745098039216
4.91764705882352
5.64313725490196
4.68235294117646
5.76470588235294
4.17254901960784
4.45882352941176
3.01960784313725
2.62745098039216
3.13725490196078
2.56666666666666
2.57803921568627
3.45098039215686
2.47058823529412
3.45098039215686
3.33333333333333
4.31372549019608
3.96078431372549
4.54901960784314
2.98823529411765
3.91294117647059
3.42196078431372
3.26196078431372
2.56470588235294
2.90196078431372
3.2156862745098
3.92156862745098
3.13725490196079
3.64705882352941
5.76470588235294
4.99607843137254
2.77411764705882
4.23529411764706
3.43529411764705
3.14509803921568
3.6078431372549
2.3921568627451
3.19215686274509
4.43137254901961
2.7843137254902
5.33333333333333
4.95686274509803
4.19607843137255
3.64705882352941
1.87450980392157
2.43137254901961
4.07843137254902
3.41960784313725
4.03921568627451
3.92941176470588
3.77254901960784
3.73333333333333
3.09803921568627
4.43921568627451
3.29411764705882
3.05882352941176
3.34901960784313
2.07843137254902
2.31372549019608
1.8556862745098
1.94117647058824
3.17647058823529
2.10862745098039
1.6078431372549
4.83137254901961
3.33333333333333
2.50980392156863
1.64705882352941
3.37254901960784
2.86274509803921
3.05882352941177
3.13725490196078
3.64705882352941
3.64705882352941
3.64705882352941
3.13725490196078
4.59607843137255
2.62745098039216
3.49803921568627
2.35294117647059
3.84313725490196
3.33333333333333
4.59607843137255
3.2156862745098
2.54901960784314
4.11764705882353
3.41176470588235
2.79215686274509
4.94117647058824
2.22509803921569
3.09803921568627
4.70588235294118
2.73490196078431
2.70588235294118
3.25490196078431
2.81333333333333
3.2156862745098
2.72156862745098
4.3921568627451
4.61725490196079
4.50980392156863
3.49019607843137
4.28235294117647
2.98823529411764
2.35294117647059
3.13725490196078
2.51764705882353
3.29411764705882
3.15568627450981
4.47058823529412
3.45098039215686
1.56862745098039
4.31372549019608
2.66666666666667
3.33333333333333
3.04862745098039
3.84313725490196
1.68627450980392
2.90196078431373
4.31372549019608
3.36078431372549
4.64627450980392
3.13725490196078
2.67450980392157
2.86274509803921
3.13725490196079
5.03529411764705
1.76470588235294
3.52941176470588
4.02745098039215
3.30980392156862
3.37254901960784
3.57647058823529
2.35294117647059
3.68627450980392
4.23529411764706
3.17647058823529
4.11764705882353
5.80392156862745
4.86274509803922
4.59607843137255
6
3.49803921568627
3.4
3.75450980392157
2.97019607843137
3.80392156862745
2.62745098039216
5.68627450980392
4.35294117647059
3.84313725490196
2.8356862745098
2.62745098039216
2.86274509803922
3.49803921568627
2.86274509803922
2.15686274509804
2.29411764705883
2.65647058823529
3.56862745098039
2.21176470588235
2.98039215686274
4.98823529411765
2.90196078431373
4.54901960784314
3.17647058823529
3.25490196078431
3.24470588235294
3.41176470588235
2.63529411764706
4.94117647058824
3.49803921568627
2.51764705882353
4.3921568627451
4.17254901960784
4.34509803921569
5.1678431372549
3.96078431372549
3.09803921568628
3.33333333333333
4.62745098039216
5.09803921568628
5.49019607843137
4.28235294117647
3.76470588235294
4.07843137254902
3.13725490196079
4.27450980392157
2.58823529411765
4.3921568627451
4.58823529411765
2.82352941176471
3.81960784313725
3.41960784313725
3.64705882352941
4.86274509803922
4.90196078431373
3.6156862745098
4.74509803921569
3.41960784313725
3.75450980392157
3.25490196078431
3.09803921568627
2.86274509803922
3.79372549019608
3.2235294117647
4.43137254901961
2.87058823529411
2.62745098039216
3.66666666666667
4.78431372549019
3.6078431372549
3.45098039215686
1.76470588235294
2.03921568627451
4.32156862745098
5.13725490196078
2.66666666666667
6
3.08627450980392
2.66666666666667
4.07843137254902
4.15686274509804
2.3921568627451
5.56862745098039
3.18431372549019
3.6078431372549
4.27450980392157
2.54901960784314
4.27450980392157
3.14509803921568
3.80392156862745
3.49019607843137
4.54901960784314
4.03921568627451
4.63529411764706
3.91137254901961
4.11764705882353
3.81176470588235
2.94117647058823
5.45882352941176
4.16470588235294
4.31372549019608
3.75294117647059
5.45882352941176
4.82352941176471
5.38823529411764
2.86274509803921
3.80392156862745
4.31372549019608
4.8392156862745
5.73333333333333
4.47058823529412
4.52549019607842
4.4313725490196
5.80392156862745
4.57803921568628
5.72549019607843
5.82274509803922
5.14509803921568
6.71372549019607
6.11764705882353
6.43137254901961
6.75294117647058
7.53725490196078
3.6078431372549
4.54901960784314
5.37254901960784
3.09803921568627
3.49019607843137
3.96862745098039
4.24313725490196
3.96078431372549
3.76470588235294
3.73333333333333
2.03921568627451
3.92156862745098
2.51764705882353
3.05882352941176
3.68627450980392
3.41176470588235
3.29411764705882
2.94901960784313
4.63529411764705
4.1764705882353
2.62745098039216
2.80392156862745
3.17647058823529
4.75294117647059
2.7843137254902
4.47843137254902
5.2235294117647
4.83921568627451
2.98039215686275
4.27450980392157
3.2156862745098
3.05882352941176
