2.94117647058823
2.58823529411765
1.86274509803921
1.92156862745098
2.19607843137255
2.8235294117647
2.07843137254902
2.05098039215686
2.03921568627451
2.11764705882353
2.27450980392157
1.94117647058823
1.96078431372549
1.96078431372549
2.15686274509804
2
2.21568627450981
2.19607843137255
2.33843137254902
3.01960784313726
1.77647058823529
3.92156862745098
2.47058823529412
2.40392156862746
2.03921568627451
2.68627450980392
3.05882352941176
2.11764705882353
2.27450980392157
2.7843137254902
2.43137254901961
2.58823529411765
2.19607843137255
2.72549019607843
2.66666666666667
3.50980392156863
2.86274509803922
1.90196078431372
2.3921568627451
3.6078431372549
2
2.7843137254902
3.09803921568627
4.11764705882353
2.82352941176471
3.5686274509804
2.62745098039216
2.98039215686275
2.94117647058824
2.31372549019608
2.35294117647059
1.50392156862745
2.47058823529412
2.07843137254902
2.03921568627451
2.35294117647059
2.03921568627451
2.66666666666667
1.52862745098039
1.64705882352941
2.15686274509804
2.47058823529411
2.98039215686275
1.56862745098039
2.31372549019608
2.58823529411765
2.19607843137255
2.70588235294118
2.07843137254902
3.25490196078431
2.58823529411764
2.19607843137255
1.51411764705882
2.90196078431373
1.92156862745098
2.96078431372549
2.07843137254902
3.05882352941176
2.50980392156863
3.01960784313726
1.90901960784313
3.05882352941176
2.3921568627451
3.2156862745098
2.56549019607843
1.80392156862745
1.92156862745098
3.01960784313726
1.88235294117647
2.86274509803922
2.86274509803921
4.58823529411765
2.37254901960784
3.45098039215686
3.68627450980392
3.29411764705882
2.70588235294118
2.50980392156863
1.96078431372549
1.6
2.74509803921569
2.43137254901961
2.62745098039215
2.86274509803921
1.41176470588235
2.54901960784314
2.23529411764706
1.96078431372549
1.80392156862745
2.70588235294118
2.54901960784314
2.23529411764706
1.96078431372549
2.3921568627451
1.89411764705882
2.66666666666666
1.6078431372549
2.50980392156863
1.49019607843137
2.67686274509804
1.92156862745098
2.82352941176471
2.70588235294118
3.72549019607843
1.98039215686274
2.6078431372549
2.35294117647059
3.2156862745098
2.98039215686275
2.82352941176471
2.05882352941177
3.27450980392157
2.83529411764706
2
1.72549019607843
2.92156862745098
1.72549019607843
2.47058823529412
2.47058823529412
4.43137254901961
2.47058823529412
4.07843137254902
2.8235294117647
3.29411764705882
2.3921568627451
2.3921568627451
2.03921568627451
1.96078431372549
2.03921568627451
2.54901960784314
2.90196078431372
2.43137254901961
1.76470588235294
2.74509803921569
1.76862745098039
2.80352941176471
1.92156862745098
2.55176470588235
2.19607843137255
2.15686274509804
1.64705882352941
2.3921568627451
1.76470588235294
2.86274509803922
1.88235294117647
2.74509803921569
1.92156862745098
2.07843137254902
2.15686274509804
2.98039215686275
2
3.05882352941176
2.3921568627451
2.90196078431373
1.96078431372549
2.58823529411765
1.83411764705882
3.09803921568627
1.52941176470588
2.7843137254902
3.13725490196078
1.64705882352941
2.00392156862745
3.29411764705883
2.54901960784314
2.90196078431373
2.43137254901961
4.07843137254902
2.23529411764706
3.64705882352941
2.19607843137255
2.98039215686274
2.31372549019608
3.05882352941176
2.52941176470588
2.07843137254902
2.03921568627451
2.33176470588235
2.19607843137255
2.50980392156863
2.43137254901961
2.52666666666667
1.88235294117647
2.54901960784313
1.88235294117647
2.06627450980392
2.49019607843137
1.84313725490196
1.96078431372549
2.82352941176471
1.68627450980392
2.74509803921569
2.15686274509804
2.74509803921569
2
2.70588235294118
2.50980392156862
2.47058823529412
2.41176470588236
2.98039215686274
2.56862745098039
2.66666666666666
2.2078431372549
2.86274509803922
2.15686274509804
2.70588235294118
1.80392156862745
2.94117647058824
2.70588235294118
1.92156862745098
2.15686274509804
3.17647058823529
2.64705882352941
2.35294117647059
2.05882352941177
3.45098039215686
2.70588235294118
3.41176470588235
2.07843137254902
2.52941176470588
2.84313725490196
2.76470588235294
2.23529411764706
2.27450980392157
2
2.90196078431372
2.27450980392157
2.90196078431373
1.84313725490196
2.50980392156862
1.84313725490196
2.7843137254902
1.75607843137255
2.15686274509804
2.50980392156863
2
1.56862745098039
2.70588235294118
1.68627450980392
3.13725490196078
2.13921568627451
2.50980392156862
1.56862745098039
2.90196078431372
1.76470588235294
2.27450980392157
1.85490196078432
2.47058823529412
2.43137254901961
2.40392156862746
1.96078431372549
2.70588235294118
2.13725490196078
2.74509803921569
1.96078431372549
2.94117647058824
3.13725490196078
2
2.31372549019608
2.54901960784314
1.92156862745098
1.80392156862745
2
3.68627450980392
3.37254901960784
3.29411764705882
1.92156862745098
2.43921568627451
2.70588235294118
3.09803921568627
2.62745098039216
2.54901960784313
1.68627450980392
2.86274509803922
2.74509803921568
2.74509803921568
2.27450980392157
2.41490196078431
2.07843137254902
2
1.56862745098039
1.86274509803921
2.3921568627451
1.96078431372549
1.6078431372549
2.65098039215686
1.56862745098039
2.58823529411765
1.96078431372549
2.72823529411765
1.64705882352941
3.37254901960784
1.76470588235294
2.47058823529412
1.76470588235294
2.58823529411764
2.66666666666666
2.31372549019608
1.72549019607843
2.31372549019608
1.96078431372549
2.43137254901961
1.56862745098039
3.14117647058824
2.90196078431372
1.80392156862745
1.80392156862745
2.54901960784314
2.11764705882353
1.84313725490196
2
3.84313725490196
2.96078431372549
2.94117647058823
2.61058823529412
2.11764705882353
1.85490196078431
2.74509803921569
1.84313725490196
2.62745098039216
2.03921568627451
3.72549019607843
2.47058823529411
2.58823529411764
2.3921568627451
2.62745098039215
2.54901960784314
1.87490196078431
1.92156862745098
1.68627450980392
1.6078431372549
2.74509803921569
1.8478431372549
2.7843137254902
1.33333333333333
2.66666666666667
1.84313725490196
3.25490196078431
2.03921568627451
3.13725490196079
1.96078431372549
2.82941176470588
2
2.54901960784314
2.76470588235294
2.63137254901961
1.88235294117647
2.63137254901961
1.88235294117647
2.35294117647059
2.08235294117647
2.86274509803922
2.50980392156863
1.80392156862745
2
2.37529411764706
2.07843137254902
2
1.76470588235294
3.49019607843137
2.70588235294118
3.05882352941177
2.47058823529412
2.86274509803921
2.15686274509804
2.07843137254902
2
3.25490196078431
1.81686274509804
3.17647058823529
2.78431372549019
2.58823529411764
2.3921568627451
2.54901960784313
2.33333333333334
1.80078431372549
2.15686274509804
2.07843137254902
2.72549019607843
2.35294117647059
1.84313725490196
2.7843137254902
2.23529411764706
2.74509803921569
2
2.90196078431373
1.68627450980392
3.49019607843137
2.02196078431372
2.54901960784314
1.84196078431373
2.31372549019608
2.11764705882353
2.47058823529412
2.56862745098039
2.15686274509804
1.45098039215686
2.43137254901961
1.68627450980392
2.11764705882353
3.1764705882353
1.49019607843137
1.76470588235294
2.65372549019608
2.31372549019608
2.47058823529412
1.68627450980392
3.84313725490196
2.70588235294117
3.01960784313725
2.3921568627451
2.31372549019608
2.58823529411765
2.3921568627451
2.15686274509804
2.62745098039215
1.84313725490196
2.74509803921569
2.31372549019608
2.07843137254902
1.94117647058823
2.94117647058824
2.07843137254902
1.68627450980392
2.45098039215687
2.07843137254902
2.43137254901961
1.92156862745098
2.19607843137255
2.78431372549019
1.7764705882353
1.68627450980392
1.76470588235294
2.74509803921569
1.72549019607843
3.41176470588235
1.96078431372549
2.35294117647059
1.56862745098039
2.35294117647059
1.62980392156862
2.10509803921568
2.50980392156863
2
1.37254901960784
2.03921568627451
2.19607843137255
2.15686274509804
3.49019607843137
2.07843137254902
1.56862745098039
2.47058823529412
1.92156862745098
2.50980392156863
1.96078431372549
3.88235294117647
2.58823529411765
2.66666666666667
2.15686274509804
2.11764705882353
2.03921568627451
2.31372549019608
1.88235294117647
2.50980392156862
1.92156862745098
3.01960784313726
2.54901960784314
2.47450980392157
2.35294117647059
2.7843137254902
1.94117647058823
1.56862745098039
2.01960784313725
2.23529411764706
2.90196078431373
1.84313725490196
2.19607843137255
2.80745098039215
2.43137254901961
2.37921568627451
1.80078431372549
3.01960784313726
1.49019607843137
3.25490196078431
1.25490196078431
2.50980392156863
1.96078431372549
2.58823529411765
1.68627450980392
2.01333333333334
2
2.54901960784314
1.37254901960784
1.72549019607843
2
1.26156862745098
3.09803921568627
1.76470588235294
1.84313725490196
3.6078431372549
1.41176470588235
2.3921568627451
1.96078431372549
3.80392156862745
2.11764705882353
3.13725490196079
1.80392156862745
2.23529411764706
2.07843137254902
2.11764705882353
1.96078431372549
3.01960784313726
2.07843137254902
2.70588235294118
2.90196078431373
3.01960784313726
1.96078431372549
2.74509803921569
2.27450980392157
2.36980392156862
2.43137254901961
1.88235294117647
2.50980392156863
1.64705882352941
1.92156862745098
2.98039215686275
2.70588235294118
1.85843137254902
1.54901960784314
2.70588235294118
1.49019607843137
3.92156862745098
1.84313725490196
2.66666666666667
1.68627450980392
2.4321568627451
1.56862745098039
2.07843137254902
2.62745098039216
1.70627450980392
1.56862745098039
1.61176470588235
2.15686274509804
1.72549019607843
2.98039215686274
1.96078431372549
1.76470588235294
3.76470588235294
1.72941176470588
2.47058823529412
2.58823529411765
3.6078431372549
2.76470588235294
2.78823529411765
1.96078431372549
2.47058823529412
1.80392156862745
2
1.56862745098039
2.54901960784314
2.19607843137255
2.50980392156862
2.50980392156863
2.63137254901961
1.84313725490196
2.07843137254902
2.19607843137255
1.41176470588235
1.92156862745098
2.19607843137255
2.07843137254902
1.92156862745098
2.70588235294118
2.66666666666667
2.45568627450981
1.80392156862745
2
2.62745098039216
1.33333333333333
3.2156862745098
1.74196078431372
2.82352941176471
2.23529411764706
1.72549019607843
1.96470588235294
1.92156862745098
2.49019607843137
1.68627450980392
3.25490196078431
1.6078431372549
3.12941176470588
1.92156862745098
2.82627450980392
2.03960784313725
1.96078431372549
3.29411764705882
1.56862745098039
2.86274509803922
1.84313725490196
3.52941176470588
1.52941176470588
2.62745098039216
1.58039215686274
2.27450980392157
1.84313725490196
1.92156862745098
1.76470588235294
2.27450980392157
2.35294117647059
2.07843137254902
3.05882352941176
2.31372549019608
1.68627450980392
1.69803921568627
2.23529411764706
1.68627450980392
2.15686274509804
2.27450980392157
2.54901960784313
1.6078431372549
1.88235294117647
2.09960784313725
1.29411764705882
2.38666666666667
1.68627450980392
2.50980392156863
1.96078431372549
3.09803921568627
2.03921568627451
2.74509803921569
1.72549019607843
1.68627450980392
1.96078431372549
2.11764705882353
2.15686274509804
1.96078431372549
1.88235294117647
1.80392156862745
1.80392156862745
2
2.66666666666667
2.35294117647059
2.47058823529412
3.72549019607843
2.39607843137255
2.64156862745098
2.50980392156863
3.29294117647059
2.27450980392157
2.82352941176471
2.45098039215686
2.82352941176471
2.70588235294118
1.92156862745098
1.88235294117647
2.4313725490196
1.76470588235294
2.54901960784314
2.3921568627451
1.88235294117647
1.56862745098039
1.88235294117647
1.56862745098039
1.41176470588235
2.21215686274509
2.3356862745098
2.03921568627451
1.88235294117647
1.96078431372549
1.96078431372549
2.82352941176471
2.37254901960784
1.80392156862745
2.19607843137255
1.9556862745098
3.13725490196078
1.64705882352941
2.7843137254902
2.15686274509804
1.52156862745098
1.56862745098039
2.70588235294117
2
1.52941176470588
2.50980392156863
1.45098039215686
2.43137254901961
1.92745098039215
2.74509803921569
1.7556862745098
1.84313725490196
3.6078431372549
2.54901960784314
3.01960784313726
1.85490196078431
3.96078431372549
2.2078431372549
2.58823529411765
2.31019607843137
2.47058823529412
2.66117647058823
1.92156862745098
1.64705882352941
2
2.07843137254902
2.35294117647059
2.47058823529412
1.88235294117647
1.1764705882353
2.07843137254902
2.31372549019608
1.92156862745098
2.31372549019608
2.19607843137255
2
1.72549019607843
2.18235294117647
2.11764705882353
2.31372549019608
2.27450980392157
1.54705882352941
2.62745098039216
1.56862745098039
3.32941176470588
1.33333333333333
2.47058823529412
1.80392156862745
1.62745098039215
1.45098039215686
2.50980392156863
2.19607843137255
1.76470588235294
1.96509803921569
1.64705882352941
2.54901960784314
2.01960784313725
2.61058823529412
2.31372549019608
2.70588235294118
3.33333333333333
3.17647058823529
3.25490196078431
2.03921568627451
3.64705882352941
2.70588235294118
2.82352941176471
2.54901960784314
2.19607843137255
2.66666666666667
2.15686274509804
1.21568627450981
1.41176470588235
2.35294117647059
2.35294117647059
2.3921568627451
2.07843137254902
1.89411764705882
2.23529411764706
2.27450980392157
1.76470588235294
2.31372549019608
1.76470588235294
1.96078431372549
1.72549019607843
2.03921568627451
2.43137254901961
1.47529411764706
2.74509803921569
1.76470588235294
2.98039215686275
1.88235294117647
3.2156862745098
1.84313725490196
2.93882352941176
2.16078431372549
1.68627450980392
1.33333333333333
2.76470588235294
2
2.17647058823529
2.43137254901961
1.76470588235294
2.39607843137255
2.35294117647059
2.62745098039216
3.17647058823529
2.27450980392157
3.72549019607843
3.25490196078431
2.94117647058824
2.11764705882353
2.70588235294118
1.64941176470588
2.94117647058823
2.66666666666667
2.23529411764706
2.35294117647059
1.88235294117647
1.56862745098039
1.56862745098039
2.02313725490196
1.94117647058824
2.47058823529412
2.94117647058823
2.15686274509804
1.68627450980392
1.56862745098039
1.76470588235294
1.97254901960784
1.96078431372549
2.03921568627451
1.80392156862745
1.82352941176471
2.84313725490196
1.84313725490196
2.88235294117647
1.88235294117647
2.43137254901961
1.84313725490196
2.90196078431373
2.16078431372549
3.29411764705882
2
2.17647058823529
2.27450980392157
2.50980392156863
2.74509803921569
2.70588235294118
1.88235294117647
1.68627450980392
2.3921568627451
2.03921568627451
2.35294117647059
2.58823529411765
2.35294117647059
3.96078431372549
3.25490196078431
3.25490196078431
2.54901960784314
2.90196078431372
1.85490196078431
2.82745098039216
2.70588235294118
2.11764705882353
2.15686274509804
1.68627450980392
1.84313725490196
1.56862745098039
2.11764705882353
1.52941176470588
2.11764705882353
1.51921568627451
1.52941176470588
1.49019607843137
1.68627450980392
1.37254901960784
2
1.49019607843137
2.31372549019608
1.29411764705882
1.96078431372549
2.80392156862745
2.07843137254902
2.74509803921569
2.09803921568628
2.78431372549019
1.72549019607843
2.82392156862745
2.27450980392157
2.98039215686275
2.15686274509804
2.05882352941176
2.31372549019608
2.58823529411765
2.90196078431373
2.58823529411765
2.70588235294118
2.54901960784314
2.47058823529412
2.74509803921568
3.1764705882353
2.66666666666667
2.86274509803922
4.23529411764706
3.17647058823529
3.37254901960784
2.31372549019608
3.80392156862745
2.41176470588235
2.47058823529412
2.54901960784314
3.25490196078432
2.90196078431372
1.82352941176471
2.7843137254902
2.31372549019608
1.72549019607843
1.52941176470588
2.82352941176471
1.49019607843137
1.80392156862745
2.11764705882353
1.88235294117647
2.31372549019608
2.35294117647059
2.15686274509804
2.27450980392157
2.3921568627451
1.33333333333333
2.78823529411765
2.11764705882353
2.62745098039215
2.27450980392157
2.52941176470588
1.96078431372549
3.80392156862745
2.11764705882353
2.74509803921569
2.49019607843137
2.74509803921569
2.47058823529412
3.2156862745098
2.62745098039215
2.90196078431373
2.27843137254902
2.1686274509804
2.58823529411765
2.43137254901961
3.1764705882353
2.86274509803922
3.29411764705883
4.23529411764706
3.56862745098039
3.19607843137255
2.62745098039216
4.27450980392157
2.58823529411765
3.41176470588235
2.58823529411765
3.14901960784314
3.09803921568627
2.35294117647059
2.3921568627451
3.13725490196078
2.70980392156863
2.58823529411765
3.17647058823529
2.15686274509804
1.84313725490196
2.11764705882353
2.2156862745098
2.74509803921568
1.70588235294118
2.19607843137255
2.35294117647059
2.52941176470588
1.88235294117647
3.17647058823529
2.27450980392157
2.98039215686275
1.86705882352941
2.70588235294118
1.76470588235294
4.23529411764706
2.50980392156862
3.05882352941177
2.70588235294117
2.43137254901961
3.13725490196078
2.72549019607843
2.62745098039216
2.90196078431372
3.01960784313726
2.49019607843137
3.47058823529412
2.47058823529412
2.94117647058824
2.98039215686275
2.94117647058824
3.29411764705882
3.52941176470588
2.94117647058824
2.54901960784313
3.52941176470588
2.98039215686275
2.82352941176471
2.90196078431372
3.56862745098039
3.72549019607843
2.94117647058824
3.31372549019608
3.25490196078431
3.25490196078432
3.09803921568627
3.05882352941176
2.72549019607843
3.25490196078431
3.29411764705882
3.64705882352941
3.7478431372549
2.70588235294118
3.25490196078431
3.56862745098039
3.80392156862745
3.31372549019608
3.49019607843137
2.51372549019608
2.98039215686275
3.05882352941177
3.00666666666666
2.62745098039216
3.54901960784314
2.27450980392157
3.09803921568627
2.11764705882353
2.27450980392157
2.07843137254902
3.01960784313726
2.23529411764706
2.80392156862745
2.35294117647059
2.70588235294117
2.15686274509804
2.66666666666666
2.86274509803921
2.31372549019608
2.4313725490196
3.1764705882353
3.37254901960785
3.25490196078432
2.64705882352941
2.98039215686275
2.54901960784313
2.86274509803922
3.06274509803922
2.58823529411765
