8.27058823529412
7.57333333333333
8
2.19607843137255
7.09803921568628
6.94117647058823
7.76470588235294
5.92156862745098
6.85882352941177
5.26117647058824
4.35294117647059
1.88235294117647
3.64705882352941
7.25490196078431
6.57137254901961
7.79254901960784
9.52941176470588
8.6364705882353
8.23529411764705
3.05529411764706
0.470588235294127
5.68235294117647
6.45843137254902
7.47254901960784
4.82039215686271
6.70196078431372
7.09803921568628
7.97333333333333
6.27450980392157
3.3192156862745
7.01960784313725
7.45098039215687
7.9607843137255
7.06470588235293
9.29411764705882
3.59843137254902
0.980392156862744
4.90196078431373
2.45921568627451
7.80392156862745
5.7756862745098
3.05450980392157
8.27843137254902
6.07843137254902
9.49019607843137
8.54901960784314
8.82352941176471
8.19607843137255
4.04392156862745
2.07843137254902
4.64784313725491
6.86274509803922
5.29411764705882
2.70588235294117
7.84313725490196
6.26392156862745
1.68627450980393
7.92156862745099
4.79607843137255
8.11764705882353
7.2156862745098
5.62
8.47058823529412
7.53411764705883
9.96078431372549
8.35294117647058
6.43137254901961
4.53215686274511
3.13725490196079
7.96078431372549
6.47058823529411
1.41176470588235
6.92352941176468
7.72549019607844
4.19607843137256
6.48235294117647
6.66666666666666
1.92627450980392
8.80078431372549
7.56862745098039
6.15686274509804
5.3835294117647
5.73647058823529
4.93725490196078
8.3921568627451
8.43137254901961
8.27450980392157
6.89803921568627
9.13411764705881
6.91960784313725
4.62745098039216
5.49019607843137
9.45098039215687
8.98039215686275
8.86274509803921
4.82352941176471
7.96078431372548
4.03921568627451
1.49019607843138
6.35294117647059
6.55450980392158
8.17450980392156
2.50980392156862
6.11450980392155
7.33333333333334
6.52784313725491
3.72549019607843
7.45098039215686
8.03921568627451
8.67764705882352
3.36117647058824
8.55372549019608
7.72549019607843
7.37254901960784
7.09803921568627
7.76470588235295
6.11450980392158
7.37254901960784
3.6078431372549
4.11764705882353
6.47058823529412
7.64705882352942
7.25490196078431
8.74509803921569
9.42274509803921
7.81333333333333
0.725098039215693
7.91019607843137
6.27450980392157
7.75333333333333
7.37254901960784
7.17647058823529
5.45098039215686
8.13411764705881
7.17647058823529
9.01960784313726
4.92980392156862
8.16784313725491
9.6078431372549
9.72549019607844
9.1764705882353
7.94627450980392
10.22
9.2156862745098
2
2.50588235294117
6.27450980392157
4.19607843137255
5.05882352941177
0.784313725490193
4.86274509803921
7.92156862745099
7.38784313725491
6.62745098039216
7.15843137254902
6.23529411764706
5.56862745098039
0.901960784313722
7.52941176470589
6.54039215686275
3.8756862745098
2.78431372549019
2.62745098039215
5.1764705882353
7.33333333333334
3.09803921568627
1.80392156862745
7.84313725490197
3.50117647058824
4.15686274509804
3.14901960784313
8.23529411764705
9.6078431372549
8.27450980392157
0.627450980392155
2.11764705882352
7.77254901960784
1.6078431372549
8.31372549019608
8.31372549019608
8.19607843137255
7.15607843137255
5.41176470588235
8.87058823529412
8.20549019607843
9.52941176470588
0.784313725490193
8.20705882352941
10.538431372549
3.25098039215687
8.23529411764706
8.67137254901961
5.39607843137255
4.14666666666666
5.33333333333334
8.00000000000001
7.88235294117647
3.4643137254902
1.49019607843137
6.45568627450981
7.5372549019608
9.05490196078432
5.59450980392157
6.70941176470588
5.79960784313725
3.79058823529412
8.22392156862745
7.92156862745098
8.47058823529412
7.96078431372548
3.37725490196079
1.1764705882353
9.09803921568628
2.37725490196078
7.62117647058823
6.38078431372549
8.23529411764706
7.83921568627451
7.88117647058824
8.27450980392156
7.21568627450981
8.34901960784314
7.55529411764705
8.05019607843137
9.47490196078431
7.90235294117647
8.7843137254902
7.21725490196078
6.4313725490196
10.4533333333333
4.35294117647059
9.45098039215686
8.50980392156863
3.6078431372549
8.21294117647059
2.35294117647059
8.85843137254902
5.59647058823529
6.03921568627451
3.06352941176471
0.588235294117645
1.49019607843137
5.84313725490196
6.11764705882353
0.784313725490193
1.56862745098039
1.52941176470588
5.25490196078431
2.47058823529412
5.57960784313726
6.94117647058823
3.34509803921568
4.26313725490195
7.50549019607844
5.37882352941176
4.9764705882353
3.86117647058822
3.13725490196078
4.14039215686275
4.82352941176471
8.80313725490196
5.09803921568627
3.45098039215686
3.13058823529412
5.08470588235294
5.10392156862745
3.64705882352941
2.30235294117647
2.82823529411765
1.05882352941176
5.68627450980392
9.09803921568627
7.96078431372549
3.13725490196078
3.45098039215686
7.33333333333334
8.74509803921569
9.56862745098039
9.56862745098039
10.2745098039216
9.47882352941177
1.10274509803922
4
8.43137254901961
7.2156862745098
5.43960784313725
6.31372549019608
7.25490196078431
3.2156862745098
4.60274509803921
6.23529411764707
6.26901960784314
2.98039215686274
2.32470588235294
3.37254901960784
4.28392156862745
7.25490196078432
6.63411764705882
4.03058823529411
1.05882352941176
5.71999999999999
1.95686274509804
4.45921568627451
1.15607843137254
4.78431372549019
5.95764705882354
0.588235294117651
8.58823529411765
2.86274509803921
6.4313725490196
6.59607843137255
8.19607843137255
4.42941176470588
3.52431372549017
0.862745098039213
7.90823529411765
7.46196078431373
1.29411764705882
4.83333333333333
4.07843137254902
3.17647058823529
5.92156862745098
2.8235294117647
7.41176470588235
4.5705882352941
1.49019607843137
7.8478431372549
2.82352941176471
6.31372549019608
1.88235294117647
3.52941176470588
9.37254901960784
9.25490196078432
7.96078431372549
7.25490196078431
5.84392156862745
3.68627450980392
1.17647058823529
7.88235294117647
3.1764705882353
4.5356862745098
5.46196078431372
5.88235294117646
0.588235294117645
3.49098039215688
0.901960784313722
1.43568627450979
1.80823529411763
4.86274509803922
4.88470588235294
4.70588235294117
7.09803921568627
6.76156862745097
6.35294117647059
0.862745098039213
5.25490196078431
2.86274509803921
5.87098039215687
2.61411764705882
8.11764705882353
4.4592156862745
7.0192156862745
3.72549019607844
9.2435294117647
6.03921568627451
7.50117647058824
1.12588235294117
6.0278431372549
0.752941176470589
7.38980392156861
6.24627450980392
8.66666666666666
7.96549019607843
4
8.47058823529412
4.03686274509804
8.54901960784314
2.00941176470589
2.24745098039215
1.88235294117647
7.29882352941176
4.23137254901961
9.16509803921568
4.35294117647059
0.862745098039213
0.823529411764703
6.87372549019608
6.86274509803922
1.93490196078431
6.58823529411765
1.9607843137255
3.5964705882353
5.2156862745098
3.37254901960784
6.11764705882352
6.70588235294118
8.98509803921569
2.71686274509803
2.40431372549019
6.66666666666666
4.47058823529412
3.21568627450981
6.79254901960784
2.34156862745097
5.76470588235295
3.72549019607844
8.31372549019608
5.73333333333333
7.41176470588236
8.11764705882353
1.01960784313725
8.62509803921568
5.37254901960784
9.77411764705883
8.42
5.81019607843137
1.33333333333333
2.92392156862745
4.90117647058823
7.01960784313726
8.65529411764706
2.79215686274508
4.06705882352941
6
10.0894117647059
4.81019607843137
3.13725490196079
8.66392156862745
7.92156862745098
7.96078431372549
4.5
1.37960784313725
2.5843137254902
3.29411764705883
4.10117647058823
6.62745098039216
2.01803921568627
6.35294117647058
8.7843137254902
5.20431372549019
4.98039215686275
4.31372549019608
3.95411764705883
1.13725490196079
5.80392156862745
6.11764705882352
4.15686274509804
5.57960784313726
6
3.45098039215686
10.161568627451
3.73490196078432
8.67882352941177
8.2678431372549
0.901960784313722
4.90666666666667
6.82
5.05882352941176
7.72549019607843
7.28745098039216
6.54901960784314
6.45921568627451
4.41843137254902
8.86274509803922
5.45098039215686
9.05882352941176
7.92156862745099
3.71843137254902
6.98039215686275
5.41176470588235
0.924313725490191
6.54901960784314
6.15686274509804
7.33333333333333
3.80392156862745
7.21176470588235
7.52941176470588
4.07843137254902
1.21568627450981
2.27450980392157
3.09803921568628
5.97764705882353
8.07843137254902
5.6356862745098
2.23529411764705
4.66666666666667
4.47058823529411
7.01176470588235
4.42470588235293
6.70588235294119
0.901960784313726
5.85411764705882
5.72549019607843
6.98039215686274
7.97176470588235
3.21568627450981
7.76470588235294
5.82431372549019
9.26470588235294
10.5490196078431
2.9921568627451
8.35294117647058
2.8235294117647
6.65529411764706
0.745098039215684
4.3921568627451
3.28274509803922
8.26313725490196
4.51764705882352
4.27450980392157
6.43137254901961
8.62745098039216
1.67333333333333
7.80392156862745
6.93882352941176
7.83176470588235
1.26274509803922
7.04549019607843
6.16156862745098
8.31372549019608
8
1.68627450980392
8.23529411764706
9.40039215686274
3.84313725490196
8.35294117647059
8.07843137254902
6.35294117647059
5.20431372549019
6.7843137254902
6.30235294117646
5.29411764705882
1.76470588235295
1.85490196078431
8.11764705882352
8.19607843137254
7.84313725490196
3.37254901960785
8.67764705882353
10.0501960784314
9.2156862745098
9.0756862745098
9.2156862745098
4.70588235294117
8.3921568627451
4.1286274509804
8.23529411764706
9.32666666666666
10.2745098039216
7.91490196078431
10.7058823529412
5.45019607843137
9.76470588235294
8.83137254901961
8.22392156862745
10.24
8.15686274509804
9.91764705882352
10.0313725490196
5.28274509803921
9.1764705882353
6.11764705882353
9.00588235294118
7.84313725490196
9.13333333333334
3.10745098039216
6.50745098039215
7.09411764705883
10.1647058823529
10.0392156862745
4.08941176470588
4.2
8.90196078431373
4.84941176470588
7.40039215686275
8.8235294117647
2.14431372549017
9.80392156862746
5.84313725490197
8.31372549019608
5.92156862745098
6.4
6.78901960784313
5.52941176470589
6.27450980392157
4.22000000000001
7.41176470588235
9.68627450980392
9.6078431372549
9.41176470588235
5.57333333333333
9.52549019607843
8.58823529411764
7.4643137254902
3.96078431372549
9.44705882352941
10.4705882352941
9.63058823529411
3.64705882352941
6.35294117647059
9.52941176470589
4.47058823529412
9.6078431372549
8.16156862745098
0.980392156862747
6.38078431372549
2.78941176470587
8.38078431372549
10.9803921568627
5.72549019607843
10.2745098039216
9.29411764705882
10.1960784313725
9.55725490196078
3.37254901960784
9.01960784313725
2.9278431372549
6.18470588235294
4.51764705882353
8.77294117647058
7.84313725490196
8.31372549019608
7.37254901960784
1.30509803921568
4.50980392156863
6.08313725490197
1.13725490196078
8.27450980392157
1.41176470588235
6.65882352941176
5.12588235294117
6.74509803921569
1.73019607843137
0.919999999999994
6.74509803921569
2.39294117647059
7.84313725490196
7.67490196078431
7.59647058823528
5.15607843137255
5.25490196078432
2.03921568627451
1.63372549019608
1.84313725490197
5.15372549019608
7.1764705882353
1.01960784313725
6.44235294117647
8.52431372549019
8.54901960784314
4.46313725490193
9.01568627450981
7.34431372549019
7.03058823529412
10.1960784313725
9.43960784313725
9.13725490196079
9.41176470588235
4.89803921568627
9.72549019607843
8.19607843137255
8.26313725490196
8.47058823529412
9.01960784313725
10.6274509803922
1.50117647058823
6.74509803921569
6.39215686274509
1.33333333333333
8.58823529411765
3.18745098039215
7.33333333333333
1.22666666666666
3.16588235294117
6.82823529411764
3.92156862745097
4.23529411764706
6.24
3.96078431372549
7.94941176470588
7.8949019607843
8.58823529411765
2.12862745098039
7.32196078431372
7.52941176470588
8.54509803921568
5.49019607843138
8.74509803921569
6.62745098039216
1.17254901960784
7.7835294117647
6.26313725490196
9.75450980392156
8.66666666666667
9.84313725490196
9.25490196078431
8
8.42901960784313
9.92156862745098
9.3035294117647
9.05882352941176
9.05882352941176
9.09803921568627
1.76470588235294
7.6078431372549
8.23529411764706
7.50352941176471
8.07843137254902
3.89019607843137
8.58823529411764
7.89568627450981
9.49019607843137
9.86901960784313
7.3278431372549
5.76470588235294
7.80392156862745
4.23529411764706
1.56862745098039
7.68627450980392
2.1435294117647
5.08666666666666
6.11764705882352
4.23529411764706
3.90980392156863
9.05882352941176
7.78862745098038
7.33333333333333
6.47058823529412
3.2043137254902
5.76470588235294
4.88862745098039
5.6078431372549
3.36941176470586
4.18745098039216
8.50313725490196
9.20431372549019
7.88235294117646
9.09803921568628
9.88705882352941
4.83450980392157
8.07843137254902
8.66666666666667
6.22392156862745
6.87058823529412
9.0635294117647
7.97176470588235
8.8235294117647
6.19607843137255
8
9.13725490196078
5.56862745098039
8.54117647058823
8.28549019607843
7.88235294117647
5.72666666666666
9.13725490196079
10.2701960784314
8.62745098039216
8.7843137254902
6.66666666666667
8.57098039215686
9.05490196078432
8.31372549019608
10.8627450980392
6.8235294117647
8.11764705882353
4.32470588235294
4.15686274509804
5.67490196078432
1.1764705882353
2.71058823529412
7.05882352941176
4.92980392156862
5.3105882352941
7.1764705882353
7.25490196078432
8.48156862745098
8.15686274509804
1.48392156862744
6.45725490196079
4.25921568627451
6
0.980392156862742
1.52941176470588
7.01960784313726
7.79058823529412
2.07843137254902
4.94117647058823
9.21568627450981
7.80392156862745
2.23529411764706
7.05882352941177
4.86274509803922
2.74509803921569
4.31372549019608
2
5.13058823529412
8.40313725490197
0.980392156862742
9.76470588235294
7.88235294117647
6.98078431372549
7.17647058823529
1.52941176470588
1.41176470588235
7.84313725490196
2.21254901960784
4.8235294117647
6.7843137254902
6.98392156862745
5.73019607843137
5.86901960784313
4.48
5.71411764705882
1.80392156862745
4.58823529411765
1.50117647058823
1.79254901960784
2.54901960784313
1.96078431372549
4.98039215686275
1.76470588235295
1.17647058823529
7.17647058823529
3.01960784313725
1.49019607843138
0.980392156862747
6.52078431372549
6.23529411764706
3.41803921568627
7.60784313725491
2.19607843137255
6.05019607843137
2.81411764705882
3.33333333333333
7.05882352941176
1.88235294117647
2.8235294117647
1.2156862745098
6.77294117647059
5.30313725490196
8.00000000000001
3.6356862745098
2.98039215686275
8.27450980392157
7.09803921568627
5.25490196078431
8.96901960784313
1.45098039215686
4.03921568627451
9.29411764705882
3.09803921568627
1.49725490196078
5.25098039215686
2.78431372549019
1.99607843137255
1.25490196078431
6.43137254901961
7.6078431372549
5.66274509803922
3.1764705882353
2.70588235294118
2.01098039215686
4.10627450980392
2.70588235294117
1.84313725490196
4.43137254901961
3.05882352941177
5.52941176470588
6.03921568627451
1.59647058823529
6.3921568627451
2.88470588235294
3.86705882352941
2.16156862745098
5.37254901960784
0.901960784313722
6.07843137254902
6.90196078431373
7.98196078431372
8.6321568627451
3.1764705882353
3.84313725490196
1.76470588235294
6.58901960784314
8.62745098039216
1.01960784313726
1.79254901960784
5.79764705882352
4.91725490196076
1.18431372549019
6.20823529411765
1.29411764705882
2.58823529411764
6.86627450980392
3.72549019607843
5.64705882352941
9.11607843137255
7.42862745098039
8.70588235294118
8.19607843137255
6.20078431372549
3.14509803921569
3.48509803921568
1.8321568627451
5.32705882352941
0.901960784313724
7.59647058823529
5.92
6.30274509803922
3.30823529411765
1.76470588235294
0.862745098039224
3.73019607843138
1.33333333333333
0.666666666666664
1.7607843137255
5.49490196078431
1.21568627450981
1.45098039215687
1.18431372549019
3.92156862745098
1.05882352941176
6.90196078431373
3.61254901960785
3.41176470588236
2.50980392156863
4.69450980392157
1.88705882352941
5.60392156862745
6.19960784313726
1.68627450980392
2.8235294117647
6.92980392156863
8.11215686274509
8.07843137254902
5.01960784313725
2.54901960784313
6.35294117647059
8.31372549019608
8.31372549019608
6.22392156862745
7.92156862745098
5.11490196078431
4.98039215686275
0.862745098039214
8.74509803921569
2.48470588235295
4.94117647058824
5.76470588235294
3.01686274509804
3.76196078431373
3.17921568627451
3.92156862745098
4.94117647058823
6.23529411764706
1.0878431372549
6.35294117647059
2.66666666666667
1.56313725490196
1.26392156862745
2.03921568627452
0.784313725490193
6.43882352941176
1.2235294117647
6.90274509803921
0.941176470588236
1.13725490196078
3.07764705882353
7.41176470588235
4.89333333333332
0.941176470588243
0.588235294117645
1.17647058823529
7.01960784313725
7.45098039215686
2.31372549019608
8.98039215686275
2.91764705882353
1.37254901960784
4.54901960784314
3.96078431372549
1.52941176470588
7.45098039215686
0.784313725490193
3.09568627450976
6.43137254901961
1.17647058823529
5.60784313725491
1.64705882352941
2.23529411764706
2.19607843137255
7.72549019607843
3.98431372549019
6.70588235294118
5.04156862745098
2.66666666666667
6.86274509803922
1.50039215686274
3.84313725490196
5.72549019607843
5.88235294117647
4.10196078431372
8.07843137254902
6.66666666666667
6.47843137254902
2.27450980392157
3.77686274509804
7.59647058823529
5.5686274509804
4.78039215686274
6.89058823529411
2.70588235294118
5.45568627450981
6.70862745098039
8.12470588235294
6.70588235294117
8.51490196078431
3.59215686274509
8.54901960784314
8.50980392156863
9.33333333333333
10.3137254901961
10.2745098039216
2.43019607843137
4.82352941176471
6.19607843137254
1.56862745098039
2.82352941176471
5.22039215686274
7.0243137254902
2.74509803921568
3.68627450980392
2.75725490196078
0.941176470588232
7.43960784313725
2.19607843137255
5.60392156862745
6.43137254901961
4.98823529411765
3.49490196078432
3.76470588235294
5.2156862745098
6.23529411764706
3.3121568627451
1.49019607843137
2.0278431372549
7.17647058823529
1.52705882352941
4.10627450980392
4.51372549019605
6.40352941176471
1.29411764705882
5.48627450980392
1.80941176470588
1.21568627450981
