0.509803921568626
0.784313725490193
1.17647058823529
0.784313725490193
1.05882352941177
0.862745098039224
1.09803921568627
1.17647058823529
0.745098039215684
0.784313725490193
1.1764705882353
0.784313725490193
0.784313725490193
0.784313725490193
0.705882352941174
1.01960784313725
0.405882352941187
1.1764705882353
0.784313725490193
1.72549019607843
0.784313725490193
0.796078431372549
1.1764705882353
0.823529411764704
0.784313725490193
1.25490196078431
0.684705882352936
0.901960784313733
0.823529411764704
0.509803921568626
0.705882352941174
1.1764705882353
0.705882352941174
1.13372549019608
0.901960784313724
1.33333333333333
1.21568627450981
1.64705882352941
1.13725490196079
1.33333333333333
1.1764705882353
0.980392156862747
0.784313725490193
1.10980392156862
1.25490196078431
0.901960784313724
1.1764705882353
1.1764705882353
0.470588235294116
0.862745098039215
1.17647058823529
0.403921568627452
0.666666666666664
0.784313725490204
1.01960784313725
0.784313725490193
0.784313725490193
0.796078431372549
1.1764705882353
0.79607843137256
0.784313725490193
0.823529411764703
1.17647058823529
0.843137254901958
0.734117647058831
1.1764705882353
0.784313725490193
1.56862745098039
0.827450980392155
0.784313725490193
0.862745098039215
1.01960784313725
1.13725490196078
0.784313725490193
0.784313725490204
0.784313725490204
1.17647058823529
0.823529411764703
1.13725490196079
1.45098039215686
0.784313725490199
1.25490196078431
0.588235294117645
1.1764705882353
1.09803921568627
1.49019607843137
0.784313725490193
0.901960784313722
1.23803921568627
0.980392156862742
0.980392156862747
1.52941176470588
0.952941176470588
0.901960784313728
1.17647058823529
1.68627450980392
0.509803921568626
0.952941176470592
0.862745098039213
0.784313725490193
0.941176470588232
0.784313725490204
0.784313725490193
1.18823529411763
0.784313725490193
1.17647058823529
1.1764705882353
0.745098039215693
0.784313725490193
0.784313725490193
0.784313725490193
1.11764705882354
0.745098039215693
1.17647058823529
0.784313725490193
1.49019607843137
1.01960784313726
1.13725490196079
0.862745098039213
1.25490196078431
0.87333333333333
1.25490196078432
1.21568627450981
1.01960784313726
1.13725490196078
0.823529411764709
0.627450980392155
1.18823529411765
1.01960784313725
1.56862745098039
0.784313725490199
1.2156862745098
0.784313725490199
1.56862745098039
0.470588235294116
1.1764705882353
1.29411764705882
0.784313725490199
1.1764705882353
1.10980392156863
1.1764705882353
0.901960784313724
1.33333333333333
1.6078431372549
0.784313725490193
0.862745098039215
1.17647058823529
0.784313725490193
0.784313725490193
1.13725490196079
1.17647058823529
1.17647058823529
0.403921568627452
1.09803921568627
1.1764705882353
0.784313725490204
0.784313725490193
1.09803921568627
1.13725490196078
0.784313725490204
0.543921568627453
1.17607843137255
1.01960784313725
1.17647058823529
0.627450980392166
1.1764705882353
0.784313725490193
1.33333333333333
0.862745098039213
1.13725490196079
0.784313725490193
1.09803921568627
1.05882352941177
1.37254901960784
1.09803921568628
1.50196078431373
0.941176470588232
1.49019607843137
0.588235294117645
1.45098039215686
1.1764705882353
1.49450980392157
0.784313725490199
0.862745098039214
1.37254901960784
0.823529411764704
1.25490196078431
1.1764705882353
1.33333333333333
1.09803921568628
1.25490196078431
1.56862745098039
0.54901960784314
1.1764705882353
1.13725490196078
0.509803921568626
0.862745098039213
1.01960784313726
1.1764705882353
1.17647058823529
0.627450980392155
1.17647058823529
1.1764705882353
1.1764705882353
0.784313725490193
0.784313725490193
1.17647058823529
0.784313725490204
0.784313725490204
1.17647058823529
0.789019607843135
1.17647058823529
0.392156862745108
1.09803921568628
0.705882352941174
1.17647058823529
1.1764705882353
1.05882352941177
0.784313725490193
1.17647058823529
0.784313725490199
1.17647058823529
0.823529411764709
1.33333333333333
0.784313725490199
1.1764705882353
0.862745098039218
1.41176470588235
0.862745098039213
1.21568627450981
0.980392156862742
1.1764705882353
1.6078431372549
1.13725490196079
0.862745098039218
1.37254901960784
0.941176470588238
1.29411764705882
1.05882352941177
1.09803921568628
0.392156862745108
1.1764705882353
1.17647058823529
0.784313725490193
0.784313725490193
0.588235294117645
1.1764705882353
1.13725490196079
0.823529411764703
1.05882352941176
0.784313725490193
1.1764705882353
0.784313725490193
1.17647058823529
0.784313725490193
1.13725490196079
1.09803921568628
0.901960784313722
0.784313725490193
1.49019607843138
0.78392156862746
1.17647058823529
0.901960784313722
1.03137254901961
1.25490196078432
0.823529411764704
0.862745098039213
1.1764705882353
0.823529411764704
1.1764705882353
0.823529411764704
1.29411764705882
0.784313725490199
1.56862745098039
0.784313725490199
1.17647058823529
0.784313725490199
1.56862745098039
0.823529411764709
0.913725490196078
1.29411764705882
0.862745098039218
0.980392156862742
1.56862745098039
0.980392156862742
1.05882352941176
1.1764705882353
1.17647058823529
0.392156862745097
1.1764705882353
1.13725490196078
0.784313725490193
0.784313725490193
0.784313725490193
0.901960784313733
1.1764705882353
0.784313725490193
1.17647058823529
0.784313725490193
1.1764705882353
1.17647058823529
1.25490196078431
0.636862745098035
1.1764705882353
0.862745098039215
1.17647058823529
1.13725490196078
1.52941176470589
0.784313725490193
1.17647058823529
1.01960784313725
0.823529411764703
1.1764705882353
0.934901960784312
0.956862745098037
1.13725490196079
0.901960784313722
1.21568627450981
0.784313725490193
1.18039215686275
0.784313725490193
1.56862745098039
0.784313725490193
1.1764705882353
0.784313725490199
1.52941176470588
1.08117647058823
1.17647058823529
1.09803921568628
0.784313725490193
0.980392156862747
1.1764705882353
0.823529411764709
1.1764705882353
0.784313725490193
1.37254901960784
0.688235294117643
0.784313725490193
0.901960784313726
0.627450980392155
0.823529411764703
0.784313725490193
1.29411764705883
1.05882352941177
0.784313725490193
1.17647058823529
1.13725490196079
1.05882352941177
0.784313725490193
1.52941176470588
0.784313725490193
1.01960784313726
1.17647058823529
1.14901960784312
0.784313725490193
1.5686274509804
0.784313725490193
1.01960784313725
0.941176470588232
1.01960784313726
1.17647058823529
0.980392156862742
0.784313725490199
1.37254901960784
0.784313725490199
1.01960784313725
0.784313725490199
1.1764705882353
1.04196078431372
1.86549019607843
0.784313725490199
1.1764705882353
1.01960784313725
1.29411764705882
1.09803921568627
1.05882352941177
1.52941176470588
0.582352941176467
0.941176470588238
1.17647058823529
0.784313725490199
1.13725490196079
0.62745098039216
1.1764705882353
0.745098039215684
0.756862745098039
0.980392156862747
1.09803921568627
0.980392156862742
0.784313725490193
1.21568627450981
1.13725490196079
0.816862745098033
1.17647058823529
1.1764705882353
1.13725490196079
0.784313725490193
0.952941176470588
1.1764705882353
1.41176470588235
0.431372549019606
1.56862745098039
0.509803921568626
1.60784313725491
0.784313725490193
1.13725490196078
1.10196078431373
1.21568627450981
1.01960784313725
0.862745098039213
1.13725490196079
1.17647058823529
0.796078431372554
0.941176470588232
0.784313725490199
1.29411764705882
0.509803921568631
1.2156862745098
0.392156862745102
1.01960784313725
1.05882352941177
1.1764705882353
0.745098039215684
1.1764705882353
1.18039215686275
0.823529411764709
1.17647058823529
1.96078431372549
0.784313725490193
1.46313725490196
0.784313725490193
1.56862745098039
0.392156862745097
0.913725490196089
1.17647058823529
1.17647058823529
1.05882352941176
1.45490196078432
0.980392156862747
1.37254901960784
0.784313725490193
0.784313725490193
0.823529411764714
0.796078431372549
0.784313725490193
1.33333333333333
1.1764705882353
1.17647058823529
0.745098039215684
1.56862745098039
0.754901960784322
1.56862745098039
0.392156862745097
1.18823529411765
0.745098039215695
1.37254901960784
1.01960784313725
0.784313725490199
1.25490196078431
1.1764705882353
1.13725490196078
0.840392156862746
0.901960784313724
1.22745098039216
0.941176470588234
1.21568627450981
0.588235294117648
1.17647058823529
1.1764705882353
1.17647058823529
1.1764705882353
1.05882352941176
1.1764705882353
0.784313725490193
0.980392156862747
1.96078431372549
0.784313725490199
1.1764705882353
0.554901960784311
1.14901960784314
0.509803921568637
0.941176470588243
1.17647058823529
0.784313725490193
0.784313725490193
1.1764705882353
0.667450980392154
1.13725490196078
0.784313725490193
1.33333333333334
1.09803921568628
1.17647058823529
0.784313725490193
1.5686274509804
1.21568627450981
1.17647058823529
0.392156862745097
1.49019607843137
0.784313725490204
1.56862745098039
0.666666666666664
1.2156862745098
0.705882352941183
1.58039215686274
0.705882352941179
0.862745098039218
0.784313725490193
1.49098039215686
0.901960784313728
0.941176470588238
0.784313725490193
1.1764705882353
0.980392156862742
1.56862745098039
0.784313725490193
1.1764705882353
1.52941176470588
0.823529411764709
0.784313725490193
1.3921568627451
1.1764705882353
0.431372549019606
0.784313725490199
1.56862745098039
0.901960784313728
1.52941176470588
0.74941176470588
1.1764705882353
0.784313725490204
1.1764705882353
1.01960784313725
1.01960784313725
1.17647058823529
1.48274509803922
1.05882352941176
1.33333333333333
1.17647058823529
1.10980392156864
1.17647058823529
1.17647058823529
1.17647058823529
1.5686274509804
0.901960784313726
1.01960784313725
0.627450980392155
1.96078431372549
0.784313725490193
1.6078431372549
0.784313725490193
1.33333333333334
0.784313725490193
1.96078431372549
0.549019607843141
0.784313725490199
0.823529411764709
1.45098039215686
0.549019607843141
0.901960784313724
0.784313725490199
1.09803921568627
0.784313725490193
1.45647058823529
0.784313725490193
1.1764705882353
1.41176470588235
0.823529411764709
0.392156862745097
1.18823529411765
0.823529411764703
0.627450980392155
0.784313725490199
1.56862745098039
0.884313725490197
1.56862745098039
0.784313725490199
1.37254901960784
0.784313725490193
1.05098039215686
1.09803921568627
0.71764705882353
0.796078431372538
1.5686274509804
1.05882352941176
1.52941176470588
1.1764705882353
1.14901960784315
1.17647058823529
0.784313725490193
1.2156862745098
1.29411764705883
1.52941176470588
1.25882352941176
0.784313725490193
1.5686274509804
0.726274509803918
1.71411764705881
0.666666666666664
1.5686274509804
0.745098039215684
2
0.745098039215689
1.09803921568627
1.01960784313726
1.18823529411764
0.784313725490199
0.784313725490193
1.13725490196079
0.796078431372549
0.784313725490199
0.980392156862744
0.784313725490199
1.1764705882353
1.1764705882353
1.05882352941176
0.784313725490193
1.56862745098039
0.784313725490193
0.784313725490199
0.487843137254899
1.96078431372549
0.784313725490199
1.19450980392156
0.784313725490199
1.1764705882353
0.784313725490193
1.01960784313725
1.17647058823529
1.01960784313725
1.13725490196079
1.09803921568628
1.13725490196078
1.56862745098039
0.862745098039224
1.1764705882353
1.29411764705882
0.784313725490193
0.874509803921568
1.52941176470589
1.17647058823529
1.17647058823529
0.784313725490193
1.5686274509804
0.784313725490193
1.96078431372548
0.784313725490193
1.21568627450981
0.784313725490193
2.35294117647059
0.784313725490193
1.17647058823529
0.784313725490199
1.21568627450981
1.1764705882353
0.784313725490193
0.784313725490199
1.17647058823529
0.745098039215689
1.17647058823529
0.784313725490199
1.37254901960784
1.21568627450981
0.745098039215684
0.627450980392155
1.56862745098039
0.42705882352941
0.784313725490199
0.784313725490193
1.96078431372549
1.15960784313725
1.45098039215686
0.745098039215689
1.25490196078431
1.01960784313725
1.17647058823529
1.11098039215686
0.901960784313733
1.1764705882353
1.33333333333333
0.901960784313722
1.52941176470588
1.1764705882353
1.2156862745098
1.13725490196078
1.17647058823529
0.862745098039224
1.5686274509804
0.7756862745098
1.17647058823529
0.470588235294116
1.25490196078432
0.784313725490193
1.58039215686274
0.838823529411772
1.5686274509804
0.823529411764703
1.56862745098039
0.745098039215684
1.45098039215686
0.862745098039214
1.21568627450981
0.823529411764704
1.1764705882353
0.560784313725488
1.05882352941176
0.784313725490199
0.901960784313722
0.823529411764709
1.09803921568627
1.1764705882353
0.784313725490193
1.01960784313726
1.58039215686274
0.392156862745097
1.1764705882353
0.784313725490193
1.96078431372549
1.1764705882353
1.09803921568627
1.1764705882353
1.33333333333333
0.823529411764703
1.53333333333333
1.1764705882353
0.823529411764714
1.49019607843137
1.37254901960784
0.784313725490193
1.64705882352942
1.17647058823529
0.941176470588232
0.784313725490193
1.37254901960785
1.25490196078432
1.33333333333333
1.13725490196078
0.784313725490193
0.784313725490204
1.17647058823529
0.549019607843135
2.03921568627451
0.784313725490204
1.45098039215687
1.13725490196078
2.08235294117647
0.784313725490193
1.56862745098039
1.17647058823529
1.1764705882353
0.784313725490193
0.901960784313728
0.784313725490193
0.69882352941176
1.1764705882353
0.784313725490193
1.14627450980392
1.17647058823529
1.56862745098039
0.784313725490193
0.745098039215684
1.77647058823529
0.549019607843135
1.1764705882353
0.699607843137258
1.96078431372549
0.980392156862747
1.25490196078431
1.1764705882353
1.1764705882353
0.784313725490193
1.49019607843138
0.943137254901971
0.588235294117645
1.25490196078431
1.25882352941176
1.09803921568628
1.5686274509804
0.756862745098039
1.13725490196078
0.823529411764703
1.5686274509804
0.862745098039215
1.14901960784312
0.403921568627452
1.1764705882353
0.784313725490204
1.17647058823529
0.784313725490193
1.96078431372549
0.941176470588243
1.29411764705882
0.583921568627448
1.68627450980392
0.784313725490193
1.52941176470588
0.784313725490193
1.08196078431373
1.17647058823529
0.788235294117651
0.784313725490193
0.980392156862742
0.823529411764709
0.784313725490193
1.1764705882353
0.980392156862744
1.1764705882353
1.1764705882353
0.784313725490193
1.21568627450981
1.17647058823529
1.09803921568627
1.05882352941177
1.18823529411765
0.784313725490199
1.1764705882353
1.17647058823529
1.1764705882353
0.666666666666675
1.01960784313726
1.64666666666667
0.705882352941174
1.45098039215686
1.01960784313725
1.1764705882353
1.1764705882353
0.705882352941174
1.11843137254901
0.823529411764703
1.37254901960785
0.784313725490193
1.17647058823529
0.941176470588232
1.1764705882353
0.823529411764714
1.17647058823529
1.05882352941176
1.18823529411765
0.784313725490204
0.784313725490193
1.17647058823529
1.1764705882353
1.17647058823529
0.784313725490193
1.52941176470588
1.21568627450981
1.41176470588235
0.7756862745098
0.796078431372549
1.17647058823529
0.784313725490199
0.980392156862744
0.784313725490193
1.13725490196079
1.68627450980392
1.13725490196079
1.1764705882353
1.56862745098039
1.13725490196079
0.862745098039214
0.963529411764706
1.56862745098039
1.13725490196079
1.01960784313726
0.901960784313724
1.25490196078431
0.784313725490204
0.941176470588243
0.901960784313722
0.784313725490193
1.17647058823529
0.784313725490193
1.1764705882353
1.2156862745098
0.784313725490193
0.901960784313722
0.784313725490204
0.79607843137256
0.392156862745097
1.25490196078431
0.627450980392155
1.01960784313726
0.627450980392161
0.980392156862742
1.05882352941176
1.18823529411765
0.784313725490204
0.823529411764704
1.05882352941176
1.54901960784314
1.13725490196078
0.784313725490193
0.784313725490199
1.05882352941176
1.1764705882353
0.784313725490193
0.980392156862747
1.21568627450981
1.1035294117647
1.56862745098039
1.17647058823529
1.09803921568628
1.56862745098039
1.13725490196079
1.1764705882353
1.64705882352941
1.05882352941177
1.11843137254902
1.01960784313725
1.30588235294117
1.17647058823529
1.17647058823529
1.1764705882353
1.25490196078431
0.403921568627463
0.941176470588243
1.17647058823529
0.784313725490193
1.17647058823529
0.784313725490193
0.784313725490193
1.17647058823529
0.705882352941174
0.784313725490193
0.784313725490204
0.79607843137256
0.784313725490193
1.56862745098039
0.666666666666664
1.09803921568628
0.392156862745097
1.17647058823529
1.17647058823529
1.17647058823529
0.784313725490204
1.13725490196079
0.945098039215684
1.1764705882353
0.784313725490193
0.784313725490193
0.901960784313728
1.1764705882353
0.784313725490199
0.784313725490199
1.25490196078431
1.45098039215686
0.784313725490193
1.37254901960784
1.1764705882353
1.29411764705882
1.41176470588235
0.784313725490193
0.941176470588232
1.45098039215686
1.09803921568627
1.29411764705882
0.885098039215686
1.68627450980392
1.1764705882353
1.49019607843137
0.941176470588232
1.68627450980392
0.666666666666675
1.27725490196079
1.2156862745098
0.862745098039213
0.796078431372549
0.941176470588232
1.1764705882353
0.823529411764704
0.784313725490193
0.961176470588232
0.901960784313733
1.25490196078432
0.784313725490193
1.17647058823529
1.09450980392156
0.901960784313722
0.784313725490204
0.799999999999997
1.17647058823529
1.33333333333333
0.745098039215695
0.784313725490204
0.745098039215684
1.17647058823529
0.980392156862747
1.01960784313725
0.666666666666664
1.1764705882353
1.01960784313725
0.941176470588238
1.41176470588235
1.17647058823529
0.862745098039218
1.64705882352941
1.1764705882353
1.49019607843137
1.68627450980392
0.66666666666667
0.941176470588238
1.49019607843137
1.52941176470588
1.1764705882353
0.784313725490193
1.56862745098039
1.25490196078431
1.54509803921568
0.941176470588238
1.56862745098039
1.05882352941176
1.64705882352942
1.72549019607844
0.941176470588236
1.41176470588235
1.41176470588235
1.1764705882353
1.51254901960785
1.07058823529412
1.80392156862744
1.45098039215686
1.92156862745098
1.09803921568628
1.33333333333333
1.17647058823529
1.61960784313725
1.41176470588236
1.41176470588236
1.17647058823529
1.76470588235293
1.01960784313725
1.05882352941177
1.05882352941177
1.2278431372549
0.823529411764709
1.37254901960784
0.784313725490193
1.52941176470588
0.784313725490193
1.17647058823529
1.1764705882353
1.21568627450981
0.980392156862747
1.29411764705882
0.823529411764704
0.784313725490193
1.1764705882353
1.01960784313725
0.784313725490199
1.56862745098039
0.980392156862747
1.10980392156863
1.09803921568627
1.6078431372549
1.01960784313726
1.45098039215686
0.823529411764703
1.52941176470588
