10.5098039215686
9.52941176470588
9.33333333333333
8.53450980392157
8.94117647058824
8.3921568627451
8.66666666666666
8.74
8.43137254901961
7.92156862745099
7.5721568627451
6.90196078431373
7.13725490196078
8.15686274509804
8.90196078431373
9.84313725490196
10.7529411764706
9.56862745098039
9.60784313725491
9.01960784313725
5.68627450980392
9.17647058823529
9.1764705882353
8.98039215686275
9.72549019607843
8.74509803921569
9.2156862745098
9.52941176470588
8.8235294117647
6.86274509803921
8.43137254901961
9.25490196078431
9.80392156862745
8.27450980392157
10.3921568627451
5.80392156862746
6.28980392156862
8.62745098039215
8.13254901960784
9.54235294117647
8.71372549019608
8.80549019607843
10.3921568627451
8.35294117647059
10.9686274509804
10.078431372549
9.97372549019607
9.17647058823529
7.80392156862745
5.25686274509804
7.56862745098039
9.14509803921569
8.3921568627451
7.6078431372549
9.45098039215686
8.94117647058824
7.4313725490196
9.36274509803922
8.11764705882353
9.33333333333334
8.58823529411765
7.44000000000001
9.88235294117648
10.3921568627451
11.3725490196078
9.25490196078431
8.47058823529412
7.45098039215686
9.67960784313725
9.52941176470588
9.29411764705882
8.70588235294117
9.6078431372549
9.09803921568627
8.23529411764706
8.23529411764705
7.69411764705882
7.84313725490196
10.078431372549
9.45098039215686
9.2156862745098
8.82666666666666
9.89019607843137
7.80392156862746
9.88235294117648
9.88235294117647
10.078431372549
9.96078431372549
10.5098039215686
8.45215686274509
8.27450980392157
9.4
11.1050980392157
10.7843137254902
10.3921568627451
8.07843137254902
9.37254901960784
7.92156862745098
2.23529411764706
8.31372549019608
7.9607843137255
9.88235294117647
7.45882352941176
9.1764705882353
9.11843137254902
8.98039215686274
9.01960784313725
9.64705882352942
10.6666666666667
10.2352941176471
9.64705882352942
10.156862745098
9.41176470588235
9.13725490196078
8.43137254901961
8.54901960784313
9.52941176470588
9.29411764705882
8.94117647058824
9.13725490196079
8.39215686274509
9.52941176470588
8.77960784313725
9.76470588235295
10.5490196078431
9.29411764705882
5.25490196078431
8.27450980392157
7.84313725490197
8.94117647058824
9.6078431372549
8.19607843137255
8.97411764705882
9.13725490196078
8.82
10.0274509803922
8.90196078431373
10.2745098039216
11.2941176470588
10.8235294117647
10.5882352941176
10.9490196078431
10.9019607843137
10.6666666666667
7.02039215686275
6.56666666666666
7.49019607843137
7.41176470588236
7.76470588235294
7.72549019607843
8.27450980392157
9.41176470588236
9.41176470588235
8.19607843137255
8.86274509803921
7.1764705882353
7.52941176470588
7.1764705882353
9.45098039215686
9.29411764705882
7.25490196078431
6.31372549019608
5.68627450980392
8.39215686274509
9.68627450980392
7.29411764705882
8.43137254901961
9.09882352941176
7.73647058823529
8.03921568627451
8.66666666666667
10.1647058823529
10.8627450980392
9.80392156862745
5.57647058823529
8.74274509803921
9.96078431372549
7.33333333333333
9.92156862745098
10
9.80392156862745
8.98039215686275
10.0392156862745
10.9803921568627
10.8235294117647
11.0980392156863
9.33333333333334
9.76470588235294
11.0196078431373
6.98039215686275
9.60784313725491
9.33333333333333
8.27450980392157
9.45098039215686
8.98039215686275
9.41960784313726
8.88
7.68627450980392
6.83137254901961
9.13725490196078
9.94
10.8627450980392
9.68627450980392
8.2443137254902
8.27450980392157
8.74509803921569
9.96078431372549
9.72549019607843
9.88235294117647
9.2156862745098
8.11764705882353
3.41176470588235
11.3333333333333
7.85098039215686
9.01960784313725
7.52941176470589
10.3921568627451
9.29411764705882
9.85098039215686
8.94117647058824
9.01960784313725
9.06666666666666
8.84313725490195
10.3137254901961
10.9019607843137
9.01960784313725
10.3529411764706
8.47058823529412
9.68627450980392
11.4509803921569
7.4
10.5882352941176
9.84313725490196
8.35294117647059
9.48862745098039
7.9035294117647
10.2745098039216
8.47058823529412
8.82352941176471
7.13725490196078
6.27450980392157
6.47058823529411
7.01960784313726
8.58823529411764
3.28470588235295
7.64705882352941
0.906274509803924
8.54901960784314
8.54901960784314
8.3921568627451
8.07843137254902
6.74509803921569
8.3921568627451
9.13725490196078
8.3921568627451
9.33333333333333
7.68627450980392
6.35294117647059
8.74509803921569
8.43137254901961
10.0392156862745
7.25490196078431
5.72549019607843
5.72549019607844
8.47058823529412
7.72549019607843
7.88235294117647
6.82352941176471
5.68627450980393
2.91607843137254
8.9878431372549
9.37254901960784
9.77254901960784
8.62745098039216
11.5686274509804
8.94117647058824
10.3529411764706
10.6274509803922
11.2549019607843
10.3921568627451
10.3137254901961
3.84313725490196
10.7058823529412
8.19607843137254
7.81607843137254
8.47058823529412
9.25490196078431
9.25490196078431
7.13725490196079
6.8235294117647
7.88235294117647
8.87058823529412
7.60784313725491
6.04941176470588
7.74078431372549
7.24470588235294
8.90196078431373
8.94117647058823
7.96078431372549
5.84313725490196
7.2156862745098
6.95764705882353
8.19607843137255
3.02980392156862
8.51764705882352
8.00000000000001
1.68627450980392
9.01960784313725
7.80392156862746
7.76470588235294
9.37254901960784
9.45098039215686
6.66666666666667
8.62745098039215
7.45098039215686
9.80392156862745
9.37254901960784
3.68627450980393
8.39215686274509
6.15686274509804
8.11764705882353
7.60784313725491
8.11764705882353
8.66666666666666
7.33333333333333
6.94117647058824
9.29411764705882
5.73882352941176
10.1176470588235
5.4478431372549
9.72549019607843
9.81686274509804
10.5176470588235
9.15686274509804
8.50980392156863
9.05882352941176
7.37254901960784
3.80392156862745
9.21568627450981
6.62745098039215
6.87333333333334
9.38509803921568
8.15686274509804
3.98156862745097
7.25490196078431
4.20627450980392
5.05882352941177
5.72549019607843
7.37254901960784
9.57647058823529
7.40274509803922
9.26745098039216
8.74509803921568
7.68627450980392
7.29411764705882
7.88235294117648
8.19607843137255
8.54901960784313
7.45882352941176
9.6078431372549
8.7843137254902
9.09803921568627
8.86274509803921
9.6078431372549
9.76470588235294
9.49019607843137
8.3921568627451
7.99999999999999
5.92156862745098
8.98039215686275
8.54901960784314
9.96078431372549
10.6274509803922
10.0392156862745
10.4705882352941
8
9.52941176470588
5.09450980392157
4.70588235294117
1.88235294117648
9.41960784313726
7.2156862745098
10
8.62745098039216
4.47843137254902
4.74509803921568
8.54901960784314
8.56980392156863
6.97058823529412
8.19607843137255
7.09803921568628
6.50980392156863
8.19607843137255
6.7843137254902
8.8235294117647
9.2156862745098
10.156862745098
7.33333333333333
7.32941176470588
8.23529411764706
7.37254901960784
8.3921568627451
10.2352941176471
8.23529411764706
9.01960784313725
8.08627450980392
9.68627450980392
8.23529411764706
9.64705882352941
9.59607843137255
1.86549019607842
9.92156862745098
9.64705882352941
10.8235294117647
9.47058823529413
8.07843137254902
6.96078431372549
8.6443137254902
8.62745098039216
8.20392156862746
9.56862745098039
6.6956862745098
7.72549019607843
7.13725490196079
10.078431372549
7.84313725490196
7.92156862745098
8.90196078431373
9.45882352941177
9.17647058823529
7.41176470588235
4.42274509803921
6.42549019607843
7.61568627450981
7.37254901960784
8.74509803921569
6.19607843137255
9.64705882352941
9.81058823529412
6.7843137254902
7.67019607843137
7.6156862745098
7.17647058823529
6.94117647058824
8.31372549019608
8.64588235294118
7.68627450980393
9.31843137254902
9.45098039215687
9.68627450980392
11.2156862745098
9.37254901960784
9.37254901960784
10.0588235294118
5.79764705882353
8.35294117647059
10.5490196078431
8.15686274509804
10.7058823529412
10.5490196078431
10.1176470588235
8.20392156862745
9.52941176470588
9.87058823529412
9.15843137254901
9.37254901960784
8.58823529411765
7.01960784313726
8.58823529411764
8.31372549019607
5.52941176470588
7.33333333333334
9.86274509803923
8.90196078431372
7.79921568627451
8.07843137254902
8.62745098039216
5.13725490196078
1.37254901960784
8.49019607843137
6.44627450980392
8.55372549019608
9.41176470588235
7.88980392156863
7.6078431372549
7.90745098039216
6.58823529411764
8.31372549019608
8.39215686274509
7.76470588235294
2.7843137254902
9.64705882352941
9.21568627450981
9.53725490196078
9.52941176470588
9.64705882352941
9.92156862745098
8.62745098039215
11.0196078431372
10.9019607843137
8.70588235294118
9.03098039215686
8.15686274509803
7.72549019607843
4.29725490196077
7.29411764705883
8.95843137254902
8.70823529411763
7.99999999999999
8.31372549019608
7.64705882352941
9.76470588235294
6.85098039215686
8.47058823529412
9.01372549019608
8.43137254901961
3.5686274509804
8.0392156862745
7.80392156862744
8.90196078431373
8.82352941176471
2.98039215686275
9.47647058823529
9.31529411764706
8.3921568627451
8.90196078431373
8.92313725490195
9.01960784313725
9.68627450980393
10.0392156862745
9.76470588235294
8.66549019607843
7.72549019607843
7.92156862745098
9.33333333333333
9.09803921568628
9.33333333333334
7.68627450980392
10.5490196078431
11.1372549019608
9.84313725490197
9.84313725490197
10.5627450980392
8.98039215686275
9.60784313725491
7.34117647058823
10.9490196078431
10.7450980392157
11.9607843137255
11.0980392156863
12.2352941176471
10.8313725490196
11.2941176470588
10.3137254901961
9.88235294117647
11.1266666666667
11.3137254901961
11.621568627451
10.8235294117647
8.54901960784314
10.7254901960784
7.52509803921568
10.3529411764706
9.2156862745098
10.1176470588235
7.29411764705883
9.84313725490196
8.23529411764706
11.6862745098039
11.2156862745098
10.156862745098
8.7843137254902
10.156862745098
7.33333333333334
9.17647058823529
9.6078431372549
6.91019607843137
11.5039215686274
8.43137254901961
9.76470588235294
9.68627450980393
8.82352941176471
8.7843137254902
8.23529411764706
9.77764705882353
8.07843137254902
9.25490196078431
11.6274509803922
10.5490196078431
10.7843137254902
8.15686274509804
11.2156862745098
9.88235294117647
8.07843137254902
9.13725490196078
10.3137254901961
11.9803921568627
10.5882352941176
8.37254901960785
7.89019607843137
10.6666666666667
8.6921568627451
10.4313725490196
9.01960784313726
7.28784313725489
9.49019607843137
9.80392156862745
12.8235294117647
11.6470588235294
10.478431372549
10.9803921568627
10.9341176470588
10.9019607843137
10.5098039215686
7.35647058823529
9.05882352941176
8.41764705882353
7.21568627450981
9.2156862745098
9.52941176470588
9.33333333333333
9.76470588235294
8.90196078431373
4.94117647058823
8.62745098039215
8.23529411764706
5.49019607843137
9.6078431372549
7.11058823529412
9.29411764705883
7.6078431372549
7.90352941176471
6.66666666666667
6.19607843137255
7.45098039215686
7.70274509803922
8.87058823529412
8.3921568627451
9.80392156862746
10.4313725490196
9.45098039215686
5.64705882352942
2.3529411764706
3.30588235294117
9.2156862745098
9.25490196078431
3.25490196078432
9.29411764705882
10.3137254901961
9.3921568627451
9.49019607843137
9.72549019607843
9.33333333333334
10.1960784313725
11.3333333333333
10.078431372549
10.4313725490196
10.6666666666667
7.88
10.9411764705882
8.98039215686275
9.52941176470588
9.64705882352941
10.156862745098
11.5764705882353
8.50980392156863
10.3333333333333
7.68627450980392
8.01137254901961
9.29411764705882
8.58823529411765
8.74509803921568
5.80392156862745
6.94117647058824
8.50980392156863
8.47058823529412
8.86274509803921
9.9607843137255
8.47058823529412
9.84313725490196
9.56862745098039
10.2745098039216
6.82352941176471
9.52941176470588
9.92156862745098
9.56862745098039
9.29411764705883
10.5490196078431
9.6078431372549
5.89019607843138
9.52941176470588
10.0392156862745
10.8235294117647
9.80392156862745
10.8235294117647
9.49019607843138
10.7058823529412
10.4705882352941
11.4509803921569
10.4705882352941
10.4117647058824
9.84313725490196
9.72549019607843
8.10941176470588
8.74509803921569
8.98039215686274
9.2156862745098
8.82352941176471
7.25490196078432
9.37254901960784
10.4313725490196
9.6078431372549
10.7843137254902
8.27450980392157
8.94117647058824
8.77294117647058
8.37333333333333
8.98235294117647
9.33333333333334
8.28431372549019
6.74509803921569
8.35294117647059
7.96862745098039
7.6078431372549
9.84313725490196
9.01960784313725
8.03921568627451
7.25490196078431
7.82470588235294
8.43137254901961
7.49019607843137
9.37254901960784
10.5701960784314
9.17647058823529
10.3529411764706
10.5882352941177
9.01960784313725
10.7058823529412
11.1843137254902
9.9686274509804
10.5098039215686
9.92156862745098
9.45098039215686
8.43137254901961
10.8235294117647
8.86274509803921
9.37254901960784
7.6078431372549
9.38039215686275
9.76470588235294
8.95490196078431
8.86274509803922
9.84313725490196
9.09803921568627
9.72549019607843
11.0196078431372
11.3725490196078
10.2352941176471
9.76470588235294
9.29411764705882
10.0392156862745
10.4392156862745
9.92156862745098
11.2427450980392
8.90196078431372
8.29529411764706
6.03921568627452
8.30156862745098
8.70588235294117
6.6564705882353
6.62745098039216
8.62745098039215
7.05882352941177
7.41176470588235
8.19607843137255
9.71607843137256
9.6078431372549
9.09803921568627
8.31372549019608
8.09333333333333
8.54901960784314
8.50980392156863
6.01882352941176
7.3156862745098
8.70588235294118
8.66666666666667
7.64705882352941
8.94117647058824
10.6666666666667
10.2352941176471
7.73333333333334
8.46470588235294
7.84313725490197
6.98039215686274
8.0392156862745
3.45098039215686
9.05882352941176
10.3529411764706
9.38039215686272
10.5490196078431
9.84313725490196
8.03921568627451
8.15686274509803
5.52941176470588
3.77921568627451
8.31372549019608
6.55372549019607
8.94117647058824
8.58823529411765
7.76470588235295
7.29411764705883
6.98039215686274
8.86274509803922
7.29411764705883
8.00000000000001
8
4.89254901960785
3.41960784313726
5.25490196078431
4.47058823529412
6.94117647058823
5.25490196078431
1.29411764705882
8.19607843137255
7.92156862745098
4.19607843137255
3.33019607843137
7.9235294117647
7.76470588235294
8.94117647058824
9.37529411764706
7.68627450980392
9.1764705882353
7.6078431372549
7.60980392156863
7.52235294117647
5.92156862745098
7.23529411764705
6.49490196078431
7.49019607843138
7.17960784313725
8.39215686274509
8.07843137254902
5.88235294117647
9.29254901960784
8.90196078431373
8.54901960784313
9.37254901960784
4.98039215686275
6.82352941176471
10.2352941176471
7.01960784313725
5.21568627450981
7.01960784313726
5.6078431372549
2.06274509803922
5.62156862745098
9.52941176470588
8.98039215686275
7.49019607843137
7.02156862745098
7.13725490196079
5.72549019607844
5.72549019607843
6.94117647058824
5.26274509803921
7.37254901960784
6.40196078431372
8.27450980392157
8.70588235294117
5.45098039215686
7.96078431372549
7.04235294117646
7.2156862745098
7.49019607843138
7.68627450980392
2.32156862745098
7.21333333333333
9.09803921568627
9.41176470588235
9.92156862745099
7.52941176470588
7.96862745098039
7.09803921568628
9.01960784313725
9.17647058823529
2.98039215686274
6.74509803921569
8.47058823529412
7.45098039215686
7.84313725490196
7.06196078431372
2.15686274509804
6.82352941176471
7.64705882352941
7.09803921568628
9.88235294117647
9.96705882352941
10.1176470588235
9.80392156862745
8.27450980392157
7.4921568627451
6.90196078431372
3.72549019607843
4.58823529411764
6.98823529411765
2.70588235294118
8.43137254901961
7.37254901960784
6.94117647058824
5.88235294117647
4.86274509803921
5.73372549019608
7.92156862745098
4.43137254901961
1.1764705882353
5.96078431372549
7.13725490196078
6.7843137254902
5.37254901960784
6.35294117647059
7.72549019607843
4.58823529411765
8.3921568627451
8.90196078431372
6.50980392156863
8.62745098039216
8.86274509803921
7.72549019607843
8.19607843137255
7.17647058823529
3.06666666666667
8.58823529411765
10.0392156862745
9.29411764705882
8.86274509803922
7.76470588235295
7.64705882352941
8.98039215686275
8.7843137254902
8.66666666666667
8.86274509803921
9.17647058823529
8.50980392156863
9.48941176470588
8.66666666666666
9.01960784313725
6
7.64705882352942
7.84313725490197
6.27450980392157
4.86274509803922
5.56862745098039
8.42509803921569
8.86274509803921
7.49019607843137
6.19999999999999
7.45098039215687
7.25490196078431
7.64705882352941
5.76470588235294
5.25490196078431
5.65843137254902
8.05882352941177
4.7843137254902
8.07843137254902
3.80392156862745
5.78588235294117
7.64705882352941
8.03921568627451
8.15686274509804
5.69254901960784
1.41176470588235
0.784313725490193
9.13725490196078
8.98039215686275
7.37254901960784
9.72549019607844
6.78431372549019
1.29411764705882
7.88235294117648
7.76470588235294
7.6078431372549
8.23686274509804
5.13725490196079
8.38901960784313
7.76470588235294
5.25490196078431
7.87450980392157
3.2156862745098
7.09803921568627
6.62745098039215
8.90196078431373
7.2156862745098
7.92039215686274
8.11764705882353
7.64705882352941
7.80392156862744
6.30980392156862
8.90980392156863
8.47058823529412
7.76627450980392
8.94117647058823
9.05882352941176
8.97176470588235
7.30196078431374
5.3156862745098
8.19607843137255
9.60784313725491
8.70588235294118
9.05882352941176
9.43137254901961
8.43137254901961
9.09803921568627
9.2478431372549
10.078431372549
9.84313725490197
9.92156862745098
9.88235294117647
10.321568627451
10.6274509803922
10.8627450980392
10.8627450980392
10.5882352941176
5.9964705882353
8.07843137254902
8.82352941176471
1.77254901960785
7.23098039215686
8.50980392156862
8.19607843137255
6.50980392156863
7.68627450980393
6
4
8.41176470588236
6.7843137254902
7.33333333333333
7.80392156862744
6.8235294117647
7.68627450980393
6.4313725490196
8.47058823529411
8.11764705882353
5.05882352941177
3.88235294117647
7.33333333333333
6.90196078431373
5.61490196078434
8.62745098039215
9.19607843137255
7.52941176470588
4.66666666666667
6.03921568627451
4.62745098039215
8.03921568627451
