0.305882352941176	0.305882352941176	0.305882352941176
0.305882352941176	0.305882352941176	0.305882352941176
0.305882352941176	0.305882352941176	0.305882352941176
0.305882352941176	0.305882352941176	0.305882352941176
0.309803921568627	0.309803921568627	0.309803921568627
0.309803921568627	0.309803921568627	0.309803921568627
0.309803921568627	0.309803921568627	0.309803921568627
0.309803921568627	0.309803921568627	0.309803921568627
0.309803921568627	0.309803921568627	0.309803921568627
0.313725490196078	0.309803921568627	0.309803921568627
0.313725490196078	0.313725490196078	0.309803921568627
0.313725490196078	0.313725490196078	0.313725490196078
0.313725490196078	0.313725490196078	0.313725490196078
0.313725490196078	0.313725490196078	0.313725490196078
0.313725490196078	0.313725490196078	0.313725490196078
0.313725490196078	0.313725490196078	0.313725490196078
0.309803921568627	0.309803921568627	0.313725490196078
0.313725490196078	0.313725490196078	0.313725490196078
0.427450980392157	0.317647058823529	0.313725490196078
0.427450980392157	0.356862745098039	0.317647058823529
0.384313725490196	0.325490196078431	0.317647058823529
0.325490196078431	0.325490196078431	0.317647058823529
0.32156862745098	0.317647058823529	0.313725490196078
0.32156862745098	0.317647058823529	0.313725490196078
0.309803921568627	0.309803921568627	0.313725490196078
0.309803921568627	0.309803921568627	0.309803921568627
0.309803921568627	0.309803921568627	0.309803921568627
0.309803921568627	0.309803921568627	0.309803921568627
0.309803921568627	0.309803921568627	0.309803921568627
0.309803921568627	0.309803921568627	0.309803921568627
0.309803921568627	0.309803921568627	0.309803921568627
0.309803921568627	0.309803921568627	0.309803921568627
0.309803921568627	0.309803921568627	0.309803921568627
0.309803921568627	0.309803921568627	0.309803921568627
0.309803921568627	0.309803921568627	0.309803921568627
0.305882352941176	0.305882352941176	0.305882352941176
0.305882352941176	0.305882352941176	0.305882352941176
