0.572549019607843	0.572549019607843
0.572549019607843	0.572549019607843
0.572549019607843	0.572549019607843
0.572549019607843	0.572549019607843
0.572549019607843	0.572549019607843
0.572549019607843	0.572549019607843
0.572549019607843	0.572549019607843
0.572549019607843	0.572549019607843
0.572549019607843	0.572549019607843
0.572549019607843	0.572549019607843
0.572549019607843	0.572549019607843
0.572549019607843	0.572549019607843
0.572549019607843	0.572549019607843
0.572549019607843	0.572549019607843
0.572549019607843	0.572549019607843
0.572549019607843	0.572549019607843
0.572549019607843	0.572549019607843
0.572549019607843	0.572549019607843
0.572549019607843	0.572549019607843
0.572549019607843	0.572549019607843
0.572549019607843	0.572549019607843
0.572549019607843	0.572549019607843
0.572549019607843	0.572549019607843
0.572549019607843	0.572549019607843
0.572549019607843	0.572549019607843
0.572549019607843	0.572549019607843
0.572549019607843	0.572549019607843
0.572549019607843	0.572549019607843
0.572549019607843	0.572549019607843
0.572549019607843	0.572549019607843
0.572549019607843	0.572549019607843
0.572549019607843	0.572549019607843
0.572549019607843	0.572549019607843
0.572549019607843	0.572549019607843
0.572549019607843	0.572549019607843
0.572549019607843	0.572549019607843
