0.450980392156863	0.450980392156863	0.450980392156863
0.450980392156863	0.450980392156863	0.450980392156863
0.450980392156863	0.450980392156863	0.450980392156863
0.450980392156863	0.450980392156863	0.450980392156863
0.450980392156863	0.450980392156863	0.450980392156863
0.450980392156863	0.450980392156863	0.450980392156863
0.450980392156863	0.450980392156863	0.450980392156863
0.450980392156863	0.450980392156863	0.450980392156863
0.450980392156863	0.772549019607843	0.776470588235294
0.764705882352941	0.772549019607843	0.780392156862745
0.764705882352941	0.780392156862745	0.780392156862745
0.450980392156863	0.780392156862745	0.780392156862745
0.450980392156863	0.780392156862745	0.780392156862745
0.776470588235294	0.780392156862745	0.780392156862745
0.780392156862745	0.780392156862745	0.780392156862745
0.780392156862745	0.780392156862745	0.780392156862745
0.776470588235294	0.780392156862745	0.780392156862745
0.466666666666667	0.780392156862745	0.780392156862745
0.466666666666667	0.780392156862745	0.780392156862745
0.776470588235294	0.780392156862745	0.780392156862745
0.776470588235294	0.780392156862745	0.780392156862745
0.776470588235294	0.780392156862745	0.780392156862745
0.776470588235294	0.776470588235294	0.780392156862745
0.776470588235294	0.776470588235294	0.780392156862745
0.776470588235294	0.776470588235294	0.780392156862745
0.780392156862745	0.780392156862745	0.780392156862745
0.780392156862745	0.780392156862745	0.780392156862745
0.780392156862745	0.780392156862745	0.780392156862745
0.780392156862745	0.780392156862745	0.780392156862745
0.780392156862745	0.780392156862745	0.780392156862745
0.780392156862745	0.780392156862745	0.780392156862745
0.780392156862745	0.780392156862745	0.780392156862745
0.780392156862745	0.780392156862745	0.780392156862745
0.780392156862745	0.780392156862745	0.780392156862745
0.780392156862745	0.780392156862745	0.780392156862745
0.776470588235294	0.780392156862745	0.780392156862745
0.498039215686275	0.776470588235294	0.776470588235294
0.490196078431373	0.494117647058824	0.776470588235294
0.490196078431373	0.490196078431373	0.494117647058824
0.490196078431373	0.490196078431373	0.490196078431373
0.490196078431373	0.490196078431373	0.486274509803922
0.490196078431373	0.486274509803922	0.486274509803922
0.490196078431373	0.486274509803922	0.486274509803922
0.486274509803922	0.486274509803922	0.486274509803922
0.486274509803922	0.486274509803922	0.486274509803922
0.486274509803922	0.486274509803922	0.490196078431373
0.486274509803922	0.490196078431373	0.490196078431373
0.490196078431373	0.490196078431373	0.490196078431373
0.490196078431373	0.490196078431373	0.490196078431373
0.490196078431373	0.490196078431373	0.490196078431373
0.494117647058824	0.494117647058824	0.490196078431373
0.494117647058824	0.494117647058824	0.490196078431373
0.494117647058824	0.494117647058824	0.490196078431373
0.494117647058824	0.490196078431373	0.490196078431373
0.490196078431373	0.490196078431373	0.490196078431373
0.490196078431373	0.490196078431373	0.490196078431373
0.490196078431373	0.490196078431373	0.490196078431373
0.490196078431373	0.490196078431373	0.490196078431373
0.490196078431373	0.490196078431373	0.490196078431373
0.490196078431373	0.490196078431373	0.490196078431373
0.490196078431373	0.490196078431373	0.490196078431373
0.490196078431373	0.490196078431373	0.490196078431373
0.490196078431373	0.490196078431373	0.490196078431373
0.490196078431373	0.490196078431373	0.490196078431373
0.490196078431373	0.490196078431373	0.490196078431373
0.490196078431373	0.490196078431373	0.490196078431373
0.490196078431373	0.490196078431373	0.490196078431373
0.490196078431373	0.490196078431373	0.490196078431373
