0.0862745098039216	0.0862745098039216	0.0862745098039216
0.0862745098039216	0.0862745098039216	0.0862745098039216
0.0862745098039216	0.0862745098039216	0.0862745098039216
0.0862745098039216	0.0862745098039216	0.0862745098039216
0.0862745098039216	0.0862745098039216	0.0862745098039216
0.0862745098039216	0.0862745098039216	0.0862745098039216
0.0862745098039216	0.0862745098039216	0.0862745098039216
0.0862745098039216	0.0862745098039216	0.0862745098039216
0.0862745098039216	0.0862745098039216	0.0823529411764706
0.0862745098039216	0.0862745098039216	0.0823529411764706
0.0823529411764706	0.0823529411764706	0.0823529411764706
0.0823529411764706	0.0823529411764706	0.0823529411764706
0.0823529411764706	0.0823529411764706	0.0823529411764706
0.0823529411764706	0.0823529411764706	0.0823529411764706
0.0823529411764706	0.0823529411764706	0.0823529411764706
0.0823529411764706	0.0823529411764706	0.0823529411764706
0.0823529411764706	0.0823529411764706	0.0823529411764706
0.0823529411764706	0.0823529411764706	0.0784313725490196
0.0823529411764706	0.0823529411764706	0.0784313725490196
0.0823529411764706	0.0823529411764706	0.0784313725490196
0.0823529411764706	0.0823529411764706	0.0823529411764706
0.0823529411764706	0.0823529411764706	0.0784313725490196
0.0823529411764706	0.0823529411764706	0.0784313725490196
0.0823529411764706	0.0823529411764706	0.0784313725490196
0.0823529411764706	0.0823529411764706	0.0823529411764706
0.0823529411764706	0.0823529411764706	0.0823529411764706
0.0823529411764706	0.0823529411764706	0.0823529411764706
0.0823529411764706	0.0823529411764706	0.0823529411764706
0.0823529411764706	0.0823529411764706	0.0823529411764706
0.0823529411764706	0.0823529411764706	0.0823529411764706
0.0823529411764706	0.0823529411764706	0.0823529411764706
0.0823529411764706	0.0823529411764706	0.0784313725490196
0.0823529411764706	0.0784313725490196	0.0784313725490196
0.0823529411764706	0.0823529411764706	0.0823529411764706
0.0823529411764706	0.0823529411764706	0.0823529411764706
0.0823529411764706	0.0823529411764706	0.0823529411764706
0.0823529411764706	0.0823529411764706	0.0823529411764706
0.0823529411764706	0.0823529411764706	0.0823529411764706
0.0823529411764706	0.0823529411764706	0.0823529411764706
0.0823529411764706	0.0784313725490196	0.0784313725490196
0.0823529411764706	0.0784313725490196	0.0784313725490196
0.0823529411764706	0.0784313725490196	0.0784313725490196
0.0823529411764706	0.0823529411764706	0.0823529411764706
0.0823529411764706	0.0823529411764706	0.0823529411764706
0.0823529411764706	0.0823529411764706	0.0823529411764706
0.0823529411764706	0.0823529411764706	0.0823529411764706
0.0823529411764706	0.0823529411764706	0.0823529411764706
0.0823529411764706	0.0823529411764706	0.0823529411764706
0.0823529411764706	0.0823529411764706	0.0862745098039216
0.0823529411764706	0.0823529411764706	0.0862745098039216
0.0823529411764706	0.0823529411764706	0.0862745098039216
0.0823529411764706	0.0862745098039216	0.0862745098039216
0.0823529411764706	0.0862745098039216	0.0862745098039216
0.0823529411764706	0.0862745098039216	0.0862745098039216
0.0823529411764706	0.0862745098039216	0.0862745098039216
0.0823529411764706	0.0862745098039216	0.0862745098039216
0.0823529411764706	0.0862745098039216	0.0862745098039216
0.0823529411764706	0.0823529411764706	0.0862745098039216
0.0823529411764706	0.0823529411764706	0.0862745098039216
0.0823529411764706	0.0862745098039216	0.0862745098039216
0.0823529411764706	0.0862745098039216	0.0862745098039216
0.0862745098039216	0.0862745098039216	0.0862745098039216
0.0862745098039216	0.0862745098039216	0.0862745098039216
0.0862745098039216	0.0862745098039216	0.0862745098039216
0.0862745098039216	0.0862745098039216	0.0862745098039216
0.0862745098039216	0.0862745098039216	0.0862745098039216
0.0862745098039216	0.0862745098039216	0.0862745098039216
