7.53725490196078
3.8113725490196
5.5121568627451
8.53843137254902
7.01960784313725
1.88156862745098
5.45058823529412
1.92156862745098
6.10627450980392
7.25490196078432
1.5686274509804
2.15686274509804
2.66666666666666
1.21843137254901
3.50627450980391
4.93999999999997
5.15372549019607
2.89058823529412
6.32549019607843
3.96078431372549
5.00823529411764
2.74509803921569
4.82352941176471
2.98039215686275
6.47098039215686
8.86274509803921
6.86274509803921
3.08392156862744
2.33019607843136
5.37254901960784
1.80392156862745
4.8235294117647
6.11764705882352
5.14823529411765
6.62745098039215
7.34862745098038
5.17647058823529
2.07843137254902
7.25490196078431
8.07176470588234
2.94117647058823
5.13725490196078
4.9764705882353
3.43686274509804
5.46705882352941
1.29411764705883
2.70588235294118
8.91686274509804
11.2156862745098
10
8.43843137254902
1.68235294117648
2.03921568627451
9.48235294117647
6.59686274509804
2.74941176470589
3.82196078431373
1.91764705882353
7.29411764705883
2.62745098039216
7.03058823529412
3.09803921568628
3.41176470588236
3.04745098039215
3.56862745098039
5.56313725490196
3.60392156862745
6.01882352941176
6.47882352941176
2.76588235294118
10.3862745098039
5.48666666666666
8.38352941176471
2.3921568627451
8.47058823529412
6.27450980392157
4.26313725490195
4.58823529411764
4.98039215686274
8.66666666666666
3.49019607843137
6.10901960784313
4
3.29411764705882
7.17254901960784
8.94627450980392
5.64705882352941
6.43176470588234
7.61490196078431
5.64078431372548
6.14666666666666
4.10627450980392
5.25803921568627
3.61921568627451
2.11764705882354
2.92980392156863
9.72549019607843
9.33333333333333
2.53764705882352
9.37254901960784
6.24941176470588
5.1956862745098
3.29411764705882
6.58823529411764
2.50980392156862
3.14901960784314
10.4313725490196
5.27058823529412
8.16196078431372
2.7843137254902
5.32196078431372
1.72549019607844
3.5686274509804
2.23529411764706
2.23529411764706
7.72588235294116
7.14705882352941
1.37254901960784
8.91686274509803
3.47490196078431
6.54509803921569
3.6078431372549
3.71411764705882
3.98431372549019
4.33019607843137
5.18745098039216
8.43137254901961
7.45098039215687
2.66666666666667
5.01960784313725
2.58823529411764
5.49019607843138
10.5882352941177
8.80627450980392
6.97254901960784
4.90980392156862
6.33176470588234
4.44235294117648
6.34274509803921
5.42470588235293
3.87098039215686
5.92156862745098
2.58823529411765
5.25529411764705
9.68627450980392
6.29058823529411
2.43137254901961
6.31372549019607
4.35294117647058
3.79999999999999
6.63843137254902
4.31372549019608
1.92156862745098
5.80392156862745
4.89803921568627
6.74509803921568
10.3529411764706
7.45098039215686
2.24705882352941
6.27450980392157
4.03921568627451
3.93333333333333
3.94549019607842
4.11764705882353
4.35294117647059
3.60392156862745
6.98039215686275
2.30980392156862
2.66666666666666
2.74509803921568
3.28823529411763
5.89450980392156
4.11764705882353
7.88235294117647
5.79254901960784
6.01647058823529
3.04745098039215
4.5521568627451
4.23529411764706
7.58980392156863
2.97647058823529
3.65803921568628
5.33411764705882
3.96470588235294
4.28549019607843
2.6
2.23529411764706
3.6078431372549
3.72549019607843
1.72549019607843
3.84313725490196
2.78431372549019
8.93921568627451
6.20705882352941
3.13686274509803
5.26588235294117
8.70588235294117
5.84313725490196
9.55725490196078
2.62745098039216
6.31372549019607
2.50980392156862
3.69607843137255
2.44745098039215
6.16862745098039
8.62745098039215
3.6078431372549
7.64705882352941
1.81803921568628
5.92156862745098
6.74117647058824
8.39725490196077
2.7321568627451
2.94117647058824
4.59333333333333
2.62745098039216
5.41176470588236
1.80392156862744
2.54901960784313
2.18078431372548
3.60745098039215
5.19647058823529
2.35607843137255
6.73372549019607
4.71764705882353
6.53372549019607
4.98039215686274
4.28627450980392
2.74549019607842
3.37254901960784
3.32196078431372
2.78431372549019
9.63529411764705
6.90196078431372
2.47058823529411
2.66666666666666
2.93411764705882
3.01960784313726
2.8121568627451
7.05882352941177
3.56862745098039
6.61607843137254
6.88470588235293
3.85411764705882
3.30666666666665
2.94117647058823
2.15686274509804
3.72549019607843
1.45098039215686
9.52039215686274
4.15686274509804
5.49019607843137
5.93333333333333
3.28901960784313
3.01960784313725
1.8156862745098
4.7843137254902
2.15686274509804
2.65803921568627
2.70627450980392
3.35215686274509
9.58666666666666
5.11450980392156
7.29019607843137
1.76470588235295
3.6356862745098
3.88352941176471
2.27450980392157
3.37176470588235
8.3921568627451
3.65803921568628
6.65882352941177
6.10627450980392
3.84313725490196
2.15686274509804
6.58823529411765
5.92156862745099
5.87098039215686
2.11372549019607
3.72549019607843
8.94117647058824
1.94039215686275
2.31372549019608
2.11764705882353
2.38823529411765
2.47058823529412
3.2156862745098
2.66666666666667
9.19490196078432
4.40980392156862
1.6235294117647
5.37254901960784
2.81960784313726
3.01960784313726
5.77254901960784
4.97647058823529
2.58823529411765
7.22078431372549
5.24352941176469
3.42352941176471
2.74509803921569
2.97843137254902
2.14549019607843
3.34509803921568
2.15294117647058
4.19607843137254
6.94117647058823
9.64313725490195
4.50078431372548
2.11764705882352
4.26313725490195
2.60470588235293
1.92156862745098
1.29411764705882
1.45098039215686
5.17647058823529
3.17647058823529
6.22392156862745
6.69372549019608
2.44313725490196
8.07843137254902
5.09843137254901
3.52941176470588
4.31411764705882
2.92980392156863
2.23529411764706
2.05019607843138
5.76470588235294
2.90196078431373
2.28549019607843
1.60392156862745
2.61019607843137
2.74509803921568
1.38588235294117
2.52274509803921
7.17647058823529
2.58823529411765
5.40039215686274
9.72549019607843
1.64705882352941
2.62745098039216
3.89098039215687
1.96078431372548
3.13725490196079
3.68627450980392
4.26980392156862
2.54901960784314
2.03921568627451
2
2.57098039215686
4.32549019607843
8.48235294117647
6.90196078431373
2.10078431372548
2.78431372549019
8.07450980392157
1.67490196078432
4.15686274509804
3.76470588235295
3.6078431372549
3.29019607843137
1.30509803921568
1.76823529411764
7.14901960784313
1.52941176470588
2.40313725490195
3.68627450980392
7.52941176470588
6.19647058823529
5.08666666666666
5.49019607843137
3.28274509803921
1.68627450980392
2.06980392156863
3.2435294117647
2.8235294117647
2.50980392156862
4.40392156862744
2.4592156862745
2.23529411764705
2.31372549019607
3.44705882352942
2.27450980392157
3.41176470588235
4.06705882352941
1.95686274509804
3.52941176470588
6.23529411764706
7.06039215686274
6.66392156862745
2.30980392156863
3.38352941176471
2.27450980392157
3.92156862745098
9.60784313725491
4.19098039215687
5.54745098039216
1.92156862745098
6.23294117647059
8.18980392156862
6.90862745098039
6.65607843137255
4.3921568627451
3.3964705882353
2.03921568627451
5.45137254901961
7.56862745098039
2.43137254901961
7.50117647058824
3.61490196078431
1.47882352941176
5.62549019607842
9.60784313725489
1.52941176470588
1.58039215686274
8.23529411764705
2.50980392156862
2.31372549019607
6.86274509803921
3.43960784313725
3.29411764705882
2.66666666666666
2.4313725490196
2.38078431372548
2.58823529411764
4.07843137254902
4.67803921568626
3.09803921568628
3.96509803921569
2.38823529411765
3.56862745098039
4.03921568627451
7.76470588235294
2.89607843137255
6.21490196078432
5.61960784313726
2.68352941176471
3.73725490196078
8.74509803921569
3.09803921568628
4.90627450980392
2
5.83921568627451
5.36509803921568
6.38823529411765
3.87607843137255
3.29411764705882
12.1341176470588
4.86274509803922
2.54509803921569
6.6835294117647
2.03921568627451
5.30588235294118
2.91843137254902
2.35294117647059
3.30627450980392
2.95764705882352
4.83137254901961
8.71764705882353
1.25490196078432
4.74509803921569
1.52941176470589
4.20823529411764
8.22392156862745
1.87843137254902
1.83921568627451
2.38078431372549
3.64549019607844
2.49686274509804
3.74196078431371
1.88235294117646
4.12862745098039
3.74039215686275
2.79607843137255
5.05882352941177
4.33019607843137
2.07843137254902
1.7764705882353
3.72156862745098
2.90196078431373
3.41176470588236
1.92156862745098
2.35882352941177
3.16549019607843
2.47058823529412
2.86274509803922
7.19450980392157
4.49882352941176
4.63098039215687
2.35294117647059
5.80392156862745
2.90196078431373
5.09803921568627
2.11490196078431
5.40039215686274
1.84313725490197
2.03921568627451
6.02941176470587
6.90196078431373
2.31372549019608
3.26588235294118
2
4.37529411764706
6.42
4.06705882352941
4.30274509803921
1.81725490196079
3.65764705882353
4.7764705882353
1.49019607843138
2.29843137254902
5.36627450980393
8.92235294117647
1.76470588235295
4.86274509803922
1.88235294117648
4.50745098039212
2.07137254901961
1.60784313725491
3.10980392156863
8.74509803921569
1.45098039215687
4.30745098039216
6.16392156862745
4.02823529411764
2
7.41176470588235
9.30901960784313
5.96078431372549
7.82705882352941
6.62352941176471
8.98039215686274
2.58823529411765
3.29411764705882
5.8478431372549
3.61960784313725
5.87607843137255
5.2156862745098
6.62745098039216
1.79254901960784
8.64039215686274
2.82352941176471
7.02274509803921
10.7337254901961
7.72549019607843
4.51686274509804
8.38627450980392
5.14
6.56705882352941
6.80235294117647
7.13725490196079
7.73725490196078
11.3725490196078
3.04745098039216
9.45803921568627
6.98039215686275
2.95294117647059
5.03137254901961
9.56901960784313
7.68627450980392
7.6313725490196
2.38078431372549
7.1521568627451
6.25764705882353
7.28392156862745
9.42823529411765
4.86274509803922
5.56862745098039
6.44156862745098
2.27450980392157
1.41921568627451
4.86274509803921
2.24627450980392
2
3.52941176470588
4.86274509803922
8.11764705882353
6.7843137254902
3.19843137254901
8.32470588235294
4.89921568627451
4.50980392156862
4.98549019607842
6.07843137254901
7.68627450980393
10.3921568627451
7.32196078431372
8.29019607843136
8.66666666666666
6.23568627450979
9.56862745098039
5.45098039215686
5.37254901960784
1.72549019607843
3.53647058823529
8.41999999999999
4.02509803921568
5.49019607843137
7.78941176470588
8.22392156862744
9.56862745098039
2.47058823529411
3.65411764705882
7.83176470588235
4.92078431372548
7.12156862745098
4.47058823529412
3.08627450980392
1.8835294117647
4.62745098039216
9.45098039215686
5.08666666666666
5.41176470588235
6.36392156862745
4.84235294117647
4.35294117647059
6.35333333333333
2.35294117647059
6.88078431372549
4.62745098039216
1.92156862745098
2.8513725490196
5.56862745098039
4.90196078431373
2.91372549019608
6.76470588235293
9.07725490196078
7.13725490196078
3.44705882352941
8.66705882352941
5.13725490196079
4.09176470588236
4.43137254901961
3.60823529411764
6.67176470588235
2.67843137254902
7.4549019607843
7.00823529411764
10.3921568627451
6.98039215686275
7.7921568627451
6.11764705882353
2.75254901960784
5.81372549019608
5.83176470588235
5.88235294117647
5.5686274509804
4.89098039215685
7.40235294117646
5.6078431372549
5.91333333333333
7.2435294117647
2.58823529411764
7.42862745098038
8
5.59647058823529
3.96078431372549
6.35294117647059
3.05882352941177
3.68627450980392
4.07843137254902
2.31372549019608
5.3756862745098
6.13098039215686
7.5756862745098
4.31372549019608
5.41176470588235
6.38117647058823
3.05882352941176
6.11607843137254
3.23960784313725
6.03921568627451
8.27450980392157
5.07058823529412
7.53137254901961
5.19294117647059
8.03921568627451
4.70588235294118
5.41176470588235
6.31372549019608
2.82352941176471
6.83725490196078
6.06313725490195
5.52941176470588
5.26666666666666
3.88235294117647
7.6078431372549
11.7764705882353
7.52980392156863
5.56862745098039
4.56705882352941
5.2156862745098
7.17686274509803
7.19294117647059
7.24823529411764
9.16509803921569
8.82352941176471
3.58509803921568
4.43843137254902
6.19647058823529
8.92980392156862
3.88235294117647
10.341568627451
5.37254901960784
3.01960784313725
3.75098039215686
2
5.2156862745098
5.00156862745097
4.27450980392157
2.03921568627451
3.6078431372549
2.35294117647059
4.96901960784313
1.99607843137255
6.47882352941176
2.62745098039215
5.09803921568628
6.98823529411764
7.41176470588236
8.99215686274509
6.15686274509804
7.15529411764705
4.50980392156862
6.83450980392157
6.8235294117647
3.54117647058823
7.61882352941177
4.15686274509804
5.9435294117647
3.2156862745098
6.73372549019607
9.68627450980393
3.80392156862746
4.32549019607842
6.44235294117646
6.86274509803921
3.33333333333333
6.69450980392157
3.72549019607843
3.70078431372549
8.27058823529411
8.97647058823529
7.05490196078431
6.74509803921569
4.09019607843137
3.78666666666666
5.12
3.75333333333333
2.36470588235294
3.05882352941177
2.82352941176471
3.07529411764706
3.12588235294118
5.46196078431373
6.35294117647059
3.01960784313725
5.6078431372549
2.98039215686274
6.47058823529412
5.69803921568627
1.45098039215686
3.6078431372549
3.80392156862745
2.15686274509803
7.3364705882353
3.80392156862745
4.82352941176471
10.2352941176471
10.2745098039216
3.6643137254902
2.73372549019608
4.50980392156863
9.49019607843137
2.19607843137255
7.37294117647058
4.15686274509804
5.67490196078431
9.09411764705882
2.3921568627451
2.56
3.58039215686274
3.71019607843137
8.06431372549019
4.29098039215686
9.56862745098039
5.00823529411764
6.89333333333333
9.02666666666666
4.60470588235294
3.43960784313725
8.03921568627451
5.42196078431372
2.26666666666666
8.22392156862745
6.98078431372548
2.11764705882352
2.66666666666667
3.80392156862745
4.62745098039215
1.56862745098039
3.88235294117647
5.13725490196079
3.45098039215686
3.68627450980392
5.68627450980393
4.50980392156863
2.70588235294118
5.06980392156863
1.76470588235294
4.31372549019608
2.89058823529412
6.43137254901961
3.79254901960784
3.92156862745098
3.05882352941176
7.36117647058823
1.68627450980393
1.5686274509804
3.2156862745098
5.09803921568627
8.83529411764706
2.32470588235294
5.65411764705882
2.47058823529411
3.47882352941176
2.74117647058824
2.02784313725489
2.94901960784313
3.6827450980392
3.25490196078431
4.4313725490196
6.19607843137254
4.0392156862745
2.6392156862745
6.34901960784314
2.58431372549019
2.31372549019607
7.55725490196078
5.3835294117647
2.1921568627451
3.80392156862745
5.73058823529411
2.65764705882353
5.92156862745098
4.86274509803922
3.01960784313726
3.69803921568627
4.54901960784314
3.6078431372549
4.50980392156862
6.31372549019607
4.56
1.96078431372549
3.01960784313726
5.45803921568627
7.1592156862745
4
2.91372549019607
4.20392156862744
3.16509803921569
7.76549019607843
5.36117647058824
5.98862745098039
3.19294117647058
2.19607843137254
6.67843137254901
2.07843137254902
6.28627450980392
2.38078431372549
2.98039215686275
5.54039215686274
2.7843137254902
4.62745098039216
6.10627450980392
3.65529411764706
1.88235294117647
6.90196078431372
3.70078431372549
3.79254901960784
6.30235294117647
5.37294117647058
4.01176470588235
4.03921568627451
3.72549019607843
4.58823529411765
3.68627450980392
4.8235294117647
2.94117647058824
3.65803921568628
3.09803921568628
4.96901960784314
3.82588235294118
2.50980392156862
3.17647058823529
4.19215686274509
2.90196078431373
4.19607843137255
5.13725490196079
4.98039215686274
5.76470588235294
2.23529411764706
3.52941176470588
2.19607843137255
2.87372549019608
2.7843137254902
5.98862745098038
3.25098039215686
11.5294117647059
4.47058823529412
3.01960784313725
5.66901960784314
3.37254901960784
6.38274509803922
2.36392156862745
2.15686274509804
2.82352941176471
2.11764705882353
2.15686274509803
4.8235294117647
2.78431372549019
5.6078431372549
4.35294117647058
6.11764705882354
5.23372549019608
6.51686274509803
2.08941176470589
6.1686274509804
4.66039215686274
2.39254901960784
2.27450980392157
4
4.03921568627451
3.05882352941176
4.74117647058824
3.01960784313726
2.73372549019608
3.39450980392156
2.54901960784313
2.82352941176471
2.4313725490196
3.13725490196078
4.98039215686274
6.19607843137255
2.84549019607843
4.11764705882353
4.69450980392157
2.74509803921569
6.15686274509804
2.98039215686275
2.74509803921569
3.52941176470588
4.12470588235294
3.13725490196079
2.74509803921569
2.43137254901961
2.43137254901961
3.74745098039215
3.83176470588235
3.37254901960785
1.88235294117647
1.17647058823529
3.13725490196078
4.94156862745097
1.89411764705882
5.67999999999998
5.5686274509804
5.89411764705882
3.07058823529412
2.07843137254902
2.93019607843136
2.70588235294118
4.51686274509804
2.27450980392157
2
5.92156862745098
2.86274509803922
4.47058823529412
8.78431372549019
2.78039215686274
2.89058823529412
2.50980392156862
7.13647058823529
5.87843137254901
5.84235294117647
2.58823529411765
9.50117647058823
8.19607843137254
6.35686274509804
3.05882352941177
2.54901960784314
3.09803921568627
8.15686274509804
2.74509803921569
4
9.01999999999999
4.32196078431372
3.05882352941176
4.32588235294117
2.47058823529412
3.68627450980392
3.22078431372548
2.10627450980392
3.05882352941176
5.51803921568627
3.13725490196078
2.47098039215686
4.06705882352941
9.51803921568627
8.42
6.66666666666667
10.4274509803922
10.3301960784314
9.45098039215687
9.76470588235294
9.73411764705882
7.2156862745098
7.76470588235294
9.13725490196078
8.3356862745098
5.14431372549019
8.28549019607842
8.90196078431372
5.29411764705883
4.6
6.56235294117648
3.41176470588236
5.29411764705882
2.94117647058824
3.50117647058823
3.96078431372549
6.58823529411765
6.39254901960784
5.4792156862745
8.01176470588235
3.2156862745098
3.59647058823529
2.70588235294118
4.00705882352941
7.77725490196077
2.89058823529412
6.7843137254902
3.13333333333333
4.47058823529411
3.85098039215686
2.74509803921569
6.49843137254902
2.98039215686275
3.52941176470588
2.03921568627451
3.33333333333334
3.72549019607843
2.62745098039216
3.33333333333334
3.36117647058823
4.31372549019608
