3.57960784313725
2.37058823529412
2.62745098039216
3.25490196078432
2.66666666666667
1.80392156862745
1.95686274509804
2.15686274509804
2.19607843137255
3.13764705882352
1.49019607843137
2
1.84313725490195
1.45098039215686
2.61607843137254
2.3921568627451
2.92980392156862
2.7843137254902
3.41176470588235
2.86274509803922
2.03921568627451
2.23529411764706
2.10627450980392
2.82352941176471
2.76274509803921
3.65803921568627
2.47058823529412
2.27450980392157
2.38078431372549
3.01960784313726
1.52549019607845
2.61019607843137
3.41176470588235
2.50980392156863
2.70588235294117
3.92156862745098
2.67764705882353
2.22392156862745
3.41176470588236
3.33607843137255
2.42941176470588
2.43137254901961
2.11764705882353
2.52156862745098
2.54901960784314
1.17647058823529
3.28705882352941
4.06313725490195
5.32196078431372
4.96313725490196
3.04549019607843
2.19607843137255
2.06823529411764
4.29647058823529
4.23529411764706
2.47058823529412
1.84313725490197
2.47058823529412
3.77568627450981
1.96078431372549
3.61960784313725
2.15686274509804
2.94117647058824
2.48235294117646
2.58823529411764
2.90196078431373
2.43137254901961
3.33333333333333
3.2156862745098
2.62745098039216
4.92980392156862
3.01568627450981
2.86274509803922
1.76470588235293
3.88235294117647
2.61607843137254
2.90470588235294
2.11764705882353
2.07843137254902
3.20431372549019
2.98039215686275
2.58823529411765
1.85098039215687
2.7843137254902
3.1764705882353
2.82352941176471
2.7843137254902
2.98039215686275
4.15686274509804
2.27450980392157
2.90196078431373
2.82352941176471
2.90627450980392
2.67450980392157
2.19607843137255
3.29411764705882
4.35294117647059
4.71764705882352
2.40392156862745
5.16509803921569
2.7843137254902
2.83999999999999
2.47058823529411
3.76980392156862
2.90196078431372
2.03529411764705
4.27450980392157
2.19607843137254
3.89333333333333
1.95686274509805
2.90588235294118
1.92156862745098
2.27450980392157
2.86274509803922
2.66666666666667
3.49019607843137
3.22666666666666
2.47058823529411
4.05098039215686
2.90196078431372
3.58039215686274
2.15686274509804
2.77294117647059
2.58823529411765
4
2.86274509803922
4.10627450980391
2.89803921568628
3.09411764705882
2.94117647058823
2.03921568627451
3.76470588235294
4.88470588235293
4.43137254901961
3.05882352941176
3.87098039215686
4.29333333333333
3.51803921568627
3.29411764705882
3.75333333333333
2.81215686274509
2.98039215686275
2.31372549019608
4.11764705882353
5.72156862745098
2.79607843137255
2.01450980392157
2.6643137254902
2.62745098039216
2.15294117647059
2.94039215686275
2.36235294117647
1.92156862745098
2.31372549019608
2.74509803921569
2.27450980392157
4.44313725490196
3.54588235294117
2.12862745098038
3.17647058823529
2.89058823529411
3.01960784313726
3.01960784313725
3.12
2.83450980392157
2.90196078431373
2.94627450980391
2.57686274509804
2.15686274509804
2.47058823529411
2.40235294117646
2.35294117647058
2.63529411764705
2.90901960784313
2.82352941176471
3.76470588235294
3.03764705882353
2.61843137254902
2.16862745098039
3.64705882352941
2.73372549019608
2.50627450980393
3.32196078431372
3.52941176470588
4.35294117647059
2.94117647058824
2.19607843137255
2.62745098039216
2.94117647058824
2.07843137254902
2.87372549019608
3.45098039215687
3.83176470588235
3.88235294117647
2.11764705882353
2.43137254901961
2.92078431372549
2.74549019607843
4.09490196078431
1.92156862745098
2.94745098039216
1.4078431372549
1.76470588235295
1.99098039215687
2.86274509803922
3.42392156862745
2.27450980392157
3.12588235294118
1.64705882352941
3.71960784313726
3.08235294117647
3.84313725490197
2.63843137254902
2.83450980392156
2.11764705882352
2.47058823529412
2.54901960784314
2.35294117647059
2.30235294117647
2.14549019607843
2.27450980392157
3.13725490196079
1.41176470588235
3.93176470588236
3.43960784313725
2.8235294117647
2.90196078431372
3.33333333333334
2.56
2.89058823529411
2.74509803921569
2.70588235294117
3.92156862745098
2.58823529411765
2.31372549019607
2.98039215686275
2.94117647058824
3.25490196078431
2.94117647058824
5.30588235294117
3.01960784313726
1.92156862745098
2.66666666666667
2.35294117647059
2.54901960784314
2.27450980392157
1.37254901960784
2.20392156862745
1.17647058823529
3.26196078431373
2.30980392156863
2.82352941176471
2.47098039215686
2.07843137254902
2
2.11764705882353
3.09803921568628
2.70588235294118
2.42
2.54901960784314
2.32078431372549
3.7
2.86274509803922
4.07843137254902
2.08627450980392
2.50980392156862
2.59999999999999
2.24627450980391
2.27450980392156
4.47058823529411
2.32470588235294
4.15686274509803
4.92980392156862
1.95686274509804
2.03921568627451
3.37254901960784
3.2156862745098
2.7843137254902
2.35294117647059
3.41176470588235
4.18470588235294
2.23529411764706
2.58823529411765
3.05882352941176
2.74509803921568
2.46666666666666
2.7843137254902
3.25490196078431
4.5670588235294
2.47058823529412
1.33333333333333
3.09803921568627
2.50980392156862
2.31372549019607
3.08666666666666
2.83529411764706
2.15686274509803
2.70588235294117
2.27450980392156
2.2313725490196
2.39215686274509
2.58823529411764
2.58823529411764
2.27450980392156
2.39215686274509
2.56
3.75333333333333
4.22823529411764
2.87450980392156
1.84313725490197
2.6235294117647
2.58823529411765
1.72862745098039
1.72549019607844
1.72549019607844
2.38078431372549
1.84313725490197
2.47058823529412
2.70627450980392
1.79254901960784
3.84313725490196
2.94117647058824
2.58823529411765
2.11764705882352
2.19607843137255
2.43137254901961
2.43137254901961
4.91411764705882
3.29411764705882
2.54901960784314
2.15686274509804
2.66666666666667
2.56
1.60784313725491
2.52156862745098
4.54901960784314
3.09803921568627
2.35294117647059
3.41176470588235
2.19607843137254
2.78431372549019
2.44823529411764
1.64705882352941
2.39215686274509
2.23529411764706
2.23529411764705
1.81176470588235
2.03921568627451
2.07843137254902
2.15686274509803
3.10901960784313
4.65529411764705
3.67490196078431
2.32156862745097
2.18470588235293
4.55686274509803
2.07843137254902
3.30509803921568
2.82352941176471
2.35294117647059
2.47058823529412
1.52941176470589
1.6078431372549
3.79254901960784
1.60784313725491
1.81490196078432
2.16235294117647
3.4078431372549
3.88235294117647
2.61019607843137
2.53764705882353
2.62745098039216
2.3921568627451
2.12
2.31372549019608
3.09803921568627
3.2156862745098
2.58823529411765
2
2.3921568627451
2.23529411764706
2.70588235294117
2.39215686274509
3.91764705882353
3.76470588235294
1.88235294117646
2.15686274509803
2.81960784313725
4.15725490196078
3.5686274509804
1.88235294117646
2.54901960784314
2.23529411764706
2.32549019607843
4.48235294117647
2.52078431372549
2.30666666666666
2.11764705882353
3.64588235294118
3.25490196078432
3.21568627450981
2.70588235294118
2.96901960784314
1.99607843137254
2.03921568627451
2.90196078431373
4.45921568627451
2.62745098039215
3.85490196078431
1.87843137254901
1.6078431372549
1.70509803921568
5.05882352941176
1.80392156862745
1.64705882352941
3.52941176470588
2.92980392156862
1.88235294117646
3.60235294117647
2.15686274509804
2.31372549019607
1.92156862745098
2.35294117647059
2.50980392156862
2.91294117647059
2.47058823529411
2.50980392156863
3.0156862745098
3.36117647058824
2.15686274509804
2.47058823529412
3.69411764705882
4.37176470588236
2.54901960784314
2.63921568627451
2.50980392156863
2.03921568627451
2.75607843137255
4.11372549019608
1.84313725490197
2.47058823529412
1.68627450980393
2.70156862745098
3.55137254901961
3.25490196078432
3.13725490196078
3.29411764705882
8.1764705882353
2.98039215686275
2.27450980392157
3.2156862745098
1.60784313725491
2.82352941176471
2.02705882352941
2.35294117647059
2.35294117647059
2.98039215686275
2.46666666666666
3.6356862745098
1.46745098039216
2.65529411764706
1.46274509803921
2.70588235294118
4.62745098039216
2.31372549019608
2.16392156862745
2.3921568627451
2.4635294117647
2.22392156862745
2.44235294117646
1.52941176470588
3.2156862745098
4
2.09019607843136
2.80941176470588
3.20431372549019
2.47058823529412
1.68235294117647
2.54901960784314
3.6078431372549
3.0078431372549
1.64705882352942
2.07843137254902
2.85372549019608
2.58823529411765
2.70588235294118
3.24313725490196
2.19607843137255
2.66666666666667
1.64705882352942
2.6
2.27333333333333
2.28313725490196
2.31372549019608
3.29411764705882
2.62745098039216
2.07843137254902
3.05882352941176
4.82980392156863
1.96078431372549
2.83999999999999
2.19607843137255
2.15686274509804
3.80392156862745
3.01960784313726
2.23529411764706
1.60784313725491
1.72549019607844
2.27450980392157
1.52941176470589
1.92156862745098
1.92156862745098
4.47058823529412
2.03921568627451
2.86274509803922
1.3686274509804
2.43137254901961
2.07843137254902
1.60784313725491
3.25490196078431
5.67490196078431
2.01098039215687
3.56862745098039
4.28627450980392
2.90196078431373
2.07450980392157
4.14666666666667
4.07843137254902
3.89411764705882
3.25490196078431
3.3443137254902
4.09529411764706
2.19607843137255
3.07529411764705
3.16509803921568
2.30980392156863
3.54117647058823
2.30823529411765
3.96117647058823
1.30156862745098
4.89882352941176
2.71372549019608
3.88235294117647
4.78039215686275
4.01882352941176
2.82352941176471
2.86274509803922
2.3921568627451
3.2156862745098
3.09803921568627
2.81254901960784
3.18431372549019
6.90196078431372
2.27450980392157
4.38078431372549
3.13725490196078
2.06705882352941
2.53764705882353
4.79607843137255
3.19843137254902
3.84313725490196
1.96078431372549
2.50980392156863
2.43137254901961
2.87372549019608
2.07843137254902
2.7843137254902
3.49019607843137
3.29019607843137
2.07843137254902
1.1764705882353
3.56862745098039
1.96078431372549
2.05803921568627
2.19607843137255
4
5.44627450980392
3.6078431372549
1.84313725490196
5.22666666666666
2.76784313725489
2.73647058823529
3.25490196078431
3.09803921568627
5.1764705882353
6.67450980392156
3.61882352941176
3.76470588235293
4.19647058823528
3.72549019607843
4.92980392156862
2.58823529411764
2.86274509803921
2.23529411764705
2.54901960784313
4.28549019607843
3.65882352941177
3.32196078431372
3.46666666666666
4.31372549019608
5.01686274509803
2.27450980392157
2.27450980392157
4.19215686274509
2.31372549019608
2.58823529411765
2.47058823529412
1.95294117647059
2.03529411764707
2.90196078431373
4.69490196078432
2.54901960784314
2.44235294117647
2.09490196078431
2.43137254901961
3.68627450980392
4
1.80392156862746
2.50588235294118
2.9207843137255
1.80392156862746
2.83450980392157
3.7607843137255
3.33333333333333
2.98039215686274
3.50117647058823
3.3121568627451
4.02392156862744
2.50980392156863
3.89333333333334
2.74509803921569
2.62509803921569
3.05490196078431
3.92156862745098
3.99607843137255
1.87843137254902
3.90627450980392
3.92156862745098
7.01960784313726
2.85882352941177
2.93019607843138
2.91294117647059
2.47058823529412
3.56862745098039
3.57372549019607
2.70235294117646
2.99921568627451
2.86274509803921
3.45098039215686
2.94117647058824
2.31372549019608
3.14823529411765
2.58823529411765
2.66666666666667
3.46196078431373
2.18470588235294
2.11764705882353
2.28549019607843
2.15686274509804
2.35294117647059
2.86274509803922
1.49019607843138
2.62745098039216
3.43725490196078
3.46196078431372
2.39254901960784
2.11764705882353
3.13725490196078
2.27450980392157
2.70588235294118
2.98980392156863
3.76470588235295
5.1764705882353
3.21568627450981
3.49019607843138
3.1764705882353
3.05882352941176
4.23529411764706
3.83921568627451
4.23137254901961
2.54901960784314
2.74509803921569
3.13725490196078
2.07843137254902
2.66274509803921
2.62745098039215
4.58823529411764
5.83921568627451
4.51450980392156
2.90196078431373
2.86274509803922
3.65882352941176
3.87098039215686
3.88313725490196
3.58745098039215
4.82392156862745
5.55725490196078
2.43137254901961
2.70588235294117
3.37254901960784
4.83450980392157
2.51450980392157
3.12588235294117
2.58823529411765
2.35294117647059
2.11333333333334
1.87333333333334
2.70588235294118
2.35294117647059
2.27450980392157
1.96078431372549
3.49019607843137
2.98039215686275
3.11450980392156
1.52941176470589
2.80392156862745
1.99333333333333
2.54901960784313
3.80392156862745
4.38078431372548
5.38431372549019
2.99137254901961
4.56
3.20431372549019
3.68627450980392
4.23529411764706
2.58823529411764
3.76078431372548
2.98039215686275
2.81960784313725
2.63921568627451
3.09882352941177
6.02784313725491
3.45098039215686
3.24352941176471
3.46509803921568
3.33764705882352
2.28627450980391
3.46274509803922
3.56862745098039
3.37254901960784
5.22745098039215
4.35294117647059
3.93333333333333
4.30274509803921
2.38823529411765
2.54901960784314
3.41176470588235
2.86274509803922
2.07843137254901
2.4313725490196
1.99999999999999
2.4313725490196
2.16470588235294
3.21176470588236
3.17647058823529
2.43137254901961
2.27450980392157
2.18470588235294
3.6078431372549
3.79254901960784
1.88235294117647
2.3921568627451
3.32431372549019
1.72549019607844
3.68627450980392
2.94117647058823
3.5686274509804
6.86980392156863
6.4313725490196
2.1313725490196
2.45921568627451
3.15137254901961
4.62745098039216
2.15686274509804
4.31372549019608
3.22666666666667
3.30509803921569
5.18823529411765
2.27450980392157
2.35294117647059
2.75607843137255
2.82352941176471
3.6078431372549
3.7756862745098
3.69803921568627
3.56901960784313
3.99686274509804
3.6078431372549
3.22745098039215
2.79529411764706
3.85058823529411
3.09803921568627
1.92156862745098
3.76627450980392
3.13254901960784
2.15686274509804
1.48627450980392
2.15686274509804
2.70588235294118
1.92156862745098
2.27450980392157
2.97647058823529
3.25490196078431
3.13725490196078
2.54901960784313
3.01960784313725
3.09803921568628
3.33333333333334
1.72549019607844
2.73372549019607
3.1764705882353
3.72549019607843
3.95686274509803
3.68627450980392
3.45098039215686
3.75333333333333
1.96078431372549
1.37254901960785
2.92980392156862
3.17647058823529
4.8235294117647
2.23529411764706
3.72549019607843
2.56078431372549
2.94117647058824
2.66666666666667
1.88235294117647
2.27450980392157
1.99803921568627
2.58823529411765
2.89058823529411
3.6356862745098
3.01960784313726
2.74509803921569
3.98862745098039
3.43960784313725
2.74509803921569
4.00392156862746
3.68627450980392
3.05882352941176
3.33333333333333
3.25490196078431
2.3921568627451
3.33333333333334
3.49019607843137
2.70627450980391
2.43137254901961
3.01960784313725
2.56
2.82352941176471
4.07843137254902
2.89058823529412
1.52549019607843
2.58823529411765
3.23215686274509
3.3443137254902
2.11764705882353
2.67843137254902
3.33999999999999
1.84313725490197
3.92156862745099
3.60784313725491
4.11764705882353
2.70588235294118
1.84313725490196
3.86666666666666
2.90196078431373
3.83176470588235
2.42745098039216
1.88235294117647
3.49019607843137
3.25490196078431
3.25490196078431
2.32156862745098
2.66666666666667
2.15686274509804
2.74509803921569
2.32470588235294
3.25490196078431
3.65882352941176
3.05882352941176
3.6078431372549
3.7764705882353
4.11764705882353
4.36392156862745
3.43960784313725
3.64313725490196
3.84313725490196
3.49019607843137
2.78431372549019
4.15686274509804
3.41176470588235
2.62745098039216
3.33333333333333
3.37254901960784
3.09803921568627
3.01960784313726
3.41176470588235
3.72549019607843
3.76470588235294
2.70588235294118
3.45098039215687
2.74509803921568
3.29411764705883
3.2156862745098
4.15686274509804
3.51803921568627
6.2356862745098
4.11764705882353
3.41725490196078
4.77294117647059
3.01960784313725
2.49843137254902
2.31372549019608
2.11764705882353
2.23529411764706
2.19607843137255
2.19607843137255
3.37254901960784
3.13725490196079
3.32196078431372
2.11764705882353
3.05882352941177
3.12588235294117
2.74509803921569
2.19607843137255
3.80431372549019
2.81215686274509
2.19607843137255
2.54901960784314
4.07843137254902
4.74509803921568
3.01960784313725
3.44705882352941
3.29411764705882
3.37254901960784
3.09803921568628
2.43137254901961
3.17647058823529
3.29411764705882
3.29411764705882
2.97647058823529
3.55725490196078
2.50588235294117
3.6356862745098
3.45098039215686
3.33333333333333
3.92941176470588
3.29411764705882
3.56862745098039
3.09803921568628
4.05019607843137
3.01960784313725
3.17647058823529
3.01960784313726
2.94117647058824
4.27450980392156
4.08549019607843
4
2.50980392156863
1.13725490196078
1.82235294117647
2.62745098039216
1.96078431372549
2.51294117647059
2.60470588235294
2.35294117647059
2.35294117647059
2.15686274509804
1.88235294117647
2.50980392156863
2.90196078431373
2.30235294117647
1.96078431372549
1.92156862745098
2.15294117647059
2.78431372549019
3.96117647058823
3.25490196078431
3.80392156862745
2.62745098039216
2.94117647058824
3.76470588235294
3.73490196078431
2.94117647058823
2.98039215686274
3.09803921568628
2.79529411764706
2.48235294117647
2.23529411764706
3.45098039215686
3.29411764705882
2.74509803921568
3.16509803921568
4.11764705882353
4.52078431372549
3.4078431372549
4.11764705882353
3.29411764705883
3.72549019607843
2.8235294117647
2.62745098039216
3.5686274509804
3.41176470588236
3.92156862745098
2.50980392156863
3.64705882352941
3.67490196078431
3.22745098039216
2.31372549019608
3.14509803921568
3.13725490196079
2.99294117647058
2.66666666666667
3.37254901960784
3.00823529411764
2.3921568627451
2.38078431372549
2.85882352941176
2.66666666666666
2.11764705882353
2.11490196078431
2.07843137254902
2.36470588235294
2.44
1.80392156862745
3.13333333333334
3.29411764705882
2.7843137254902
2.98039215686275
3.35725490196079
3.69725490196078
3.01882352941176
3.11647058823529
3.13725490196079
3.13725490196078
2.98039215686274
2.67764705882353
3.29411764705883
2.8235294117647
4.54901960784314
3.37254901960784
4.19607843137255
3.92156862745098
3.01960784313725
4.54901960784314
2.82352941176471
3.37254901960784
2.30980392156863
2.7843137254902
3.37254901960784
3.09803921568628
4.19607843137255
3.49019607843137
3.33333333333333
