7.38980392156862
2.86274509803921
1.64705882352941
7.84313725490196
8.30980392156862
1.37254901960784
6.54901960784314
1.17490196078431
4.65529411764705
10.3529411764706
0.941176470588234
1.2156862745098
1.68627450980392
0.805882352941172
6.47058823529412
7.33333333333334
7.88039215686275
2.86274509803922
4.64627450980393
3.14666666666666
7.52549019607843
0.941176470588232
6.03921568627451
5.45725490196077
8.03921568627451
9.80392156862745
9.91372549019608
4.27450980392157
1.45098039215686
6.40274509803922
3.42039215686275
4.74509803921569
7.38352941176471
6.90196078431373
8.71607843137253
10.5925490196078
4.86156862745098
1.5686274509804
5.85490196078432
9.94941176470588
2.15686274509804
3.68235294117646
8.33372549019607
4.03098039215686
7.36392156862744
1.01960784313725
1.6078431372549
11.0588235294118
9.37254901960784
6.26117647058823
10.66
0.980392156862742
1.09803921568627
9.18823529411764
9.6078431372549
3.25490196078431
8.15686274509804
1.45098039215686
10.3921568627451
1.05450980392156
10.4592156862745
4.03921568627451
4.53764705882353
4.07843137254903
3.99764705882354
9.13725490196079
5.41176470588236
8.6556862745098
8.50980392156862
6.48470588235294
10.7556862745098
10.0713725490196
10.8627450980392
4.19058823529411
8.05843137254902
9.60392156862745
6.79607843137255
5.84313725490197
3.43137254901962
8.35294117647059
3.58823529411765
7.28313725490196
2.98039215686275
2.87411764705883
10.1176470588235
10.1082352941176
4.86274509803922
8.51019607843137
8.86274509803922
6.23529411764706
2.5356862745098
6.27450980392157
10.4313725490196
8.70588235294118
2.01647058823528
2.90196078431372
5.43254901960784
10.6823529411765
5.67725490196078
10.3360784313725
6.74235294117647
6.76431372549019
5.83019607843137
7.49450980392155
4.27450980392157
3.29411764705882
12.561568627451
4.62745098039216
8.90196078431373
2.74117647058824
8
2.8121568627451
4.31372549019608
1.45098039215687
1.37254901960785
7.1764705882353
9.37254901960784
1.46117647058821
11.4447058823529
4.70196078431369
8.8478431372549
4.58823529411764
4.65529411764705
4.66666666666666
5.41176470588235
9.33333333333333
10.3921568627451
9.68941176470588
1.80392156862745
4.3921568627451
1.69803921568628
6.7843137254902
11.9607843137255
10.9803921568627
7.97254901960784
7.21607843137254
10.5541176470588
4.89058823529412
5.72156862745098
9.96078431372549
5.8713725490196
10.8498039215686
3.37254901960784
6.28627450980391
11.4117647058823
9.64431372549019
1.39490196078431
7.14823529411765
2.57254901960784
2.62745098039215
4.4878431372549
3.78156862745097
0.862745098039213
3.33333333333333
4.66666666666667
9.6078431372549
11.8109803921569
9.6078431372549
2.44235294117647
8.18470588235294
5.25490196078432
2.62745098039216
5.2156862745098
4.70588235294118
7.60784313725491
3.16235294117646
8.19490196078432
2.6313725490196
2.00000000000001
5.21607843137254
2.81843137254901
10.9803921568627
6.65529411764705
8.74509803921568
6.09450980392156
8.78431372549019
2.66666666666666
2.07843137254902
4.82352941176471
10.0058823529412
1.52941176470588
3.25490196078431
6.48156862745098
3.6078431372549
5.45098039215686
2.86274509803921
1.25490196078431
3.96078431372549
8.16862745098038
0.823529411764703
4.13647058823529
5.29411764705883
4.62745098039215
8.65529411764705
2.69450980392156
1.88235294117647
5.20431372549019
7.96078431372549
8.15843137254901
1.49019607843137
9.44705882352941
1.49019607843137
2.1
1.68627450980392
5.06980392156863
11.1372549019608
4.69999999999999
10.521568627451
2.23529411764706
5.79254901960784
7.36980392156863
9.6
3.5686274509804
3.25490196078432
4.31686274509804
2.27450980392157
5.88235294117648
2.70588235294117
3.2435294117647
5.9607843137255
4.58823529411764
7.23372549019607
2.12980392156863
9.6078431372549
5.87098039215686
9.04196078431372
7.03058823529411
4.76705882352941
3.6592156862745
6.94117647058823
6.30235294117646
1.96078431372548
12.3372549019608
9.96078431372549
1.64705882352941
1.84313725490195
1.67490196078432
4.47058823529412
2.32745098039215
9.5
1.52941176470588
1.13725490196078
4.8356862745098
1.6078431372549
2.54901960784313
2.19607843137254
1.29411764705882
2.98039215686275
0.745098039215684
7.15803921568627
1.69254901960783
7.96078431372549
4.8235294117647
5.41176470588235
2.5756862745098
1.09803921568627
7.08941176470588
5.4513725490196
1.28274509803921
1.80392156862746
2.94117647058823
11.2941176470588
2.35294117647059
8.2078431372549
1.32196078431373
4.64431372549019
4.03921568627452
2.03921568627452
5.00823529411765
8.94117647058824
2.23529411764706
7.08666666666667
4.09019607843137
4.78431372549019
1.29411764705883
10.7058823529412
8.28431372549019
9.65607843137254
1.5686274509804
2.15686274509804
11.1592156862745
1.29411764705883
2.96313725490196
2.45333333333334
3.55725490196079
6.2886274509804
4.86274509803922
1.97176470588236
9.2156862745098
2.04196078431372
1.09803921568627
3.79725490196078
2.78431372549019
2.54901960784313
6.19607843137255
4.54509803921569
2.47058823529411
4.22078431372548
2.39215686274509
4.07843137254902
1.49019607843137
4.50980392156862
1.17647058823529
4.86313725490196
1.64862745098038
4.13607843137254
8.15450980392156
11.0011764705882
6.3921568627451
1.09803921568627
4.22392156862745
1.29411764705882
1.73999999999999
0.745098039215684
0.72392156862745
8.12549019607843
4.11764705882353
7.7756862745098
9.71411764705882
1.68627450980393
7.16627450980392
8.58823529411765
3.2278431372549
6.756862745098
4.85137254901961
1.64705882352942
1.26588235294118
9.41725490196078
1.68627450980392
4.0498039215686
1.13725490196078
1.60784313725491
2.62745098039215
0.705882352941174
3.1835294117647
10.4819607843137
1.88235294117646
4.15686274509804
10.7843137254902
1.30509803921568
1.57647058823529
4.03960784313724
1.09803921568627
2.27450980392157
1.50117647058823
4.57686274509803
5.20392156862745
5.72549019607843
1.52941176470588
1.68627450980392
2.53803921568626
9.52941176470588
9.22823529411764
2
1.96078431372549
7.12196078431373
1.11254901960784
4.50980392156862
2.86274509803921
2.01725490196078
4.19607843137255
0.862745098039213
0.819607843137251
10.5490196078431
0.941176470588232
4.28627450980392
2.57098039215686
9.88235294117647
5.08235294117647
7.47254901960784
8.07294117647059
2.70588235294118
1.55725490196078
1.21568627450981
5.70078431372549
3.0313725490196
1.96078431372548
5.67490196078431
1.17647058823529
2.53960784313725
1.56862745098039
3.54117647058823
2.11764705882353
5.45607843137254
2.15686274509803
1.25490196078431
2.49490196078431
7.05882352941176
6.75294117647058
5.27372549019607
2.19607843137255
2.93725490196078
1.56862745098039
3.52941176470588
10.8333333333333
4.94627450980392
8.90196078431372
1.36862745098038
8.94117647058823
10.078431372549
9.13725490196078
8.72156862745097
3.84313725490195
1.76470588235293
1.25490196078431
4.47098039215685
6.54901960784313
1.25490196078431
10.156862745098
3.50117647058823
0.980392156862742
7.35450980392157
10.9411764705882
1.76470588235294
0.980392156862742
6.98039215686274
1.96078431372549
1.64705882352941
7.09803921568628
3.21568627450981
1.9435294117647
6.89490196078431
3.96627450980391
1.6078431372549
3.88313725490195
2.90196078431372
7.26
2.19607843137254
2.31372549019607
1.49019607843137
3.05882352941176
2.77294117647059
4.39372549019607
2.08627450980392
2.62431372549018
3.56862745098039
1.56470588235294
2.95294117647059
10.1592156862745
2.47843137254901
5.7364705882353
1.37254901960784
4.62745098039215
5.25490196078431
6.29607843137253
3.49019607843137
2.6627450980392
13.7078431372549
6.04980392156862
1.69803921568627
5.72549019607843
1.49019607843137
5.73960784313725
2.31372549019607
1.68627450980392
3.64313725490195
1.63568627450979
3.25490196078431
11.2156862745098
1.05882352941176
5.30588235294117
1.09803921568627
3.2156862745098
8.8478431372549
1.37254901960784
1.13725490196078
1.37254901960784
6.03921568627451
1.49529411764705
8.69058823529412
1.29411764705882
3.83215686274509
4.50980392156862
2.43764705882352
3.08235294117646
4.98039215686274
1.52941176470588
1.52941176470589
3.64705882352941
2.16470588235294
2.35294117647059
1.33333333333333
1.96078431372548
2.66666666666667
2
2.22392156862745
7.76470588235294
3.73803921568626
9.13725490196079
1.2156862745098
4.66666666666666
4.23137254901961
6.23529411764707
1.2156862745098
5.21568627450981
1.49019607843138
1.52941176470589
7.9607843137255
7.78980392156863
1.29411764705882
3.72549019607844
1.29411764705882
3.45098039215687
8.6392156862745
3.92156862745097
6.8235294117647
0.862745098039213
5.52941176470588
6.57607843137254
0.980392156862742
1.43372549019607
5.83176470588235
9.69803921568625
1.17647058823529
7.72549019607843
1.05882352941176
5.56470588235293
3.05882352941176
1.01960784313725
2
11.5686274509804
1.93333333333333
7.49019607843137
8.35294117647059
2.50980392156863
2.03921568627452
9.05529411764705
9.20431372549019
1.92156862745098
7.63411764705883
6.45960784313725
6.82352941176471
1.88235294117648
2.43882352941177
4.44313725490196
3.72549019607844
4.86274509803922
1.84352941176471
8.66666666666667
1.25490196078432
11.02
1.5686274509804
3.76470588235294
12.3003921568627
9.59960784313725
7.25490196078432
9.14235294117646
5.26745098039216
7.85294117647058
9.26588235294118
7.01686274509804
10.443137254902
13.4117647058824
5.53450980392157
11.921568627451
8.19607843137255
1.37254901960785
4.22392156862744
11.3294117647059
9.3956862745098
10.0925490196078
2.25843137254899
7.94470588235293
6.36509803921568
8.44313725490195
10.6356862745098
5.31372549019608
6.29490196078432
7.49019607843138
1.92980392156863
1.09803921568627
5.93803921568627
1.76470588235295
2.34901960784314
1.94039215686275
7.14117647058823
9.60549019607842
7.02039215686275
1.21019607843138
9.29019607843137
1.76470588235294
1.88235294117647
2.52078431372549
1.80392156862745
9.92156862745098
12.6666666666667
9.37254901960784
5.65803921568627
8.75607843137255
8.06235294117647
11.3498039215686
6.40392156862745
6.68313725490196
1.5686274509804
3.13254901960784
7.01960784313726
2.01137254901961
5.84313725490196
9.07176470588235
9.97254901960784
11.6282352941176
1.29411764705883
4.74509803921569
9.75333333333333
5.68039215686274
7.54117647058824
2.8121568627451
2.20274509803922
1.25490196078432
4.7843137254902
11.721568627451
7.15372549019607
4.58823529411765
8.55999999999999
8.29843137254901
5.41176470588236
8.52156862745098
3.25490196078432
8.0278431372549
8.02156862745097
2.03921568627451
3.99529411764706
5.93372549019608
7.92156862745098
2.0392156862745
9.37254901960784
7.56862745098039
7.75333333333333
2.0192156862745
8.27450980392157
3.88235294117647
6.0278431372549
3.37254901960784
2.62745098039215
5.09803921568627
1.2156862745098
7.09882352941176
8.47058823529411
10.8513725490196
7.2156862745098
10.1960784313725
8.47058823529411
2.3478431372549
8.27058823529411
6.98039215686274
5.5843137254902
8.02274509803921
3.88078431372549
9.23490196078432
7.29411764705883
6.72862745098039
7.71803921568628
1.80823529411762
9.09803921568628
10.5862745098039
8.63921568627451
4
7.14745098039216
1.72549019607844
4.9921568627451
4.66666666666667
1.76470588235295
5.25490196078432
8.82352941176471
8.31372549019608
4.71686274509804
3.80039215686274
7.66745098039216
2.54901960784314
8.79607843137255
2.34901960784315
9.80392156862745
5.92156862745098
4.36549019607843
8.27490196078431
5.09803921568627
7.96078431372549
2.4313725490196
4.1678431372549
6.05215686274509
2.47058823529412
6.74509803921568
6.62745098039216
8.39215686274511
3.21568627450981
3.45098039215687
8.28156862745098
14.8627450980392
8.06117647058823
3.16509803921569
3.04745098039216
6.2078431372549
7.01960784313726
10.756862745098
10.9372549019608
11.8823529411765
11.0588235294118
5.04745098039215
5.30117647058823
10.5490196078431
11.4117647058824
7.25490196078431
11.7254901960784
6
2.15686274509804
7.37254901960785
1.52941176470589
7.96078431372549
5.55725490196078
3.83647058823529
1.21568627450981
5.11882352941177
1.84313725490197
7.91019607843137
1.6913725490196
10.156862745098
2.50980392156863
9.01960784313725
9.92156862745098
10.1960784313725
9.96078431372549
4.07843137254902
6.13960784313725
3.47882352941176
4.67843137254902
7.7443137254902
2.45921568627451
6.87372549019608
2.3921568627451
7.84313725490196
1.92156862745098
8.82352941176471
11.4396078431373
3.30509803921569
2.48235294117647
6.01019607843136
8.07843137254902
2.71686274509804
3.89333333333333
2.65529411764706
2.98039215686275
9.02470588235293
10.42
9.80392156862745
9.64313725490196
5.05882352941177
4.58823529411765
4.43411764705883
6.7592156862745
2.48156862745097
3.25490196078431
1.72549019607843
4.19215686274509
4.11764705882352
6.07843137254902
9.12666666666667
2.8235294117647
8.54901960784314
5.4235294117647
7.57960784313725
9.91019607843137
1.2156862745098
5.05882352941177
5.84313725490196
2.52156862745098
10.7803921568627
4.00784313725489
9.33843137254901
8.94117647058823
10.0392156862745
1.45098039215686
1.92156862745098
2.0392156862745
11.4619607843137
1.52941176470588
9.55294117647058
5.09843137254901
6.23215686274509
9.2156862745098
1.83176470588234
2.35333333333332
3.26666666666666
6.11764705882352
9.09803921568627
4.50980392156862
9.16509803921568
3.41176470588235
7.96078431372549
8.4313725490196
4.43647058823528
2.33764705882353
11.0145098039216
8.7843137254902
1.49019607843137
10.4705882352941
9.49019607843137
1.84313725490197
2.07843137254902
3.68627450980392
5.73725490196079
1.37254901960785
4.19607843137255
6.7921568627451
2.50980392156863
5.2556862745098
6.83058823529412
9.32901960784313
1.76470588235295
7.01960784313726
1.64705882352942
4.6278431372549
2.78745098039215
9.88235294117647
4.96470588235294
5.32196078431373
4.94117647058824
9.36470588235294
1.33333333333334
1.29411764705883
2.61176470588235
2.82352941176471
8.18392156862745
1.81490196078432
4.61960784313725
1.92156862745098
1.99607843137255
2.14549019607843
1.37254901960785
3.72588235294117
6.74549019607843
1.49019607843138
8.50588235294118
8.25725490196078
4.90470588235294
2
8.10627450980392
2.19607843137255
2.01176470588236
6.70627450980392
3.96078431372549
1.68627450980393
8.94117647058824
7.05882352941177
2.07843137254901
6.91372549019607
5.07529411764705
2.74509803921568
3.56862745098039
3.36862745098039
4.16862745098039
5.52941176470588
7.40039215686274
4.67176470588235
1.72549019607844
3.92156862745098
9.58745098039215
10.8254901960784
5.87098039215686
5.29411764705883
6.03921568627451
2.66666666666667
9.55725490196078
9.19843137254901
6.33568627450981
1.61568627450981
1.28274509803921
5.49019607843137
1.6078431372549
2.74549019607843
1.83176470588235
1.45098039215686
6.35999999999999
1.88235294117646
4.48156862745097
4.83568627450979
1.68627450980392
1.56862745098039
8.8235294117647
5.41176470588235
6.0392156862745
8.70588235294117
6.12470588235293
6.15686274509804
4.45921568627451
2.70588235294118
7.8713725490196
2.47058823529411
5.49019607843137
2.27450980392156
3.68627450980392
3.25098039215686
7.68117647058824
3.05882352941177
2.07843137254902
2.27450980392157
4.39254901960784
2.31372549019608
5.88235294117647
8.43137254901961
6.61607843137255
8.14549019607843
2.4435294117647
6.5992156862745
1.68627450980393
2.58823529411765
2.23529411764706
9.40039215686275
7.58431372549019
13.6862745098039
4.27450980392157
4.35294117647059
8.35294117647059
1.72549019607843
5.73647058823529
1.52941176470588
1.95058823529411
1.88235294117648
1.80392156862746
1.49019607843138
4.87372549019608
2.03921568627451
6.81960784313726
3.83176470588235
3.25490196078432
7.37254901960784
9.38901960784314
1.49019607843137
6.83529411764706
5.37254901960785
1.72549019607843
1.68627450980392
3.33333333333333
3.01960784313725
2.23137254901961
6.85098039215686
2.62745098039216
3.49019607843138
4.2078431372549
2.23529411764706
4.57686274509804
2.35294117647059
5.95882352941172
7.94509803921569
9.11450980392157
4.90196078431373
5.42274509803922
7.30627450980391
2.15686274509804
8.60588235294115
2.35294117647058
1.99999999999999
5.99607843137254
6.89058823529412
4.15686274509804
2.23529411764706
2.11764705882353
2.27450980392157
3.56862745098039
3.72588235294117
4.57686274509804
1.88235294117648
0.941176470588236
1.1764705882353
7.95450980392157
2.27450980392157
6.77294117647059
8.7843137254902
3.19294117647058
2.4313725490196
1.76470588235293
3.85960784313724
3.70980392156862
7.51803921568627
1.84313725490195
1.68627450980392
9.35019607843136
3.80392156862744
2.35294117647059
10.6274509803922
2.11764705882353
2.3921568627451
4.7843137254902
10.2356862745098
6.56705882352941
6.70588235294118
3.93254901960784
12.1176470588235
12.8235294117647
6.73372549019607
3.68627450980391
2.11764705882353
2.31372549019608
9.6
2.0392156862745
5.40156862745097
11.2827450980392
7.17254901960784
4.05019607843137
7.00470588235293
1.92156862745098
3.92156862745098
4.47058823529411
1.84313725490195
7.79607843137255
8.65529411764706
2.66666666666667
2.03921568627451
5.08666666666666
8.71372549019607
4.62745098039215
4.02431372549016
10.7450980392157
8.56
7.09803921568627
8.07843137254902
10.576862745098
9.84313725490196
5.72549019607843
9.51803921568628
8.67843137254902
4.19607843137255
9.8
9.76470588235295
6.40509803921567
4.38823529411765
8.07843137254902
4.58823529411764
2.27450980392156
2.11764705882352
4.41999999999999
6.15686274509803
7.84313725490196
8.27960784313724
8.41411764705882
11.1764705882353
2.90196078431372
3.49019607843137
2.15686274509804
2.58823529411764
11.2376470588235
3.33333333333333
7.49019607843137
2.07843137254902
6.49843137254902
7.13725490196078
3.42274509803921
9.72549019607843
2.07843137254902
2.74509803921568
1.92156862745098
3.88235294117647
9.31058823529411
3.60784313725489
2.11764705882352
4.90196078431372
6.57686274509804
