42.2631372549019
37.1007843137255
43.8905882352941
42.2745098039216
44.3254901960784
36.3137254901961
49.0588235294118
29.4117647058823
48.7176470588235
42.2745098039216
28.1670588235294
27.8521568627451
38.6274509803922
37.2196078431372
45.5572549019608
42.48
38.9258823529412
39.1490196078431
43.4513725490196
36.498431372549
44.1686274509804
37.2941176470588
35.5686274509804
45.6243137254902
46.3137254901961
43.9960784313725
42.6235294117647
40.9019607843137
42.7843137254902
43.7258823529412
38.7847058823529
44.3098039215686
43.2666666666667
48.8588235294118
48.0392156862745
38.7235294117647
42.0392156862745
34.6274509803922
43.4235294117647
42.9019607843137
28.5313725490196
40
41.1549019607843
36.7188235294118
43.5572549019608
38.1870588235294
41.0588235294118
41.1372549019608
46.7450980392157
51.2043137254902
45.3223529411765
36.6274509803922
41.6078431372549
42.8862745098039
41.7141176470588
46.2470588235294
43.4980392156863
47.7635294117647
45.9494117647059
37.5929411764706
43.4627450980392
37.0866666666667
42.3019607843137
47.0313725490196
40.7058823529412
40.478431372549
37.0474509803922
48.0670588235294
41.4509803921569
38.678431372549
42.6274509803922
47.6152941176471
47.8156862745098
41.2160784313725
38.8980392156863
42.9529411764706
44.3254901960784
35.3725490196078
38.1533333333333
44.3647058823529
37.6078431372549
53.8823529411765
35.0713725490196
36.4478431372549
44.5278431372549
38.1180392156863
39.2509803921569
38.576862745098
40.2611764705882
45.6772549019608
53.7254901960784
48.4705882352941
45.3333333333333
43.62
37.9607843137255
47.4650980392157
44.9372549019608
45.2941176470588
37.758431372549
36.2439215686274
37.2509803921569
43.6521568627451
47.4117647058823
46.9411764705882
36.7450980392157
40.5882352941176
44.8690196078431
39.3333333333333
34.7803921568627
46.4945098039216
52.3647058823529
42.3647058823529
35.6470588235294
38.7486274509804
35.176862745098
38.4592156862745
39.0196078431373
44.0788235294118
46.4705882352941
46.5498039215686
43.3901960784314
49.3333333333333
39.7254901960784
48.7450980392157
41.9886274509804
46.3254901960784
45.2941176470588
42.0003921568627
44.6403921568627
45.8823529411765
42.2352941176471
40.2462745098039
36.7058823529412
37.4352941176471
38.0149019607843
34.1850980392157
44.7917647058824
39.8435294117647
45.8823529411765
46.6278431372549
47.2827450980392
49.4509803921569
44.0901960784314
40.2705882352941
40.1572549019608
37.4003921568627
29.6470588235294
38.1803921568627
15.7172549019608
34.9854901960784
30.1196078431373
27.4509803921569
25.1564705882353
33.7647058823529
44.7411764705882
50.443137254902
49.9607843137255
41.2941176470588
39.5133333333333
48.8905882352941
43.8466666666666
40.2352941176471
38.0392156862745
44.1137254901961
45.2666666666667
44.9098039215686
50.8705882352941
37.1388235294118
39.7141176470588
42.8549019607843
42.9803921568627
49.7141176470588
48.1882352941176
40.0486274509804
46.2745098039216
43.7921568627451
43.6078431372549
41.9607843137255
38.9019607843137
38.8360784313725
37.0027450980392
32.8643137254902
41.0549019607843
38.2635294117647
37.6862745098039
33.0733333333333
39.8317647058823
41.5921568627451
40.1494117647059
26.5490196078431
34.5211764705882
29.9011764705882
44.9803921568627
45.5607843137255
37.4117647058823
32.4501960784314
41.4235294117647
40.7180392156863
41.843137254902
37.6078431372549
31.3725490196078
29.3333333333333
32.4313725490196
35.3501960784314
48.8627450980392
41.5533333333333
38.498431372549
43.4525490196078
43.0360784313725
33.1372549019608
38.5882352941176
36.9023529411765
44.6666666666667
38.1074509803922
37.883137254902
33.0156862745098
47.4325490196078
38.3494117647059
39.0866666666667
37.6870588235294
40.1827450980392
42.6274509803922
45.4235294117647
41.6470588235294
42.42
43.9333333333333
48.156862745098
39.2
38.3921568627451
53.8709803921569
46.9690196078431
40.1447058823529
48.156862745098
39.0313725490196
34.878431372549
20.4823529411765
39.3725490196078
46.6552941176471
48.7450980392157
44.1686274509804
42.9803921568627
40.2352941176471
48.5301960784314
43.8274509803922
34.5027450980392
23.1301960784314
21.2756862745098
19.9345098039216
26.1725490196078
50.0788235294118
48.2352941176471
41.998431372549
33.7478431372549
38.2745098039216
41.9443137254902
28.1901960784314
50.9411764705882
44.7843137254902
35.2945098039216
13.6247058823529
33.2462745098039
49.7925490196078
43.2898039215686
42.5482352941176
32.1196078431372
47.3725490196078
46.5780392156863
32.2682352941176
42.996862745098
41.0588235294118
42.3137254901961
42.5376470588235
43.921568627451
41.7749019607843
40.5725490196078
43.6980392156863
37.6647058823529
40.1960784313725
35.9058823529412
28.0670588235294
46.9019607843137
33.5709803921568
36.6274509803922
18.6278431372549
39.8156862745098
43.0980392156863
47.1588235294118
28.5913725490196
51.1650980392157
47.74
42.02
43.2549019607843
42.0670588235294
20.621568627451
38.0156862745098
41.6454901960784
40
51.0588235294118
47.0996078431373
41.4862745098039
33.8156862745098
38.0392156862745
28.1686274509804
34.4698039215686
41.5803921568627
43.3219607843137
46.678431372549
47.2003921568627
46.5050980392157
39.4164705882353
34.6274509803922
34.418431372549
33.883137254902
24.1796078431372
42.0835294117647
46.3333333333333
44.6666666666667
42.8866666666667
52.7294117647059
46.6819607843137
45.2082352941176
40.7223529411765
45.2274509803922
48.3925490196078
43.8937254901961
34.78
32.2039215686275
38.4313725490196
28.2243137254902
38.9901960784314
35.2588235294117
37.9219607843137
41.6858823529412
27.1282352941176
42.6392156862745
44.3921568627451
31.4901960784314
48.9411764705882
49.5294117647059
32.2866666666667
41.921568627451
36.9921568627451
30.8725490196078
38.3529411764706
38.9411764705882
44.9019607843137
39.4235294117647
48.4329411764706
39.0227450980392
45.6258823529411
43.598431372549
42.7176470588235
41.0588235294118
34.4980392156863
37.001568627451
45.4282352941176
21.3364705882353
40.4039215686275
37.6588235294118
44.7411764705882
46.3392156862745
43.963137254902
44.6925490196079
49.2082352941176
39.8709803921569
35.4145098039216
39.1290196078431
34.078431372549
46.6274509803922
46.3647058823529
41.4901960784314
26.961568627451
2.27450980392157
33.2156862745098
46.156862745098
39.4925490196078
25.3403921568627
45.3411764705882
33.6588235294118
33.2666666666667
21.0588235294118
33.9333333333333
29.5294117647059
38.0792156862745
35.5596078431373
37.4392156862745
44.6152941176471
43.1372549019608
41.5411764705882
44.4705882352941
33.6835294117647
36.0117647058824
35.3333333333333
40.4823529411765
45.0588235294118
41.5309803921569
45.3843137254902
43.1372549019608
37.5019607843137
46.6666666666667
39.7929411764706
46.6
43.9886274509804
41.683137254902
44.2352941176471
46.5882352941176
45.2549019607843
25.175294117647
35.5572549019608
41.4509803921569
36.6219607843137
38.7176470588235
40
37.7564705882353
22.8745098039216
42.6235294117647
38.0874509803921
27.6564705882353
38.3266666666667
36.5466666666667
50.9682352941176
46.8121568627451
44.7176470588235
38.7360784313725
43.2435294117647
36.8235294117647
53.3686274509804
48
45.7607843137255
43.9494117647059
41.8039215686275
37.6360784313726
43.921568627451
43.6203921568627
50.3745098039216
52.2796078431372
35.1058823529412
37.7647058823529
55.2552941176471
33.0043137254902
38.8078431372549
36.5556862745098
39.6607843137255
33.2156862745098
43.1372549019608
49.921568627451
41.5411764705882
46.7843137254902
46.1176470588235
49.0980392156863
46.5450980392157
34.8211764705882
45.7647058823529
44.0996078431373
31.6078431372549
44.8090196078431
42.4
43.8549019607843
47.9450980392157
31.6482352941176
36.0325490196078
27.7572549019608
47.8039215686274
46.3529411764706
38.3694117647059
31.2643137254902
39.7419607843137
36.4117647058824
49.6360784313725
44.9023529411765
40.4133333333333
39.2117647058824
39.7647058823529
36.0301960784314
40.1372549019608
44.0482352941176
29.3341176470588
22.4705882352941
37.0133333333333
17.7098039215686
48.0447058823529
31.3592156862745
44.3490196078431
39.6658823529412
2.94117647058824
16.7450980392157
49.5964705882353
41.1372549019608
41.0588235294118
36.4313725490196
47.0196078431373
41.3349019607843
40.7337254901961
35.9843137254902
35.6356862745098
11.1427450980392
46.4470588235294
47.5921568627451
44.5803921568627
33.9960784313725
45.5023529411765
38.923137254902
46.7450980392157
48.0278431372549
45.2941176470588
45.7254901960784
41.2549019607843
37.921568627451
48.4701960784314
41.4376470588235
42.9019607843137
39.7701960784314
45.5803921568627
36.8196078431373
48.5874509803922
32.7450980392157
45.6807843137255
36.4313725490196
35.8823529411765
39.1372549019608
40.8509803921569
38.4980392156863
40.7988235294118
33.9031372549019
43.8729411764706
37.5345098039216
35.0494117647059
37.3333333333333
35.1882352941176
48.0670588235294
44.0894117647059
41.3109803921568
34.96
36.2474509803922
37.0082352941176
43.8823529411765
42.4666666666667
43.8043137254902
46.1960784313726
27.0960784313725
44.8235294117647
39.2156862745098
47.1098039215686
50.2294117647059
53.4235294117647
52.5098039215686
49.5839215686274
37.5019607843137
37.2274509803922
39.5686274509804
43.0980392156863
46
43.3843137254902
45.8509803921569
45.1145098039216
38.3992156862745
48.4588235294118
47.0666666666667
46.6870588235294
37.2764705882353
49.6749019607843
37.5254901960784
41.4235294117647
48.5098039215686
45.3729411764706
42.7337254901961
46.2745098039216
47.0313725490196
42.5286274509804
45.6156862745098
25.921568627451
31.4396078431373
38.9298039215686
33.4607843137255
36.5560784313725
47.4329411764706
41.6470588235294
39.843137254902
34.5811764705882
39.3333333333333
42.7450980392157
39.8823529411765
34.996862745098
39.8039215686274
41.6713725490196
44.0470588235294
42.7058823529412
47.3725490196078
44.8180392156863
47.1882352941176
45.9886274509804
41.5180392156863
41.4090196078431
26.6513725490196
42.443137254902
36.0392156862745
43.2941176470588
38.7960784313725
40.5098039215686
44.9803921568627
43.643137254902
40.8082352941176
46.8898039215686
43.1372549019608
42.0427450980392
38.6552941176471
42.4039215686274
39.8039215686275
40.776862745098
39.3482352941177
43.8156862745098
52.9298039215686
41.2274509803921
42.5882352941176
44.9803921568627
44.8235294117647
44.4788235294118
41.6980392156863
38.2239215686274
38.3419607843137
30.2611764705882
42.1352941176471
38.4705882352941
43.5070588235294
32.6392156862745
38.9980392156863
41.4470588235294
37.6866666666667
35.3152941176471
43.0627450980392
34.498431372549
36.8913725490196
46.0247058823529
48.1647058823529
40.8513725490196
37.7105882352941
42.5741176470588
51.7647058823529
46.3372549019608
43.7376470588235
40.5098039215686
40.7058823529412
34.4858823529412
38.0176470588235
36.5333333333333
37.4117647058824
37.6470588235294
38.756862745098
40.7058823529412
44.2749019607843
46.6160784313725
48.863137254902
43.3960784313725
49.4117647058824
45.3450980392157
46.1576470588235
40.7764705882353
40.0745098039216
37.8125490196078
44.156862745098
41.116862745098
33.7886274509804
44.0117647058824
42.1835294117647
44.2392156862745
41.7329411764706
47.3219607843137
43.9890196078431
42.4062745098039
49.9333333333333
43.2941176470588
42.7450980392157
47.5309803921569
46.9803921568627
33.843137254902
48.0901960784314
45.7764705882353
40.3137254901961
35.4007843137255
46.8980392156863
40.7019607843137
41.6356862745098
40.5098039215686
44.3643137254902
43.2549019607843
36.5172549019608
47.5411764705882
49.4901960784314
42.3117647058823
41.2435294117647
41.2941176470588
42.3921568627451
44.5490196078431
39.6498039215686
40.7450980392157
44.7450980392157
41.2992156862745
40.0282352941176
44.9850980392157
46.8627450980392
44.498431372549
37.2039215686275
50.5960784313725
43.0313725490196
35.1764705882353
41.5572549019608
42.6552941176471
47.3341176470588
42.8627450980392
43.4509803921569
37.3333333333333
46.8196078431373
37.0196078431373
41.7647058823529
43.0196078431373
47.8952941176471
40.5086274509804
44.3023529411765
40.7960784313725
37.5686274509804
46.9674509803922
47.4509803921569
43.6078431372549
47.1650980392157
41.598431372549
42.7729411764706
32.756862745098
35.3964705882353
42.4603921568627
37.9854901960784
42.3745098039216
34.876862745098
46.1803921568627
42.4705882352941
33.5686274509804
43.2549019607843
35.4674509803922
33.4780392156863
32.4592156862745
26.5294117647059
39.8298039215686
40.2745098039216
38.3529411764706
34.9411764705882
36.0360784313726
44.5490196078431
28.5611764705882
39.2533333333333
43.4145098039216
42.1294117647059
36.2239215686274
30.0392156862745
40.9411764705882
32.521568627451
34.42
39.1501960784314
34.9698039215686
30.6945098039216
42.5521568627451
47.0980392156863
39.623137254902
42.84
41.843137254902
44.8745098039216
42.1921568627451
44.4
36.2564705882353
39.3611764705882
40.441568627451
40.9298039215686
42.4705882352941
37.0588235294118
52.6552941176471
40.8627450980392
34.8705882352941
34.8235294117647
42.2243137254902
49.8823529411765
37.016862745098
16.3529411764706
45.4658823529412
42.6274509803922
43.2549019607843
54.1176470588235
47.2325490196078
42.8388235294118
47.2549019607843
47.62
42.4823529411765
40.4564705882353
32.7960784313725
48.8694117647059
39.0705882352941
41.3725490196078
42.5490196078431
40.9690196078431
22.156862745098
35.4192156862745
36.4403921568627
43.2603921568627
17.4047058823529
42.5376470588235
43.6470588235294
35.0980392156863
45.1650980392157
46.0278431372549
49.4235294117647
32.156862745098
46.0992156862745
32.7074509803922
35.3725490196078
34.456862745098
40.576862745098
40.2980392156863
44.078431372549
42.4039215686274
50.1137254901961
42.6043137254902
30.1647058823529
32.9411764705882
36.7690196078431
50.0627450980392
35.8705882352941
44.3490196078431
38.8513725490196
39.0588235294118
28.7741176470588
5.94941176470588
36.1454901960784
47.558431372549
34.5490196078431
43.6862745098039
43.4509803921569
38.0674509803922
29.5329411764706
51.6862745098039
46.9921568627451
33.5462745098039
41.1356862745098
35.3643137254902
25.6847058823529
47.3729411764706
48.3921568627451
33.5647058823529
38.3023529411765
45.0156862745098
38.2188235294118
35.2537254901961
45.8709803921569
48.2352941176471
45.0705882352941
37.4282352941176
40.4317647058824
43.9725490196078
48.1960784313726
45.4117647058823
50.298431372549
39.72
43.1258823529412
49.5298039215686
31.2321568627451
50.4592156862745
44.1913725490196
39.6235294117647
49.1619607843137
35.5545098039216
48.3325490196078
18.1854901960784
41.8039215686275
38.5219607843137
37.2470588235294
43.7392156862745
38.5898039215686
42.1019607843137
45.6403921568627
40.2462745098039
31.9909803921569
42.1960784313726
43.1764705882353
37.8039215686274
45.1647058823529
42.5960784313725
34.6439215686274
43.6352941176471
41.396862745098
37.5294117647059
34.5019607843137
40.5760784313726
29.6941176470588
39.4901960784314
47.6396078431373
41.6549019607843
38.521568627451
51.7372549019608
47.9607843137255
52.5490196078431
34.8513725490196
43.3333333333333
48.8588235294118
46.0117647058823
43.4980392156863
46.4313725490196
45.6156862745098
37.8772549019608
37.0639215686274
40.2078431372549
52.918431372549
44.7592156862745
49.255294117647
41.6078431372549
38.5098039215686
39.2941176470588
45.8435294117647
42.821568627451
42.2356862745098
32.3529411764706
31.2345098039216
21.7227450980392
35.636862745098
50.1454901960784
34.6933333333333
44.4039215686275
42.4313725490196
46.0509803921569
45.4192156862745
47.1847058823529
41.7976470588235
28.2745098039216
44.3098039215686
42.321568627451
16.1803921568627
48.9035294117647
51.1882352941176
34.1835294117647
42.8709803921569
39.3219607843137
37.7439215686274
46.9764705882353
30.6670588235294
36.9345098039216
24.0392156862745
43.7725490196078
47.2156862745098
46.8905882352941
39.1070588235294
42.3450980392157
55.5686274509804
35.4862745098039
50.6509803921569
43.7254901960784
35.4129411764706
45.8901960784314
48.6572549019608
45.4333333333333
39.9356862745098
2.31372549019608
10.1278431372549
17.5858823529412
36.9294117647059
41.2549019607843
23.3305882352941
10.5490196078431
40.6921568627451
45.5019607843137
51.2156862745098
52.3254901960784
41.3890196078431
46.9411764705882
43.4980392156863
39.8592156862745
43.3129411764706
43.8156862745098
45.8149019607843
29.2435294117647
34.0298039215686
39.1258823529412
44.5607843137255
43.9411764705882
33.8392156862745
15.458431372549
40.0901960784314
51.2827450980392
50.7450980392157
55.8156862745098
46.4666666666667
46.9301960784314
57.7372549019608
49.6588235294118
46.8627450980392
35.4450980392157
29.6078431372549
36.8745098039216
44.3529411764706
34.3050980392157
38.1686274509804
44.2745098039216
41.2941176470588
42.2470588235294
46.5149019607843
13.3725490196078
41.5964705882353
46.8745098039216
31.6592156862745
35.4901960784314
49.5964705882353
34.2847058823529
4.44313725490196
42.2733333333333
44.443137254902
44.9137254901961
44.9686274509804
44.5376470588235
44.8745098039216
43.8823529411765
44.2352941176471
43.4509803921569
46.1188235294118
46.0117647058824
45.4474509803921
46.2745098039216
41.356862745098
44.2470588235294
42.0901960784314
41.6196078431372
41.098431372549
44.6549019607843
42.7058823529412
37.4976470588235
40.1960784313725
43.8117647058824
39.8066666666667
47.4235294117647
47.9945098039216
46.341568627451
50
52.521568627451
39.4509803921569
43.7686274509804
47.2760784313725
49.3333333333333
34.7917647058824
45.776862745098
37.7101960784314
43.7254901960784
46.4313725490196
43.1490196078431
42.1133333333333
38.5098039215686
40.8003921568627
37.9611764705882
38.5843137254902
39.7764705882353
44.7176470588235
38.8745098039216
43.6470588235294
47.6749019607843
