0.208896811249751
0.21302704088171
0.419419104540209
1.49592813952676
0.973984364987824
0.233010613633454
0.624223783393324
0.140860857712069
0.152621951929909
0.266877657777313
0.0314564328405157
0.0966994046578815
0.163107429543416
0.163107429543415
0.0584683047312824
0.858494518425313
0.102996632996634
0.0407768573858536
0.386552957487207
0.121165519089394
0.432234688290049
0.109121666491909
0.205326506122353
0.0652429718173672
1.67679971572706
2.41238498013584
0.377477194086188
0.236505772837953
0.0984529260307808
1.65874477182436
0.115340253748557
0.201237286358393
0.274952524087473
0.115340253748557
0.544079782834111
0.627963603742153
0.202372514068015
0.119540386564607
1.06602355737304
0.597105891673362
0.11432374494658
1.17786865191709
1.74641454918271
0.114396560763344
0.627963603742148
0.0128155837498397
0.307411368587836
1.12761420432701
1.87040543846772
2.22930201670686
0.423417100648931
0.288933160905482
0.136168955995952
3.01878857781971
0.870294641920942
0.121165519089394
0.3308750713595
0.848158633625761
1.86620810177904
0.0838838209080418
1.31906143324828
0.694371628627683
0.153787004998077
0.189891999580582
0.152621951929912
0.573206109538287
0.0512623349993598
1.21515035009844
0.627963603742149
0.2164929572542
3.37563070147846
0.320389593745996
0.696963988209653
0.152621951929911
2.66913657917118
0.406376451947388
0.792065872100479
0.372816981813519
1.56932648282129
0.256643831626528
0.124660678293895
0.233010613633449
0.674565726468836
0.167767641816084
1.97010473827083
2.24039705008564
0.470681439539568
0.386797618631529
1.1137907331679
0.730488273740868
0.657089930446331
0.219029976815442
0.428032458378476
0.506798084652757
0.152621951929913
0.572041056470122
4.25943401721949
1.03245837847914
0.116726666899677
3.26443803665258
0.506798084652758
0.385029068074054
0.562467116377151
0.708875490778597
0.629128656810321
0.366991716472688
3.36467326086703
0.394952990108703
1.18514790348701
0.279612736360144
0.341721715424134
0.13980636818007
0.638449081355656
0.177088066361421
0.107184882271387
0.655924877378168
0.930437477427099
0.377922710379458
2.24178346323675
0.320389593745996
1.38896461733832
0.880360700429893
0.971939813358484
0.316894434541491
1.36544219589202
1.04738270828236
1.66698717276572
1.28971374646116
0.171262801020588
1.66253072827467
0.366991716472688
0.219029976815442
1.86246501928162
2.44544639008307
0.674565726468839
0.454190229864963
0.432726806706041
0.14491524238929
0.461361014994234
0.907252455349345
0.480334020714646
0.739808698286208
0.264467046473965
0.545244835902274
1.67687253154381
0.812962380436432
0.0792537835098383
0.783432479349434
0.171262801020585
0.0652429718173658
1.59105052835156
0.383201798841935
0.180583225565923
0.236505772837953
0.320389593745995
0.582526534083628
2.52605641186956
1.51485093145994
0.0636379947106587
0.236505772837955
0.394353104283899
0.611641210257126
0.302913797723489
0.389137045192407
0.720617944147349
0.237670825906118
1.89452856127596
0.0834703435741469
0.153787004998077
0.199224074656602
0.0995696293966213
1.3840830449827
0.288933160905482
0.988510712662961
0.544079782834106
0.601167383174302
0.317208998869897
0.414411589947918
0.288688499761163
1.9141821909988
0.747923409411295
0.344749804853607
0.752373912131699
0.419419104540209
1.04388754907786
0.209709552270104
0.205049339997435
0.180583225565923
0.377477194086188
0.152621951929913
0.371212004706817
0.54407978283411
0.591899502522333
0.191068703179428
0.0407768573858536
0.908741393170457
0.420843265410741
0.641139305395355
2.24641105402351
0.0407768573858536
0.988859762562177
0.233010613633449
0.18174827863409
0.0809734018384534
0.98796500180583
2.36355003320401
0.223690189088111
2.1355715167826
0.115340253748557
0.606659326832334
0.720701827968266
0.526603986811601
0.185578973122226
0.626218820267265
0.311069169200658
0.149126792725411
0.218590052776908
0.124660678293895
0.624660794799199
0.413856092645015
0.363496557268181
1.35146155907402
0.0652429718173658
0.747339135297616
0.409079375065534
0.926217189192971
0.348350867382012
1.1137907331679
0.354435240525203
0.154515279670995
0.376312141018025
0.124660678293899
1.85232381484978
0.795731245558235
0.12466662006454
0.293593373178146
0.18174827863409
0.366991716472683
0.265632099542132
2.18725897964652
0.135146155907401
0.610487807719637
1.74757960225088
0.152621951929909
0.627756690317241
0.124660678293898
0.0687381310218703
0.236505772837951
0.0128155837498404
1.73461069751727
0.177682243426188
0.233010613633449
1.10608402362727
0.199224074656601
0.107184882271387
0.0932042454533819
1.08582945953188
0.0966994046578815
0.176632647117073
0.0419419104540209
0.387063716752294
2.03603404285066
0.685051204082345
1.37416273461257
0.171262801020585
0.348350867382012
0.420664662775387
0.19196346393578
0.44272016590356
0.376312141018021
0.392462572670188
1.48544266191325
1.42109107219834
0.228402945254149
0.115340253748557
1.00194563862384
1.18369391725793
0.194080481865944
0.152621951929911
0.177088066361422
1.83510433050225
0.233010613633453
0.45087553738073
0.0792236086353728
0.208544499201942
0.264449687183247
0.264467046473968
0.121165519089395
1.97272051541948
0.125825731362063
0.0978644577260511
0.588302750690289
0.0932042454533829
0.124660678293895
1.80350809129357
0.334824601260586
0.3949529901087
1.26175247282514
0.60000233010614
0.503302925448256
0.0966994046578815
0.260971887269468
0.778255449535727
0.163107429543417
0.124660678293899
0.790544895319979
1.60808208963917
3.22612095580952
0.997506786434123
0.0372816981813519
1.05706429927883
0.227185348292613
0.125674740484427
0.0966994046578815
0.152621951929909
0.577569349783879
0.0594177064765296
0.177088066361421
1.33371675229807
0.122359814989572
0.87961506646628
0.562720631924787
0.233010613633449
0.152621951929909
0.422914263744713
0.14912679272541
0.191068703179428
1.83965735789264
0.260971887269463
0.450875537380728
0.181748278634091
0.143301527384571
0.158706325073105
0.124660678293895
0.2090105204292
3.03267263173838
0.0233010613633463
0.180583225565927
2.54142625796604
0.0981733132944172
0.330875071359504
0.741712278494284
0.0792236086353728
0.0966994046578815
0.337061503151467
1.65903556907018
0.450875537380728
0.205049339997435
0.0372816981813519
0.0419419104540209
0.468377430591965
2.70612130532545
0.98997483485372
0.0512623349993598
0.0834703435741469
4.80173453100788
0.121165519089394
1.84630899537474
0.14912679272541
1.70097747952419
0.544079782834109
0.0838838209080433
0.246991250451461
1.40060943925996
0.121165519089394
0.770126175247283
0.506350238253352
1.06265655400603
1.20582992555311
0.814521221441634
0.616225810585673
0.0932042454533797
0.0233010613633449
0.0401239616464533
0.694371628627679
0.506798084652752
0.0652429718173658
0.372816981813519
0.135146155907403
0.163107429543418
0.0687381310218702
0.208544499201942
0.47376312141017
0.330875071359502
0.233010613633454
0.0344184637610237
0.293593373178149
1.51759766057345
1.86164889960737
1.24311162373446
0.627963603742149
0.121165519089396
0.0873789801125435
0.421970570759499
2.36201693987162
0.254893106380995
0.384269919494832
0.0652429718173658
1.57649144268522
1.88622091736279
1.23961646452996
0.834177996807757
1.01982349446017
0.339030442836673
0.377477194086191
0.428739529085552
2.17576584763436
0.135146155907403
3.1393403469528
0.450875537380731
0.124660678293895
0.60161289946757
1.98059021588434
0.152621951929913
0.0314564328405157
1.17786865191709
0.332461873638338
0.0873789801125445
1.11898174361842
0.227185348292617
0.167767641816087
0.180583225565926
0.0559225472720294
0.0966994046578846
0.413573334265371
1.323500285438
0.404273414654038
0.170691925017186
2.03083324595436
0.0926285927323985
0.152621951929909
0.890100544079782
2.0107212843545
0.422914263744714
0.241154334579942
0.960003728169818
0.0512623349993588
0.173106380995654
1.7756690317244
0.208544499201937
0.121165519089394
0.153787004998077
0.900527652534577
0.624803979821282
2.41398995724255
0.618643179196812
0.368751412626831
1.2754418463761
1.28621858725665
0.124660678293895
0.550839420735608
0.0687381310218676
0.600002330106136
0.118738830053709
0.0838838209080418
0.246991250451459
0.582526534083626
0.209837708107605
1.21911386063634
0.03171321053674
0.490260272855426
0.0542798224459126
0.764030151573411
2.68428226905736
0.208544499201937
0.180429904582153
0.135146155907401
2.99450840585789
0.0584683047312801
1.10827117775215
0.0687381310218676
0.349515920450177
0.316894434541497
0.214591124625726
0.338016380646139
0.654113336362472
0.0873789801125435
0.0314564328405156
0.618643179196808
0.0512623349993588
0.448533780713714
0.135146155907401
0.180583225565923
0.633022147658825
0.0407768573858536
0.111845094544056
1.26225996994163
0.283107895564641
3.3588479955262
0.143301527384571
1.01335150816119
0.974037840923657
0.482113406265653
0.0233010613633449
0.0966994046578815
0.0372816981813519
0.152621951929909
0.699031840900348
0.986216839677062
0.180583225565923
0.615616371325708
0.0978644577260487
0.450875537380725
2.48389314133259
0.590681905560794
0.302913797723487
0.0687381310218676
0.228850325632329
1.38291799191453
0.0687381310218676
0.683886151014174
0.163107429543415
3.28428459916349
0.260971887269463
1.3269954446425
0.0652429718173658
0.400778255449536
0.0594177064765296
0.260971887269463
0.0594177064765296
2.09188202672631
0.0970517167056951
1.42136474316405
1.67044143860753
0.545244835902271
0.348350867382011
2.46108559644892
1.38291799191453
1.16108023720481
1.01942143464635
0.856246898046208
1.99723777568068
0.199224074656599
0.679181666724918
0.90343108128574
0.121759696154158
5.11155383127703
0.860398681159927
1.3510527419524
0.0359734600911092
1.10133678189043
0.0314564328405157
3.78409236540723
3.20040077825545
2.30630829634289
0.96349888737432
1.02058648771451
0.595207437698784
2.35806740997053
0.64310929362832
2.09963813451703
0.681544394347157
3.294770076777
0.264467046473965
1.76368657742359
1.20905106427597
0.054413920054057
1.0930354292638
3.26842822690573
1.93413721995036
0.851653792830265
0.674565726468836
0.73045285612759
0.936702666806474
0.857225542623466
0.544079782834107
1.65321030372934
1.01010101010101
0.657089930446334
0.203406615171316
5.37859708105235e-32
0.708352265445693
0.0899886989852383
0.272648515139867
0.646592802302143
1.52388941316277
2.89005580604195
3.05709925087088
0.851027460300815
1.83861964512484
0.406468840655693
0.252271736977623
0.62912865681032
0.935537613738308
1.21515035009845
3.39729474677571
2.1790481516433
1.35612177134668
3.69045600177087
1.3269954446425
3.41449687183251
0.890100544079786
0.264467046473968
0.0687381310218676
0.516118509198096
2.99397947176495
0.731874686891987
0.421964861999462
0.784817960458098
3.28428459916349
2.10212144513183
0.0512623349993588
0.274952524087475
1.50211457131872
0.279612736360141
1.43884053918656
0.460195961926062
0.403154963708595
0.0933965957149308
1.10447030862256
3.59757016532102
0.181748278634091
0.37405473419314
0.907904885067509
0.372816981813522
0.42873952908555
0.646604452832827
0.143301527384571
0.62692670651148
0.371212004706812
0.0652429718173658
0.274652406417112
2.13787238008691
0.624468444537651
0.040776857385856
1.53873498537858
1.8356674006501
3.8516014819475
0.576867172299694
1.64475481458181
1.37359756736919
1.25168594829494
1.5967168804539
1.94214346463481
2.82082648864655
0.373411158878284
2.87486759171881
1.43884053918656
2.72691156082161
1.42615311127422
1.67238987335873
1.15636456840609
0.973984364987824
3.85211410529748
1.1737568301236
0.649783999161157
0.591949483298964
0.739452658068575
0.534759358288769
2.00855148952035
0.503302925448257
1.18544429298754
0.470681439539571
1.77437582281873
1.65519369007259
0.449786329267297
0.293593373178146
0.770498992229095
0.199224074656599
0.0838838209080418
0.376312141018021
0.0512623349993589
0.683886151014178
0.3906888958792
0.928060769168036
1.29817203173603
0.378135565575002
0.674565726468839
0.0314564328405157
0.600002330106134
0.343041021518526
0.80621672317174
2.77748651451074
1.38291799191453
1.14641221907658
1.09981009634989
1.07534398191837
2.71399391842298
1.01652045250661
1.04914193841529
0.180583225565925
0.935537613738304
0.795731245558232
0.293593373178149
2.13787238008692
0.414758892267546
1.33748092225601
2.73548064264328
1.18489252385446
0.972871855813018
0.316894434541491
0.287290436079361
1.97414176365733
2.02747707758089
1.04877739331024
1.64583446926007
2.87955110505284
0.476745657264686
0.363496557268187
1.18718907646243
2.50675427865739
1.72898349119801
1.28457015367049
1.25825731362063
0.0559225472720278
0.367339368308219
0.413665955984292
0.488157235562076
0.0838838209080418
0.251651462724125
0.0128155837498397
0.330875071359501
0.0407768573858536
1.77470436778395
0.208544499201937
0.286985658196728
0.036789929281277
0.394952990108702
0.694371628627679
1.56460230913518
1.36240140738411
1.51972131930609
1.87538871995619
1.69445551244857
1.29903417100649
1.87340533361294
0.0652429718173669
1.14990737828109
0.442720165903557
2.88069856581967
0.333892558806055
1.08630060699265
3.29631388859762
0.447380378176228
0.654113336362473
0.752661563734229
2.28818880850023
0.44014539862291
1.33630421865717
0.0966994046578844
0.135367515990351
2.69755222350378
0.94602309135181
1.64947048338051
2.66822783777801
0.292428320109979
0.424198618247056
0.867434553143886
0.180583225565923
0.177088066361421
0.115340253748559
0.107184882271388
0.708352265445695
0.0699031840900376
0.365582002260198
0.488157235562076
0.0792236086353746
0.627963603742146
0.142352125639322
0.283107895564641
0.702206727016416
0.0792236086353746
0.432234688290048
0.539118870364545
0.0407768573858536
0.792236086353729
0.288933160905482
0.601167383174304
1.23317185697809
0.549562056551677
0.761883541295304
0.272558456537692
1.51553831277015
1.49381939347337
0.149126792725408
1.53320983770811
0.449922989992191
0.593643936481308
6.10370137359757
0.115340253748557
0.180583225565923
0.0569272890380151
0.199224074656599
2.43049305045842
0.488276536996256
1.99852038260343
0.412392785991395
1.05100648934559
1.64971514452483
0.283096245033958
0.106884764601027
2.53907972458145
1.96660957906633
0.167767641816087
3.65481062062378
0.904685144408326
0.0978644577260519
0.264467046473965
0.0957994011627241
0.106185732760125
0.135146155907401
0.302913797723484
0.627963603742153
0.107184882271387
0.0966994046578815
0.428739529085553
0.694371628627686
0.0966994046578841
0.674565726468844
0.0966994046578815
0.939994058229355
0.683886151014181
1.42136474316405
0.236505772837953
0.177088066361421
0.115340253748557
1.32292370067456
0.0128155837498397
0.0687381310218675
0.633771509792268
0.544079782834104
1.70097747952419
0.0594177064765296
0.265632099542132
0.167056959444506
0.125825731362065
0.516118509198098
0.0512623349993588
0.0792236086353727
0.096847948924073
1.5937925972528
0.701437791991426
0.516404063705107
1.31767502009717
0.208544499201942
0.480334020714641
0.15472498922326
0.111845094544059
1.90056272063193
0.456700802721564
0.115340253748557
0.655924877378165
1.05786818589587
0.13980636818007
0.881225635827712
0.376312141018023
0.119009122365524
0.115340253748559
1.07534398191837
0.412221872706298
1.37942283271003
2.59573823587664
0.318578052730299
0.124660678293895
0.205049339997435
0.862887234513537
0.675850080971188
0.590681905560794
0.24674658930714
1.29652639427725
0.121165519089395
1.19929397784068
0.274952524087475
0.823692519194252
0.218947957079438
0.171262801020589
0.620274253492246
0.20504933999744
1.90809129355843
0.13980636818007
0.320389593745995
0.335535283632172
0.0873789801125435
0.180583225565925
0.358836344995514
0.191068703179429
0.264467046473967
0.363496557268183
0.485021378723797
0.526603986811598
2.37739564037142
0.544079782834109
0.428046439015288
0.187095872216979
0.236505772837951
0.836750433982268
0.416419209394981
0.879615066466278
0.227185348292613
0.618643179196816
0.348350867382007
0.713012477718362
0.562720631924787
0.344855708177507
0.433399741358216
0.65592487737816
0.358836344995512
0.149126792725408
0.364128482052357
0.394952990108701
0.180583225565925
0.191068703179428
0.782915661808399
0.25165146272413
0.236505772837955
0.199224074656599
1.57864690736664
0.224767979681477
3.61656833618771
0.209709552270104
0.178644111239266
2.39344436289072
0.795731245558237
0.953229061083734
0.0407768573858536
0.0407768573858536
0.177088066361423
0.0966994046578821
0.180583225565925
0.293593373178148
0.223690189088113
0.206732958186246
0.489322288630248
0.926217189192965
0.207381776239901
0.450875537380727
0.143301527384573
1.51947281348665
0.511930259923334
0.0407768573858536
0.209709552270104
0.150178136614121
0.264467046473968
0.25514662192863
1.38291799191453
0.143301527384572
0.180583225565923
0.694371628627683
0.171262801020585
0.219029976815444
0.376312141018024
0.936702666806473
0.872519893281137
0.665787168105508
0.815566390549081
0.185389185977419
0.81087693544441
0.236505772837953
0.425698740577635
0.180583225565928
0.302913797723489
0.488157235562083
1.00486106742162
0.316894434541493
0.404273414654039
0.372816981813519
0.376312141018022
0.348350867382007
0.734435939557045
0.274952524087473
0.0407768573858536
0.0233010613633449
0.406638355877108
0.255146621928627
0.3308750713595
1.34464646464646
0.964107045075904
0.0559225472720286
0.180583225565925
0.0687381310218681
0.152621951929909
0.0652429718173658
0.601167383174304
0.296671443384241
0.195728915452099
0.135146155907402
0.708946442510456
0.0233010613633456
0.420501555345845
0.358836344995513
0.0594177064765295
0.302913797723485
0.478836811016742
0.568545897265621
0.176601540200155
0.544079782834108
0.394952990108701
0.488157235562079
0.977139794717643
0.329698367760651
0.344855708177507
0.205049339997436
1.01592627544184
0.180583225565926
0.238259294210853
0.600002330106136
0.851446879405353
0.34125569419687
0.321554646814163
0.540584623629608
1.47810562371116
0.432234688290052
0.292428320109982
1.23961646452996
0.982139736464996
0.279612736360142
0.348350867382009
0.596507170901635
1.74940302680787
1.48729509629163
0.208544499201939
2.6736919366677
1.24311162373446
0.922717369776189
0.978644577260496
1.64285298195332
1.47495951440586
0.227185348292614
0.612031619540267
0.376312141018025
0.363496557268183
0.209709552270107
0.316724220288231
0.293593373178147
0.538941898803491
0.657150979227105
0.0652429718173663
0.880780119534445
0.0699031840900354
0.0407768573858536
0.516118509198095
0.502889448114361
4.52667668612304
0.85226474665921
2.48299500192234
0.516118509198095
0.544079782834108
0.376312141018024
0.421588899374365
0.600002330106138
0.366991716472686
1.37942283271003
0.237670825906119
0.56854589726562
0.208544499201937
0.372816981813521
1.12194610464507
0.260971887269465
0.512623349993593
0.386797618631529
0.414758892267544
0.410011417520059
0.264467046473967
0.227185348292615
0.562720631924785
0.292428320109982
