0.348350867382009
0.199224074656599
0.199224074656599
0.916674356016905
0.992625214078501
0.171262801020586
1.41832395465613
0.186111518879682
0.329972271736975
0.246991250451458
0.163107429543416
0.171262801020587
0.432234688290051
0.277970011534022
0.135146155907402
0.428162944322105
0.534759358288771
0.0932042454533797
0.517283562266261
0.236505772837953
0.478836811016742
0.376312141018024
0.264467046473967
0.0932042454533797
0.526603986811599
1.29903417100649
0.372816981813521
0.313294420560855
0.180583225565923
2.14835785770042
0.124660678293897
0.157587874127668
0.255146621928629
0.283107895564641
0.283107895564641
0.509763261216549
0.246991250451458
0.205049339997435
0.461361014994234
0.516118509198093
0.194080481865946
0.48815723556208
0.433399741358219
0.124660678293895
0.505845537264222
0.0687381310218686
0.339030442836671
1.37010240816469
2.02178882248087
2.55765265107826
0.432234688290052
0.488157235562081
0.251651462724128
2.35736837812962
1.26757773816597
0.219029976815444
0.29242832010998
0.143301527384573
1.1883541295306
0.202008551489522
1.10447030862256
0.582526534083628
0.222970069786679
0.265632099542135
0.111845094544057
0.292428320109981
0.0966994046578815
0.467640651031659
0.693329022636976
0.373970384351003
1.37359756736919
0.573206109538289
0.460195961926066
0.307574009996156
1.94809688581315
0.316894434541493
0.405438467722205
0.149126792725408
0.649569629396617
1.2424475434856
0.124660678293895
0.428739529085549
0.498642713175586
0.261566064334231
0.935537613738305
1.37656274393298
0.62796360374215
0.376312141018023
0.929243880558749
0.699159996737851
0.31808873044167
0.122028124381065
0.107184882271387
0.143139701513404
0.209709552270106
0.488157235562081
3.27731979541667
1.59728775645731
0.171262801020586
3.08206447403679
0.0903410110330522
0.475341651812241
0.264467046473966
0.394009297123484
0.375692798806982
0.311069169200657
1.38494798038051
0.521506996143669
0.754954388172382
0.233010613633452
0.236505772837953
0.199224074656599
0.462019386483047
0.292428320109982
0.227185348292615
1.10330525555439
0.739808698286207
0.540584623629606
1.63456945463866
0.498642713175586
1.1277713699859
1.1312665291904
1.14175200680391
0.422914263744714
1.05573380867498
0.711847424650192
1.01942143464635
0.960003728169819
0.246991250451459
0.478836811016742
0.764274812717721
0.292428320109981
0.600002330106137
1.40155884100521
0.676409306443909
0.590681905560799
0.0512623349993588
0.124660678293895
0.778010788391406
0.442720165903558
0.292428320109981
0.470681439539571
0.344855708177508
0.568388731606724
0.778255449535727
0.70786014702969
0.0314564328405157
0.70251534957417
0.236907832651777
0.180583225565925
1.45131825754663
0.484662076357577
0.24147169503571
0.400778255449535
0.181748278634092
0.425698740577634
2.7360367224727
0.768935024990388
0.135146155907402
0.490260272855427
0.386797618631529
0.419419104540212
0.255146621928628
0.53475935828877
0.456700802721564
0.562720631924785
0.312912749175725
0.153787004998077
0.260971887269465
0.283107895564642
0.227185348292613
0.344855708177507
0.422914263744713
0.433399741358219
0.29271387461699
0.754954388172383
0.404273414654037
0.358836344995514
0.391457830904197
2.34563058497314
0.311069169200657
0.414758892267543
0.600002330106138
0.683886151014178
0.646604452832827
0.293593373178149
0.348350867382009
0.320389593745995
0.520574953689143
0.22847855719828
0.589915766663172
0.414485221301831
0.165536681695851
0.249300851653792
0.068738131021869
0.62796360374215
0.1992240746566
0.447380378176226
1.66253072827467
0.0594177064765295
0.683886151014179
0.27961273636014
0.3949529901087
0.0594177064765295
0.567742010648585
1.79884193725024
0.236505772837953
1.7149581163422
0.0873789801125442
0.496105693614343
0.618643179196812
0.358836344995515
0.236505772837953
0.618643179196812
0.260971887269466
0.13980636818007
0.316894434541494
0.163107429543416
0.33553528363217
0.394952990108699
0.264467046473967
1.05123017953468
0.0419419104540209
0.666410354991669
0.149126792725408
0.177020959304695
0.316649773397178
1.01942143464635
0.629128656810318
0.208544499201939
0.251651462724128
0.177088066361423
0.48815723556208
0.149126792725409
0.236505772837954
0.320389593745996
0.279612736360142
0.545244835902276
0.298725548448732
1.7184532755467
0.311069169200657
0.0652429718173672
0.786410821012898
0.190165903556905
0.646604452832827
0.180583225565925
0.0838838209080429
0.149126792725408
0.0419419104540209
1.1883541295306
0.292713874616991
0.258397119988814
1.66941619190754
0.205049339997438
0.0419419104540209
0.111845094544057
0.478836811016742
0.0966994046578832
0.153787004998078
0.0407768573858536
0.461361014994233
1.9148812228397
0.545244835902277
0.596169305511865
0.221581443034733
0.283107895564643
0.153787004998079
0.152621951929909
0.834177996807755
0.81437209464891
0.377477194086192
0.841807230319341
0.498642713175585
0.293593373178148
0.283107895564642
1.18718907646243
0.470681439539572
0.405438467722206
0.180583225565923
0.20854449920194
1.58913238498014
0.246991250451457
0.460195961926066
0.143301527384571
0.135146155907401
0.264467046473967
0.33553528363217
0.189966446471639
2.57498572809991
0.107184882271388
0.0687381310218676
1.02058648771452
0.0966994046578815
0.143301527384573
0.460195961926065
0.358836344995515
0.180583225565925
0.376312141018023
0.652429718173662
0.363496557268183
0.177088066361422
0.255146621928628
0.404273414654036
0.0742664243356248
0.143301527384571
0.979238754325256
0.611408083138184
1.23029603998462
0.711847424650191
0.0419419104540221
0.520361632472353
0.0873789801125435
0.0873789801125448
0.125825731362063
0.195728915452099
0.153787004998077
0.377477194086191
0.655924877378165
0.963498887374321
0.208544499201938
0.546109771300085
0.66611023732131
0.330875071359501
0.0512623349993588
0.608443256090308
0.135146155907401
0.180583225565925
1.5227243600946
0.320389593745996
0.283107895564644
0.180583225565924
0.205049339997438
0.34835086738201
0.191068703179428
0.205049339997437
1.91313364323743
0.0747847564456552
0.236505772837952
1.61411857910128
0.115340253748557
0.335546817657544
0.664952990108695
0.153787004998079
0.146936026936029
0.233010613633451
0.852818845898431
0.264467046473968
0.255146621928629
0.0305127398553001
0.0966994046578831
0.286731210606643
2.60151922920087
0.778255449535727
0.0559225472720278
0.0966994046578831
3.45205224097958
0.125825731362063
0.694371628627684
0.124660678293897
1.24356599443105
0.400694371628627
0.0687381310218676
0.219029976815445
1.23554530308855
0.0978644577260499
0.750294175899713
0.458384420910372
0.987965001805832
0.669139375298543
0.450622021833093
0.227185348292615
0.0687381310218684
0.0407768573858536
0.0233010613633449
0.127635175282235
0.205049339997436
0.143301527384572
0.167767641816085
0.255146621928629
0.209709552270107
0.0966994046578814
0.219029976815445
0.227185348292614
0.166497733971782
0.261819579881864
0.0512623349993593
0.265289107918867
0.264467046473967
1.09048967180455
0.572041056470123
0.512623349993592
0.107184882271388
0.0932042454533797
0.778255449535727
1.23379119918912
0.0978644577260487
0.115340253748557
0.0687381310218675
0.533349644076284
0.52160590914916
0.582526534083629
0.380159612270338
0.890100544079783
0.316894434541493
0.246991250451458
0.180583225565924
1.59728775645731
0.335535283632169
2.55729148462713
0.730488273740869
0.115340253748559
0.348350867382009
1.92932788088497
0.121165519089394
0.0128155837498401
0.334824601260585
0.0932042454533797
0.0873789801125442
0.544079782834109
0.335535283632169
0.111845094544056
0.142357834399358
0.0512623349993588
0.0407768573858536
0.311069169200657
0.320389593745994
0.33553528363217
0.0279612736360139
1.59189123064555
0.0966994046578829
0.0652429718173663
0.0792236086353733
1.24060629361667
0.302913797723486
0.602713991122295
0.237447135717032
0.0512623349993598
0.219029976815443
1.32252758263138
0.0421584938193939
0.19106870317943
0.19106870317943
0.5266039868116
0.67456572646884
1.87690049281745
0.627963603742151
0.206808453625064
1.70913285100136
0.618643179196811
0.177682243426186
0.260971887269464
0.0966994046578814
0.143301527384571
0.0699031840900348
0.0559225472720286
0.330875071359501
0.489322288630247
0.233010613633451
0.5266039868116
0.0128155837498401
0.302913797723486
0.115340253748557
0.346020761245673
2.16583365372293
0.249542716670741
0.447380378176226
0.195728915452099
1.53320983770811
0.0314564328405156
0.208544499201938
0.0233010613633456
0.394952990108698
0.177088066361421
0.0932042454533813
0.227185348292615
0.288933160905479
0.0966994046578814
0.0873789801125435
0.348350867382009
0.0407768573858536
0.199224074656601
0.121165519089395
0.260971887269465
0.708352265445692
0.037281698181353
0.121165519089395
1.30951964862
0.302913797723486
3.18956799832232
0.163107429543416
1.323500285438
0.470681439539571
0.792236086353734
0.0233010613633456
0.129424696794938
0.0314564328405166
0.107184882271388
0.433399741358219
0.898289818601242
0.0652429718173671
0.426676336607129
0.124660678293897
0.191068703179431
2.17378805354584
0.283107895564642
0.404273414654038
0.0966994046578829
0.152621951929911
0.907576340102292
0.0623797373970376
0.405438467722205
0.449649319026483
2.25370789789475
0.143301527384571
0.600002330106136
0.0687381310218676
0.414758892267543
0.083883820908043
0.0699031840900348
0.0314564328405157
1.21364743164051
0.121165519089394
0.442720165903557
0.798582712942577
1.06059720620274
0.298184148287951
2.03651276315636
0.444537648689899
1.25974613493644
1.77529621474259
0.460195961926067
1.63921801638065
0.152621951929911
0.711847424650195
0.381697482320319
0.0932042454533813
3.44855708177508
0.181282257406824
1.29903417100649
0.0652429718173658
1.30871576200296
0.0128155837498397
4.93050458448382
1.76219530949634
1.00108105274195
0.394952990108699
0.907576340102291
0.225216408607414
1.67301620588818
0.475341651812242
1.26907121969406
0.730488273740868
3.67574243006769
0.236505772837952
1.46680181282257
1.27107289737048
0.0932042454533813
0.778255449535725
2.36816737152377
1.45748138827724
0.330875071359499
0.572041056470121
0.587186746356296
0.749248424265721
0.739808698286206
0.484662076357578
0.432234688290052
0.661033751587384
0.702470611536356
0.135146155907402
0.0338871995619415
0.314034345764448
0.167767641816085
0.0932042454533803
0.132944205608565
0.316894434541494
2.62705427982244
2.49204851280976
0.963021215616367
1.77930399729707
0.531264199084267
0.307574009996156
0.440675614274221
0.432234688290052
0.820197359989747
2.77316311908007
0.849396386005382
1.02215045495322
2.6429345356681
0.586483520324352
2.87976652336513
0.437040648701546
3.36583784791397
0.0512623349993588
0.655924877378164
2.38997821350763
0.863057798282706
0.283107895564643
0.264467046473967
2.7681660899654
1.46680181282258
0.0652429718173671
0.373731664977334
0.898255915556955
0.461361014994234
1.84547155522934
0.260971887269465
0.180583225565925
0.0608041196276496
0.478836811016742
3.08870609206248
0.111845094544057
0.292428320109981
0.320389593745995
0.150604546037072
0.0978644577260504
0.236505772837952
0.288933160905479
0.484662076357578
0.344855708177508
0.111845094544057
0.330875071359501
0.683886151014178
0.372816981813522
0.068738131021869
0.680390991809677
1.75390292777837
2.86860298486597
0.596507170901633
1.74061479850408
0.74166113266459
1.10857350902334
0.926217189192968
1.9517261426258
1.92466766861231
0.260971887269464
1.80881479151376
0.936702666806471
2.9033122458728
1.96755047592418
0.642398611256745
0.394952990108699
0.246991250451458
2.62753020400078
0.489322288630249
0.758449547376884
0.414433958966831
0.292428320109982
0.33903044283667
1.54136520918528
0.600002330106136
0.55922547272028
0.482598883879158
1.34563629373318
1.26537578786714
0.227185348292614
0.292428320109981
0.450875537380727
0.111845094544057
0.115340253748558
0.153787004998078
0.135146155907401
0.316894434541493
0.18174827863409
0.711847424650194
0.344855708177507
0.447380378176226
0.432234688290053
0.0687381310218675
0.464625377185932
0.288933160905479
0.0978644577260486
1.68987685389069
1.12616639287919
1.02204047394359
0.866799482716438
0.370093553761372
3.11898919995804
0.526603986811597
1.07534398191838
0.0932042454533797
1.66253072827467
0.414758892267543
0.181037596262508
0.169191802686614
0.400778255449536
0.867600456700803
1.57071289597241
1.14139445201729
0.543042885603437
0.20342420747265
0.325201146412217
0.786410821012899
1.3269954446425
0.227185348292615
1.58054023510771
1.09981009634989
0.283107895564643
0.432689058986637
1.27376416995794
0.782915661808395
1.57690212389174
1.04510980625168
1.26677385154894
0.112849836310043
0.18103759626251
0.191068703179431
0.180583225565924
0.205049339997438
0.260971887269465
0.0372816981813519
0.400778255449534
0.0687381310218689
0.344855708177508
0.5266039868116
0.355636992765022
0.0699031840900354
0.236505772837952
0.265212214416366
1.07650903498654
0.825730313515787
1.1778686519171
1.07534398191838
2.58238952384281
1.60985867906282
1.1137907331679
0.0966994046578828
0.624468444537649
0.274952524087472
1.94039868115993
0.744075588643063
0.694371628627685
2.14497920380273
0.152621951929911
0.627963603742152
0.47534165181224
1.64969871727657
0.236505772837953
1.21280859343143
0.121165519089394
0.178465625109222
2.38952384281104
0.758129274288446
1.15573264362192
1.15922780282642
0.544079782834108
0.907576340102292
0.572041056470121
0.311069169200656
0.107184882271388
0.0932042454533803
0.0314564328405157
0.442720165903557
0.0932042454533804
0.390228816422592
0.517283562266259
0.0279612736360143
0.358836344995514
0.111845094544056
0.163107429543415
0.48068039099181
0.0687381310218676
0.0932042454533797
0.177088066361424
0.037281698181353
0.42873952908555
0.134808290517633
0.358836344995515
1.54834387706361
0.517456456141575
0.318904267589382
0.227185348292614
1.13126652919041
1.34563629373318
0.177088066361423
1.36544219589202
0.366991716472685
0.572041056470123
4.17904535551594
0.00947840574138175
0.0701141752006826
0.0651758647606396
0.208544499201937
1.78927685156059
0.414758892267543
1.65903556907017
0.124660678293895
0.442720165903557
1.77437582281873
0.180583225565924
0.0932042454533804
0.919540386564609
1.34214113452868
0.13980636818007
2.63768014633066
0.71301247771836
0.0279612736360143
0.111845094544056
0.0625226894085032
0.118445236680533
0.114251045635126
0.121165519089395
0.269273006885462
0.0233010613633449
0.107184882271387
0.167767641816085
0.344855708177509
0.0407768573858544
0.344855708177508
0.0792236086353741
0.372816981813522
0.292428320109981
0.615148019992312
0.115340253748558
0.0687381310218676
0.0792236086353728
0.764274812717718
0
0.0687381310218682
0.48815723556208
0.208544499201939
1.99573590577051
0.0594177064765303
0.154978155254973
0.0314564328405157
0.111845094544056
0.285892372397561
0.0128155837498397
0.0407768573858536
0.0792236086353727
0.42873952908555
0.711847424650192
0.540584623629607
0.652272552514767
0.107184882271388
0.516817541038988
0.0407768573858547
0.0372816981813519
1.0342763272867
0.741889366560649
0.15262195192991
1.39349900387961
1.53320983770811
0.0407768573858536
0.460195961926067
0.346093460557128
0.0792236086353728
0.107184882271387
0.516118509198094
0.433399741358219
0.879615066466277
1.80213018302983
0.173082613913063
0.096699404657883
0.143301527384571
0.76893502499039
0.404273414654037
0.279612736360142
0.406125849032419
0.691978143604439
0.149126792725409
0.260971887269465
0.180583225565925
0.335535283632169
0.14912679272541
0.167767641816085
0.703028438945387
0.0792236086353727
0.516118509198094
0.153787004998077
0.139636153926812
0.236505772837951
0.0372816981813519
0.0932042454533811
0.166582083813918
0.0699031840900354
0.205049339997437
0.386797618631529
0.447380378176226
0.960003728169818
2.90268905898664
1.20582992555311
0.233010613633451
0.33903044283667
0.125825731362063
0.274952524087473
0.237670825906118
0.376312141018024
0.191068703179431
0.321554646814162
0.264467046473968
0.680390991809678
0.442720165903557
0.19106870317943
0.236505772837952
0.339030442836671
0.264467046473967
0.0792236086353727
0.444712406650122
0.349821630375261
0.0687381310218675
0.0687381310218675
0.34835086738201
0.180583225565925
0.124660678293895
0.135146155907401
0.880780119534445
0.115340253748559
4.03153227779525
0.143301527384573
0.180583225565925
0.987965001805832
0.237670825906121
0.960003728169818
0.0978644577260487
0.0792236086353727
0.0687381310218686
0.0652429718173663
0.0966994046578815
0.0789918795801158
0.107184882271387
0.167767641816085
0.512623349993593
0.24115433457994
0.251651462724126
0.251237985390233
0.0233010613633453
0.618643179196812
0.171262801020586
0.0314564328405161
0.115340253748558
0.0419419104540209
0.121165519089395
0.107184882271387
0.404273414654038
0.0279612736360143
0.171262801020587
0.181748278634092
0.083883820908043
0.124660678293897
0.260971887269465
0.561631423811352
0.674565726468841
0.801218645509305
0.42873952908555
0.255146621928629
0.646604452832826
0.181748278634092
0.307574009996155
0.135146155907402
0.205049339997436
0.34544988524227
0.48815723556208
0.236505772837953
0.246991250451459
0.152621951929909
0.219029976815444
0.0966994046578821
0.428739529085551
0.163107429543415
0.0652429718173665
0.037281698181353
0.450875537380727
0.226518355411088
0.0792236086353737
0.964663940442488
0.866799482716438
0.107184882271387
0.180583225565925
0.0128155837498397
0.171262801020586
0.121165519089394
0.137697622126687
0.0864491512588394
0.0652429718173662
0.0594177064765298
0.498642713175586
0.0233010613633453
0.171262801020586
0.0966994046578822
0.0233010613633449
0.0792236086353735
0.198306478860112
0.470681439539571
0.180583225565925
0.181748278634092
0.0932042454533805
0.37747719408619
0.205049339997437
0.208544499201938
0.19106870317943
0.0512623349993589
0.701158179255058
0.0966994046578828
0.233010613633451
0.344855708177507
0.354863514033062
0.209709552270107
0.208544499201939
0.404273414654038
0.842787738981504
0.369216967832886
0.171262801020586
0.316894434541492
0.344855708177507
0.191068703179431
0.236505772837953
0.344855708177508
1.98874558736151
2.73069798329313
0.205049339997437
0.795924527862248
0.960003728169819
0.525394661726846
1.30951964861999
1.9081764589377
1.04738270828236
0.573206109538291
0.972865914042372
0.385399554949727
0.233202963895002
0.220183379352931
0.503302925448254
0.348350867382008
0.330455652254959
0.378287605000407
0.183828946908532
0.485547516689382
0.111845094544056
0.0407768573858538
0.0559225472720282
0.149126792725409
0.236505772837953
0.643109293628324
1.17786865191709
0.314916640452974
0.274952524087472
0.320389593745995
0.391457830904197
0.458034904989924
0.219029976815444
0.823692519194251
0.111845094544056
0.293593373178148
0.15262195192991
0.460195961926065
0.512623349993592
0.255146621928628
0.456700802721564
0.307702165833654
0.236505772837953
0.372816981813522
0.15262195192991
0.0932042454533803
0.516118509198094
0.177088066361423
