3.12943168711335
9.88772837952767
4.02462677524962
5.83206587210049
2.9422133678189
8.42915894819009
9.08275371943192
63.0561672084163
5.7159717125115
2.78423217177542
108.266891638414
145.689127841273
151.218062982769
16.0804636911211
3.27079922640477
25.0859860426643
24.2723021448627
36.2217212494029
78.5278029429241
25.6884008481587
6.48257663136556
11.0819847844069
4.51458063914811
12.1024803979821
3.50913984131977
4.23430382253911
2.47340766371909
49.4390269476775
8.45362506262161
17.4978028264187
27.151712161989
9.25867673272518
3.48373003390304
19.5728915452099
0.842333368284929
6.71807754593223
5.7410379457784
0.964663940442491
4.05414001607773
3.0885556837114
55.4535364020832
32.3360479069821
4.3301847774166
7.60651311267227
1.05724499900971
97.5587500145631
10.3799121549987
24.2237833933336
0.348350867382009
1.45513858306247
3.80126524763202
114.978434867709
23.2952360980043
19.5367749000967
1.81895669497747
3.99914951126023
3.34252560204118
23.2356291869094
1.38019770950566
37.8133216828027
2.79122249018443
5.35568965316367
3.96699404657881
185.380202369718
3.17243950461943
7.50689128889819
123.954452366805
17.4581863618888
22.5781285752565
4.62268591334334
27.0234059161395
6.85698635722857
26.3635313923549
20.8886431791967
62.2047347756691
51.8161698880384
36.9090205398856
10.4423706499831
11.7923049409901
245.089639183065
8.01578646907368
7.16740647536495
321.367826360491
137.211678957976
7.56418580266331
3.7203745645614
30.3372712127037
128.637690748314
2.41701862919856
4.82991611617909
2.36653163701605
6.304102151853
9.78644577260493
7.54704262929175
60.2041056470123
17.9138858014983
7.14294036093343
4.5611827618748
18.7837330630409
23.7044731047499
5.97955331865365
3.92852294572018
50.9489357240222
53.7841972201833
12.5986392180164
58.5928489042676
4.64196008528189
20.6736778395256
41.7776379714096
25.5728229235842
8.66914822970188
7.35170622021833
8.90450060000233
22.0222500669906
35.6872870574254
18.3846365616954
5.43380750993208
202.676440413361
3.69438327915835
2.51875665536565
3.34556394393764
4.16622977176611
8.34177996807753
9.53244684445375
26.6288083837219
27.8191477636806
51.4895203476518
174.111878997588
64.4288535877809
19.5589109083919
16.8143314342968
28.1082474106696
3.84001491267927
5.31683618188808
165.347070707071
138.457819253667
186.61818309974
75.9260996353384
68.2348280964198
178.241479500891
6.88087926555054
11.8229585357613
13.3382149056889
143.511236936842
4.76312036163248
31.6667308610907
65.9734600911072
36.4377337387718
259.75100613983
17.163293721529
3.87383349061549
8.14954621182995
72.2066267053464
7.86643831626531
16.6777346708143
18.005417496767
11.0202369717941
12.949564852679
70.9005500215535
16.3966366082975
104.934377570399
50.9322348047953
161.563734228094
15.9332657602554
24.3148788927335
6.21974065918703
23.0798876888842
22.8624067666282
27.6636327519718
10.8515838896462
157.239057239057
30.2483952559039
1.28043992403855
20.5817995409692
84.7820768235993
64.554879824776
2.72505912644321
1.11845094544056
23.4350424661843
77.6491512588398
26.4072069017745
217.329878251954
3.43457644495706
8.17538708888187
111.55033611781
55.3959082171192
36.1983212750341
140.277515640837
2.55367644146191
170.95522701059
95.3391188703645
95.6739953164867
3.14447823098342
9.45701536704995
53.0920275418545
45.6664145491827
8.88957627019911
70.2067469388231
89.9269395220954
229.211171810376
75.0888352964478
30.2820593478033
45.3006944881339
107.411835890625
43.2001677676419
6.63419092889683
39.1276375053884
27.3327908846248
159.699253667005
105.47341931425
160.557128377198
217.304171006489
25.0672818146867
38.3647590087729
6.37391446180374
123.72397562709
32.9548890286953
10.6491548705044
8.53761268975802
124.084267239873
6.35492118415991
6.95769692309485
1.77483019351531
3.96666212295968
14.6808303333216
2.46267752496126
14.1856861580045
34.1812589563455
25.1845751633987
3.83121305325456
15.9149570677944
37.7392810457516
14.8043293372013
1.04923514266076
112.856861580045
199.448452226999
12.1961775773887
20.5932975662041
9.04430696818241
22.8003099041161
41.3116167441427
15.2144280171962
22.6187270630177
28.1413791898221
111.331214800834
316.404089336269
229.225134738387
117.397538359372
210.696538627334
6.00674460871694
10.1173208439644
22.4275399904466
12.078337585777
4.98060186641502
154.93377651952
279.308829354677
13.2445446390084
5.79147880185942
277.253141682103
179.783111274218
110.779364114035
11.440174641455
44.2087057425467
6.09323267274824
147.239186210433
194.284249647571
190.800675264758
265.084139666562
30.4416273461256
11.0400428739529
40.6405461768783
225.764390269477
7.22867661621986
140.595090000349
175.177612340242
161.199293977841
5.30009145666586
7.61500821362416
118.695140563653
226.519927184183
1.42827059522562
96.5443188517237
111.490918411334
255.909280929246
10.7338669276386
163.130951964862
24.381818065313
305.517162862768
7.10065487632962
10.5627554670115
62.5621934454115
1.57515174816213
149.861036547715
157.193818111915
22.5071476005733
126.203275663206
23.0156233616441
6.02099425628836
22.6699222909603
3.32273135041301
213.27157387019
117.002784476833
190.459368774248
390.914708328964
51.7038784616639
33.9908450129903
11.5268015798119
77.5679716426083
4.30079712930923
45.6825109223725
7.18290820546876
42.2844402502533
32.3781533908869
153.873242692204
10.9769309007025
7.4825649808348
7.50643691820162
1.1497315717731
8.49393589878019
19.2227384572371
7.50975627089813
9.09524541842878
12.1377442242494
4.5429719338716
1.52571283771975
149.058984190229
223.070640895693
1.89670639497629
23.9480353710112
279.120207262941
264.572495427167
22.2661087227523
193.927166823949
238.686984609649
15.1039693358032
26.6319480852353
100.673400673401
21.5893071429406
2.53981568860462
201.339546677851
8.03770111728589
8.25671944357066
89.8904238463062
150.714760057321
5.46176878356809
1.46330665361807
4.97359989747532
3.52920624934468
26.3045886780143
157.583898500577
7.67550196311442
148.08545664255
30.4421259888388
15.5577458553237
49.4016142975313
138.455582817797
209.306195053184
37.0619575221651
5.34688290051612
13.8501508743723
85.8331899153006
31.9525170971539
34.5219596192606
2.35074749804854
35.581313830345
170.271498724266
14.5621254063123
12.047353698461
26.5667051134179
0.901040392389875
61.5660643342304
121.127592417835
0.47534165181224
236.020411729754
2.08194983281488
9.64453904675358
369.342112707234
170.241096081926
339.463108128575
134.082450805634
263.39053743898
23.3222536786551
82.3028438945394
174.694064520639
4.33886954900797
152.477706709541
6.4464449570678
4.65438700732819
16.8837044027355
1.55068563373061
1.13247107755758
24.96171635618
109.001386413151
7.57539640930644
1.28971374646115
32.9384078384771
7.13780247690282
10.2990691225985
20.0908624887864
9.1433364789766
7.63792480747497
12.9956893036478
9.22962625097573
36.9156739249473
26.8801043887549
27.8059818484732
13.0707303717684
390.664640755886
1.64266086470238
30.2676512530147
255.543196206587
3.85446157072453
13.0893712208591
8.35648515139866
175.631505365069
2.73554460405672
36.0146697657079
283.521277830205
108.350911537521
227.77921032703
31.8559923339508
10.6149442522107
3.24653687975486
22.4310858294595
13.2314437337621
32.0387556068179
35.6820803187585
35.4781960318292
47.3477566903173
29.4972156396724
30.1550685633731
139.418296459404
48.3433153915161
37.9436421889017
11.652314028404
13.3319421434647
178.287360339263
31.302020901052
19.1128459916349
11.3682442650263
122.986963056167
30.3794161919076
14.7703046613774
10.7045075903207
8.57221581443034
42.1504549532231
67.4698426013305
3.25632332552747
54.2448708538674
27.4952524087472
11.6039285589459
131.373387391796
9.12469562988593
8.31168385119942
223.88941316277
10.2280237204805
5.70111728589236
9.08810131301481
7.91136276257384
132.148374983981
46.0836949658057
164.162740554332
33.6436918201624
6.02448941549287
109.860240699964
237.538925122039
14.1423140284041
4.08403574382815
5.04577493504829
11.8488333158575
31.4390125010194
31.6754628173313
5.6714783358382
15.7915975207671
6.47318816772106
20.184937145387
171.859329162443
284.183239546561
32.1760646837463
205.633031584589
39.7324157375369
203.65065138117
9.32042454533804
30.8657900807382
47.7362845292602
226.94651241364
37.7924167860846
7.22798923490965
9.6419791921522
14.1018023370964
29.9810394603474
16.0144555124486
1.70070380855847
27.8813043934151
53.0998626402433
124.64489834912
9.68996260179653
7.21633870422798
34.2747428145352
36.3015356564491
23.1828638169468
74.064967553272
4.52972632903429
4.3335839362483
8.80427562825489
1.84544405997693
24.4754348560577
1.7650553982734
8.95647816108025
151.922064474037
7.6707094008132
2.2709587221698
7.24405531671967
19.9001666025887
30.9158533431198
56.5936178392926
28.488858131488
31.3818694441532
43.4790698216304
37.9706639637435
1.4159938485198
6.38145002504864
31.6928849044074
43.246769307842
5.01594445026971
3.25446145421923
2.16755047592418
16.1709365861615
11.3226730977596
2.23616219868815
1.8177968846481
7.97658371488817
8.32213344517844
50.4196440762876
3.36006559248774
6.80740507730128
5.66099285822468
35.5964362191698
3.75613109177122
147.431928861859
1.18718907646243
8.12158493819393
2.56333811005091
23.1601061363345
1.81117984924213
25.2618456770706
95.1580314098307
22.2038027332145
5.9172928826908
6.62216163946268
9.2324223783393
23.5562079852737
3.7447019211725
9.56903521955426
6.1890652779234
8.14721470762992
17.9672037561311
34.9019491337831
65.3106986823249
6.4061751307772
1.6411928978365
104.084676056994
16.3524402036513
22.4053401372432
8.68447927953118
1.89643272401058
2.66539675882236
13.8960423147274
11.1081989444619
7.18393857840225
233.709645474351
19.6646803676907
0.629856931483232
1.79155464681417
16.636862745098
34.2109047802127
10.190719187259
19.6416296762317
130.180168000652
6.82604592639195
0.980730022252513
3.34020714643551
12.8240676662822
149.493784441881
3.65154241375695
2.21102606223714
8.56547015716565
10.6036023440868
15.2489317628418
2.06888958792072
2.51137103445062
20.6139889086948
11.8211852084863
93.612010648585
15.2894574347862
101.515489380541
48.3031002062144
7.7012221406685
5.43730266913658
27.2715622196591
2.42797059406057
14.9596182121096
6.53684375473303
52.1326296412802
9.31678713315393
2.27437593932404
2.29351181946337
14.3010264117531
37.1639778406906
101.144531357404
7.93376673307469
7.38201519229199
21.489855300409
41.870842216863
18.6222082415854
15.5375130777208
6.51864096559599
13.4906038470052
21.1487912574417
53.0595906003519
26.0300905246234
3.77631854880992
19.6975522235038
24.9333392751041
96.4335278971957
3.68614344133374
2.60389360735382
3.17493959199842
20.5489771999115
1.26956997891254
3.70112322766302
29.3866148218051
149.119483065954
2.93429100695536
35.1031061479851
198.04145072408
16.6473715237729
6.276140878217
378.026633113138
153.306342665408
3.28428459916349
1.31767502009716
123.431842181911
148.441599268347
4.32420397749118
50.4856057693429
8.42915894819009
158.683711393054
5.72587175095826
6.90444129880116
232.535394428716
25.4045519788427
32.0543380750993
213.441217247446
17.871589132385
230.406335558585
44.3325993499004
16.5530739925204
117.540025398157
3.64778115643168
4.70126454860018
95.4600271457365
157.916174431745
26.6085696643482
7.40595109107219
7.89880104388753
2.47639614134424
2.05825265340836
2.47329768270945
1.02034182657021
3.67224727086319
4.04808174012327
19.4784691202685
14.9208229934873
10.7005347593583
61.9736617617933
7.18673470576583
64.1571423578344
3.13727820302214
11.5608215954237
12.9029627299524
8.62280055456533
43.7349271259306
176.663186769657
5.02836904220988
18.6874711358102
13.6306548763296
68.3886151014179
10.9702882341291
2.21029802057484
140.179185161884
135.71936201694
126.202043503082
18.0435425768644
4.41322102221756
158.046439015297
7.44127072338144
36.2209173627859
11.5363908986054
19.6882317989584
5.67812508009738
10.0774760290331
2.5423671548239
132.994291239966
28.4917922011347
15.4573288828307
10.5851188936656
53.9537641699579
15.0839420735615
8.27653699626018
48.5361108198479
46.4005685458973
18.2994885417031
34.1162489951417
18.2544768329197
0.852560087611997
5.39737059173046
14.7883973529994
6.37445970663963
3.02331271189403
8.2500940197826
11.8683956054198
3.09925681264784
1.57082369251919
10.8082690806566
4.41806111868394
101.326750783498
85.37170493866
6.50260808779839
8.68407943331819
68.1961747812613
97.7070818915801
15.479339647921
19.8161080237205
10.0695536681696
14.2735195088137
35.5337345776102
39.2364115200447
11.2252922535621
58.7011522374844
9.59098668344343
22.0446024256405
68.0705556138082
4.81865948993978
2.02894970465904
9.96095907168573
315.829171880279
7.23904081180898
3.07723078536228
1.97102513019469
8.31366152878263
78.9195297845817
7.78721470762992
8.89004229142637
22.3781821676977
9.64113790733167
8.91445143476285
3.03082159542367
6.16962520242798
16.258315566274
5.85985937809467
85.8616955017301
2.37226521268042
8.50650682138572
7.37711602763508
4.03381356820802
134.239264618503
3.36544813766266
2.32709750329131
1.20068633276245
19.2501718453275
5.91380937401699
2.46666095790668
6.33206342548903
30.7640175690003
12.689338599373
0.955180408467607
12.1151364859669
21.7591344820757
101.416823832326
3.41211422180281
2.12855195554158
4.21749210676547
4.26292917642398
19.5478451178451
8.01560367224728
12.4835436254122
11.5133492945604
4.48614169375414
17.7358633625762
216.548169119103
3.39334976058158
13.1173208439644
100.048932228863
1.82680321088626
8.50575547866205
208.358642829681
229.495604138268
8.71900213204711
172.060694138618
100.741808395372
321.441339694523
4.39211771696202
34.9236307713817
16.3488461314413
6.4646058042944
2.86112567427446
107.287406941386
0.575430312350717
115.161590530449
4.00195728915453
142.300584973145
6.62361317908032
14.2346183868675
10.0415923945336
12.3979280696236
4.51458063914812
49.9141741521326
19.0673163002575
59.5854741183461
4.14472883389839
20.1670178136614
14.2346649889903
7.20002796127364
18.6664569571144
6.984481493132
39.4282194493959
57.7319505318467
7.63149965630935
4.69332727505738
12.2004357298475
10.6625656798667
5.26603986811599
4.01170831731385
166.878701082334
31.8327449815339
12.4223042419582
82.9787353348943
3.72497699020192
23.3631553132245
38.0309386832571
7.52366700453204
12.1864550930295
160.118124730582
10.8468131138373
1.23379119918913
188.276059790523
107.300280661284
2.76504968951335
2.1203965840644
10.3666761035965
16.4831731385365
1.46306094392599
12.9989514522386
24.6466976570783
2.98974753300014
8.34227523213681
33.3054461570725
34.5751227383407
19.3507964302774
195.797042629292
25.3523529411765
14.3813004322347
6.53408362750922
22.7285378583994
32.2688653548169
7.00235853343119
116.402341640162
4.81865948993977
49.2540550837091
46.5089184812368
6.50477963021222
20.2701264082579
2.36827327484767
38.449818135216
13.687349154754
30.5100950683304
6.58371488821315
1.9141821909988
137.471601831463
20.1201286218587
16.3641489869863
2.52772243775704
2.28232731000897
23.719684037608
7.02375030582644
162.584734076637
33.75812228397
185.348805238079
38.8976267869001
5.68447508534015
40.8903801568161
118.328603217877
18.0837090629478
8.98790104039242
272.793680752158
4.15671023965143
3.20040077825545
5.1457219251337
6.59330222641641
6.37166357927605
34.6847948924073
23.7011791502103
136.447507485466
176.1371196393
21.7971282606923
3.1934593920753
3.66160521011732
4.37963149371456
15.3740402875351
2.9207880418953
2.84738969860077
19.1933744597066
3.66330840119767
36.9692648515139
0.898255915556952
7.44214276560297
266.890622021833
36.9888779373901
5.62213262964131
26.2947630864588
0.917817156571482
11.4312560437128
2.10756934978389
15.6556777696224
1.93863187818205
245.680325282817
5.50371069402211
5.51496266004918
15.5490778604965
294.559155569536
12.4220123961647
9.26669183181296
70.94703249333
20.3891690841518
142.558951801755
37.2290446564841
8.42566378898559
3.24817855603323
20.8591012780632
165.17073852714
2.71653093798423
7.55886430626916
37.3396585229458
34.8043408712267
13.029642678224
13.9002481563035
242.311328743024
4.40124241259188
9.80974683396829
31.5861492665991
11.4326541073946
16.7237701117286
13.3334818775995
37.4342078221663
3.47651835541109
228.222235736838
270.856477462048
29.874701338646
14.6365616953852
174.424942737642
176.319131336432
6.42483928092924
9.54806426432723
8.87959689163841
4.30998566984728
7.5470296972027
3.93787937040533
3.42873952908556
115.725245534934
18.2420449011452
59.7571912900632
35.194752600981
163.569845047942
339.35954423124
8.58281208859063
3.32155464681416
4.23952046415716
6.59886057809933
206.221474141647
128.775187165775
4.19014260249555
2.16233849451842
1.40713944520174
5.38138012186455
53.5813731315461
2.76186315286661
4.43356704297881
24.1259189356075
36.8597647757855
122.107506902939
17.9104133608286
2.80894294735125
92.5563505877692
17.5156291869095
4.72079503221371
9.37634709261007
146.276734006734
167.22501823308
302.485058194401
11.8227547679797
10.5854275162234
176.774696328918
117.348805238079
3.31399939417241
40.9170789789475
114.925716216374
13.8795497069891
5.08824111938298
2.27580301282723
9.66410354991669
8.479075763401
5.50790488506753
4.64506658278284
34.0645089883844
4.26292917642399
8.10594654736527
12.5346068528421
4.0559098481936
4.7470146680181
4.70098913005488
1.74936108489743
14.2381474491163
14.8355411088975
8.50828131371382
3.63846073188633
13.221022217562
118.560389943262
131.203616324724
22.9559609940233
131.639345589692
8.67334242074728
3.19035289457435
3.75383022846691
17.3017439679377
243.029359337318
9.73401838453742
6.91491617443177
11.9823662227814
10.9281977794088
57.7491645404448
9.9562558689548
55.0471090373163
140.098796500181
3.05127398553004
78.3369915999673
11.86065312875
56.1275966120257
22.8579090792586
60.5714421026876
20.0880663614227
1.13218692111426
3.57180804585649
20.6570073281838
1.46735859168384
3.06696154159823
