1.75369892698613
0.124660678293898
3.0990411613249
12.5406312257523
10.2744058811879
0.374444677455052
32.6130956625074
0.0966994046578815
11.3374915242389
8.41168315216758
0.0314564328405174
0.139806368180073
0.264467046473965
0.0559225472720294
14.4011794997262
23.3290226369811
26.4362191697832
0.440555963324132
22.5600876119907
7.03273519508814
17.9255232835856
0.404273414654038
16.7485582468281
19.5236405578274
9.56326820686686
19.2886185965771
1.87690049281745
14.1825521652511
0.227185348292613
15.6626093693568
4.39226684375473
4.40273554460407
9.72263290342878
22.8012535971014
12.2768933859937
9.27848263488401
14.454169724931
0.594864446075514
8.77264268987452
8.3044982698962
0.724502697097849
8.84508289352579
15.1403189915301
4.46475027087482
29.0037662670534
0.0652429718173658
0.222970069786681
2.41748511644706
25.3084249647572
27.8051298451643
23.7146552025445
0.316894434541495
0.177088066361424
12.6700634953922
7.60878578169235
8.7586940920159
22.3538732189251
0.0594177064765306
11.3091701326995
0.0407768573858551
6.01715237729079
2.89282676825929
2.69005755362157
10.8907551873988
12.2784942854147
8.08530238952386
5.05312071114838
24.7589457434786
14.3849102326611
15.2057053813801
5.57615415982199
21.1735694895903
10.7685855090699
16.1930725944567
6.00701361947036
15.3704402735544
12.175969615416
10.5542157445272
15.7973100089709
10.2572030570993
3.51846026586511
24.1725210583342
17.0417544534154
2.43612596553773
8.17986368879103
14.1523661062761
6.03497489310639
20.3337051017674
5.39312979856232
18.3554110889751
16.090547924458
9.52520312700245
1.15990481516433
16.1869969592115
0.348350867382012
10.5542157445272
26.9302016706861
19.880465555206
25.4791565015786
17.2210281593327
11.2238467722205
3.84362785874896
1.36322521640859
17.1402607388767
16.1691865599478
8.77584844989681
0.652429718173664
18.0243555508953
25.5134971397947
11.3228770985518
8.51304276909813
2.10059068190556
12.3449023103002
0.0279612736360139
0.237670825906118
19.8462013444712
15.6276578938171
0.127911176354081
21.7855662740438
16.7625430778372
21.134062656554
21.2268068225507
7.0590565400254
20.1512588398402
14.2544768329197
2.46408723917374
3.43103701373597
9.28314284715668
0.143301527384571
22.4689785979751
0.488157235562079
13.5472370766488
19.6805774003006
17.8875141262685
11.1001596122703
9.7526475830974
11.0069706290122
3.26680880314099
21.4870737362087
4.12428786131208
21.5293511819463
3.64979436813347
2.26698635722858
12.5548647955914
5.26953502732049
17.3018484731979
0.34485570817751
10.7324688639567
1.1108170517167
3.11651695734741
8.40303892442299
7.84044551629327
0.0652429718173669
6.55575361457714
3.67224727086319
12.4568201041557
12.2563582771195
6.60318292498223
2.50182330805167
12.5779129239337
10.6812065289574
4.79419337550825
9.36104423706498
2.85603718849393
26.0133049060385
5.52118649004463
16.2409096734356
0.400778255449537
0.233010613633451
11.5274837183834
11.9149977281465
6.05245068912889
14.5565943168711
12.0548040963266
12.078466324141
5.36853785839945
12.9973320284739
0.612567543951626
10.218680460895
10.4771964162968
0.522057833234298
1.84893921918143
8.99244940757052
3.40661517132105
8.09967028998171
1.13155208369741
0.199224074656601
4.14176365733459
19.9157987021309
0.0233010613633449
5.4045068912889
6.51497675719129
10.9266658511295
5.1588549858446
1.06252839816854
2.23323849801357
23.2186711404704
15.3320983770811
7.36313539081705
0.0687381310218697
16.51
0.395463166847248
4.13879230598954
0.516610627614088
13.8816073072128
10.0909789940932
12.3737075483788
7.45890869479104
7.78604965456176
8.76341395500565
14.295100835343
17.6275617769389
14.934815280836
13.5249962135775
1.55813032283621
7.97828341080936
16.7592333950811
1.66369578134284
1.4137568301236
14.3394731630026
10.4947980380506
12.2301393403469
1.01592627544185
11.1269999883495
8.00866053848753
8.09362366455791
18.9891999580581
16.5986746356296
0.279612736360144
10.6567404145259
11.2254722542612
0.0652429718173684
1.97978632926731
14.3849102326611
0.0690904430696812
0.302913797723489
0.223412906457886
8.55894399589902
0.633905374389801
14.8354152831661
0.0978644577260511
0.227185348292618
16.3014225297962
4.79419337550826
12.9099170482215
0.115340253748561
0.358836344995518
0.600002330106135
0.0372816981813519
29.5364253841762
0.264467046473969
11.0230470797945
15.0711264898116
22.3527729428075
3.00978073701256
0.0407768573858551
13.1076218936773
7.01361947036687
0.0594177064765296
0.121357869350945
0.447380378176225
0.55366246082509
4.53460790138991
17.5587770437944
0.195728915452098
20.6202742534923
12.9979821280859
0.255146621928627
18.8149098831452
7.92333577994478
10.2570679109433
23.5154311278879
9.51172206494003
12.292560087612
0.180583225565923
17.1437558980812
11.9146384257803
15.1800928547296
0.0792236086353728
0.14586650821945
11.0295573963394
0.0407768573858536
0.208544499201937
0.0652429718173658
0.171262801020585
0.456124217958119
15.1834842077057
0.0419419104540209
16.9293861335384
1.1778686519171
0.107184882271387
16.4449630095651
2.5118544149686
0.205049339997438
6.60818100264466
13.3375275243787
0.566920764740835
7.03654526813694
0.428672422028827
3.32790418603567
0.305799750678645
1.68117157736535
0.0687381310218688
17.5736604802349
0.0687381310218702
17.0035562079853
16.9678328847879
2.93127351950881
16.5124475434856
1.18718907646243
6.38798597276106
0.153787004998077
0.223690189088111
0.0314564328405156
0.293593373178146
7.63149790872974
11.800680857013
17.6389034520522
15.1817192688127
0.339030442836669
13.1265050738061
11.0167418125896
2.27995246583482
14.064266191325
11.2925126699521
0.0409558095371242
0.0838838209080418
16.5830200505634
0.251651462724125
1.716641734531
0.124660678293898
0.908741393170459
0.107184882271389
0.0233010613633463
2.38501403888944
19.7161930725944
0.0314564328405157
16.4086074120676
4.32001677676418
0.0923518926287076
0.265632099542137
6.4718697936691
0.330875071359503
0.987965001805836
4.74538417624924
3.49859133433528
3.60988151410296
0.358836344995517
0.0932042454533811
0.265632099542137
0.632612165484132
16.9165705497886
21.5474258152458
0.037281698181354
3.84351007188378
28.0718999685435
0.107184882271388
8.043273216595
1.04854776135053
3.8136114315007
29.8020574837184
0.0233010613633449
6.45439399764659
3.10719653280207
0.0233010613633449
13.7138396653967
3.45321729404774
12.1107266435986
15.2528747684457
10.9107946826978
12.9029627299523
0.246991250451456
0.0356767210746448
0.0407768573858536
15.1877343212983
7.70216583365371
0.124660678293895
12.1911153053022
0.0584740134913164
1.48544266191325
0.111845094544058
3.35384420910373
0.069903184090036
5.29400114175201
0.0419419104540209
0.0594177064765296
8.16003168944346
16.7336572180863
12.8482052357485
0.59045017650554
1.20582992555311
2.16583365372292
1.06969056190509
1.78825160486059
10.1347966399869
6.04609544114735
7.09017510747615
0.205049339997439
7.60546642899584
14.1563519858329
1.21515035009844
9.08658487994129
7.49959700814374
0.344855708177506
0.124660678293897
13.1452937681311
18.4113336362471
0.320389593745997
19.8860171495812
6.31913413255973
0.0838838209080441
24.7426863793646
9.92268661237518
0.124660678293899
0.219029976815446
8.26884519939882
0.0652429718173658
0.236505772837953
7.14410541400161
2.53415632682068
0.767769971922218
7.12546456491093
10.7045075903207
0.0407768573858559
3.8994326191558
5.06099052811855
6.74798737082473
0.680390991809679
1.62383931588083
0.636704297880764
0.20153507392262
0.152621951929911
6.63006349539222
0.781067771136977
11.2911746065033
12.5556896531637
0.292428320109982
1.69788822480864
5.61206062936167
0.618643179196813
8.32981009634988
0.405438467722205
15.1270490370836
19.9258619645125
0.195728915452097
0.394057763331121
0.237670825906122
0.619980077592526
8.65385154893803
0.0687381310218676
16.2926495636876
0.0873789801125435
15.4266955599828
2.46408723917375
0.125825731362063
5.36390432584205
0.414758892267545
13.2906667598709
9.24003588363449
0.0233010613633449
10.9371803385644
0.20854449920194
7.63411508394208
17.20240746566
0.149126792725408
0.572041056470126
0.135146155907402
16.4540444817261
3.70737257232068
15.4299628348071
0.0407768573858536
11.9429590017825
8.09362366455793
2.65632099542135
4.36545384642271
6.8273302808943
0.236505772837951
0.0372816981813519
14.1577248843685
0.0407768573858536
2.26835832372164
0.0792236086353728
1.70097747952419
15.3740402875351
0.0932042454533797
0.121165519089394
20.202555543905
1.28764216560065
26.1983473722228
0.0559225472720278
12.2610184893922
8.43973425139513
9.63381217014436
0.0128155837498397
15.6427149231647
0.115340253748557
0.0233010613633449
11.2010862954808
14.6113325876994
0.124660678293895
16.8605374389803
0.0372816981813519
9.89363065487633
24.2552398261741
11.6866075984761
11.4151315927441
0.246991250451459
10.4133985763052
18.9180366525695
0.0314564328405157
5.46874791746765
11.7571576200296
25.2490300933208
0.0873789801125435
23.7798981743619
0.0594177064765296
13.3794694348328
0.180583225565927
0.0699031840900348
0.0559225472720278
10.6060717905701
3.98975347477074
16.6786493539781
9.86566938124032
4.56763995199981
0.764274812717719
13.8221896007363
21.7771719501823
0.119522794263278
11.1134412172475
10.9740369088812
21.6486227907681
0.292428320109979
3.3122458727995
5.5616254820407
2.21242412591893
17.0097747952419
10.0569971922221
19.1177169620076
0.199224074656599
0.538009856348958
0.0512925098738244
10.265029068074
1.67051029324385
34.241647268533
25.0822983001876
22.9597008143721
8.50372234455279
25.3002924283201
21.1142567543952
15.8105012058299
10.330525555439
3.97399601551851
14.6552025444759
1.14990737828108
35.3104283900132
0.750294175899711
24.0771352510107
3.5136933347314
10.7718069973087
2.0924353104284
0.180583225565923
22.9362220824159
16.780259340813
21.1072547854555
0.536328335255674
25.00968671723
16.1930725944567
22.6579520697168
1.99923106497501
0.0594177064765296
9.88314517726282
0.0687381310218676
4.81283422459894
5.8811878881083
14.4315123553878
24.0114622581058
9.03703284284599
0.124660678293899
19.583434226929
0.124660678293899
0.596507170901636
2.24039705008563
10.134796639987
2.89116586860533
26.291944939592
10.9340696468724
7.5483148672422
27.4287571213869
20.3181586336257
15.8668577353698
15.605635478196
19.3631819929398
0.0873789801125455
12.2104346812997
31.2455582351776
1.96119627649039
10.4999335919751
12.1831235072758
16.4533979937786
11.5235398972423
0.0792236086353728
18.3554110889751
2.54797106008179
21.459831416821
23.7353245255322
11.4489765008796
3.74215045495322
0.135146155907401
10.3775064369182
1.83146342315892
15.4797693194925
9.39561986648491
12.5126699521163
19.9192590262486
13.9060734216444
14.2183076439132
9.57207600806217
21.8890170447264
18.1503617489777
0.163107429543415
6.05245068912888
16.588870364545
21.795812799273
0.274952524087475
25.4586725385341
21.130657322941
24.4334929456037
0.610487807719644
18.9985203826034
6.54787971992125
3.2816342199387
9.20316090547924
0.394952990108702
17.9639532580709
0.358836344995512
13.1970513671898
20.3343567159484
17.2089988698985
28.260587419757
7.86619365512099
8.61422529796231
0.069903184090036
19.3445411438491
20.6913424906505
8.51304276909814
12.3805412836555
5.71736977619329
8.34195892022882
21.0636947327951
29.9977863991705
17.5445341535307
5.12389360735379
8.54216909580232
9.58605664488018
5.46151188936655
7.56235946547365
18.9824515046661
0.627963603742146
1.76156023906889
8.55365931518181
0.152847855719827
16.6742395116098
16.880306059441
27.8902053988559
8.43964442580359
4.17884624794658
16.6145248331061
0.0966994046578815
5.27464961028975
0.512623349993588
19.8037002085445
15.2081390607342
19.5763867044144
13.5181107499447
8.65284913727821
21.078140109282
8.34527512728204
0.7223329022637
7.86879172346296
0.134901494763084
10.6660608390712
10.6549624270385
16.7688710635769
13.1648438246361
4.17853867393657
14.6360084116831
2.42797059406057
20.7426048256498
1.18369391725793
0.961800706022164
6.65480363030537
17.0783223235818
20.3083721878532
23.8554453415353
10.9569805319632
10.3305255554391
11.489010054408
15.5557885661692
10.5448953199818
2.18422413290927
30.2820593478033
1.87529866135404
14.3804364288793
1.33699754173803
18.0723031934105
0.152621951929911
12.6426922046299
19.9492036862279
14.7532888283061
0.0932042454533797
22.9690212389174
0.0419419104540209
31.7783103235352
5.17181911386063
6.20831381869448
0.181748278634093
11.2343377255834
1.21009681590997
21.2862757913623
28.115975324176
21.8797693194925
8.96866193655119
5.29866135402467
18.0769634056831
23.3194785222467
0.608845082893526
20.8719257162164
0.973984364987827
19.278732888283
0.199224074656604
22.993487353349
19.1433004788368
1.25825731362064
2.04907797700183
11.9292840748896
18.9141588899374
3.95535516642784
6.04917689000733
0.0966994046578826
1.18369391725793
23.4175666701618
5.21361248004847
2.46991250451457
25.3456246432025
16.3621245907751
25.4575745925227
12.3402420980276
11.1973250381555
0.936702666806472
7.55303904092831
0.27949902718069
6.3937705777498
1.1312665291904
11.8852761758298
13.5025581070218
5.3012071114839
6.31201286218588
11.7017930166719
10.9795406195753
7.80891079188657
0.146266703948362
10.63408013235
13.7324805144874
1.27107289737048
2.99535143825801
6.52779234094114
18.225346894551
25.5973809607028
25.1563925296798
0.233010613633449
6.66142672398728
0.25000873789801
8.90450060000233
0.0966994046578815
16.6418103759627
4.83059557512844
12.0957267018513
23.9348502324281
0.3308750713595
0.120361632472358
0.135146155907401
5.03302925448254
14.822970186292
8.37323640091805
15.4775883401489
3.59185860915965
8.68300292428321
17.4152132629641
3.95535516642784
0.540584623629609
9.98763401022918
10.8303333216828
0.0873789801125435
9.52314377919918
8.03768375799518
3.02913797723486
0.488157235562076
3.17243950461944
8.30449826989621
0.111845094544059
11.249752426223
17.9339250637866
0.191068703179428
4.17904535551595
7.80461174606505
16.2884264793261
0.135146155907401
15.234233919355
0.177088066361424
4.83449151258838
0.318644810271106
11.4092541330258
9.84023056400216
5.14147833583819
18.0938683257022
18.669031724395
0.0873789801125465
0.0873789801125461
0.873609334405179
0.680390991809678
18.103759626251
0.0873789801125465
3.20644740367924
0.135146155907403
0.124660678293899
0.464652406417116
0.0932042454533797
2.06913424906504
6.53863712092086
1.30951964861999
27.1022626495637
4.96362133445181
2.74952524087472
0.862139270443769
12.6478161080237
0.0966994046578841
0.414758892267545
13.5184607318863
17.6528840888702
0.208544499201939
6.96723870772314
23.0240000932042
0.283107895564641
21.9708842752787
12.6792725408642
1.36544219589203
0.882603544091435
10.8916034625377
7.50294175899713
15.0839420735615
18.6315286661307
14.3695141728706
0.125825731362064
0.685738585392565
5.88168315216756
4.90603847005231
13.670785245768
15.5460080621672
10.8434111588783
0.336267402980204
18.1557082940129
5.01264362191698
10.305464215395
0.237670825906118
0.124660678293895
19.1024314657533
0.260971887269463
0.637546281733126
0.152621951929909
0.330875071359498
11.0159098481936
0.180583225565923
6.72625027670011
13.609857630515
0.819393473372708
0.302913797723489
0.598965432875467
7.00048361352858
11.8563023545723
22.102221756201
12.2251174956019
10.7883914112288
3.48001351461558
0.205049339997435
11.319655610313
0.348350867382007
21.4498964267822
0.517283562266257
6.36746938823063
3.6862279076812
11.1711229946524
7.21599513007817
0.320389593745997
0.364501299034174
17.037736068878
0.283107895564645
7.18398471450371
6.63031701093985
7.37621788822478
12.0186874512134
2.62835972178532
12.5157480223224
3.53593606188762
0.468106672258922
0.348350867382013
12.0641245208719
8.76183099740194
0.838838209080427
0.699031840900354
3.9920920857945
6.4124758542752
0.154375473302812
17.4391928512344
0.177088066361426
0.236505772837956
0.223690189088113
0.274952524087474
0.219029976815442
6.05280300117671
0.177088066361421
11.0842490650449
3.06059441007538
9.60947700767768
16.9243870073282
10.6730120116971
0.208544499201937
19.9037666165694
14.4128715062971
0.0687381310218676
0.205049339997435
2.38040042873948
0.600002330106136
0.344855708177505
8.09827222629991
0.948120186874502
1.04142357834398
7.08933626926706
0.49280579730407
11.4375850780003
0.434925960877519
2.44661144315124
12.8638686752181
22.0288234129065
17.6668647256883
3.23884752950497
13.7656309344891
0.460195961926068
7.88916279286524
0.313658383139348
0.363496557268181
9.34592184824016
14.9969382405369
2.47340766371908
4.60894993766967
0.292428320109983
0.246991250451461
3.87147134551979
1.77746274742814
6.98351682919158
0.171262801020585
0.125825731362063
0.102996632996634
18.9530833129449
1.19033751587384
20.1181363811122
16.4210296739016
11.6179091957639
3.74374086889657
0.0873789801125465
18.4392949098831
4.8344128715063
29.0063582771195
0.335535283632173
0.236505772837954
18.3073992520359
13.6299558444887
0.10718488227139
0.219029976815442
0.377477194086188
0.27495252408747
17.7238474712523
5.11061013829179
14.6040665012291
12.1708317313853
8.8785693148323
1.94330851770298
2.17415492875701
25.3629606328568
6.65827828457587
0.404273414654041
0.339030442836674
30.9484697027949
0.3949529901087
8.74557571097363
6.61202847389698
12.4287861312083
1.76505539827339
15.873149021938
0.478836811016743
4.49630095650856
9.24023161254993
0.124660678293899
24.7444950077476
10.7693194925029
0.460195961926069
0.358836344995516
11.9627649039414
20.3406615171321
15.2668554052637
18.2607971293092
13.9835320913868
30.0238700732818
26.1531112742185
14.1368606480026
28.5674100870295
27.2407139445201
25.1500005825265
21.2514417531719
20.1523982617408
17.0640923654072
16.4505493225217
23.9478581664395
31.2700243496091
17.9771709016345
12.6478161080237
8.1227499912621
3.84351007188378
0.191068703179433
3.23664557920613
16.9818474246502
8.16003168944345
11.8731257208766
10.6787161115189
11.8094462502767
9.80974683396829
10.190719187259
0.428739529085553
7.82870178136614
6.64009180618178
0.442720165903558
14.0933319352697
0.568545897265616
6.73866694627941
10.0188300537089
1.56330210991111
17.5309146831638
0.223690189088111
3.71418918131721
0.44272016590356
3.80855847983876
14.3645743478616
4.36876853890694
0.568545897265624
3.24898628732538
9.56625074272134
