0.15531322451738
0.135146155907401
0.152621951929909
0.577908729742642
0.316894434541493
0.0652429718173658
0.279612736360142
0.0966994046578815
0.193620169398713
0.163107429543419
0.111845094544059
0.10718488227139
0.115340253748557
0.0932042454533829
0.0559225472720278
0.345048058439056
0.222047464261996
0.0426292917642407
0.540584623629609
0.0932042454533811
0.271061712861025
0.292428320109984
0.121165519089397
0.0873789801125435
0.47277853506227
0.348350867382007
0.0320976780492353
0.0966994046578815
0.178282362261599
0.463912481213516
0.12238777626321
0.0687381310218676
0.227185348292618
0.180583225565927
0.0932042454533797
0.0966994046578815
0.0792236086353754
0.139806368180074
0.358213158109352
0.379182365756761
0.045540875886895
0.559225472720283
0.760832197406598
0.0924884368482977
0.488052846807172
0.0372816981813519
0.107184882271387
0.492157911292862
0.68039099180968
0.496765113650925
0.209709552270104
0.223690189088111
0.292428320109979
0.680390991809676
0.302360514021407
0.0407768573858536
0.0792236086353728
0.0752507776729215
0.191068703179432
0.121165519089394
0.159134598580965
0.445316370160663
0.203746810667228
0.205049339997438
0.118302284669067
0.22381834492561
0.0792236086353728
0.288933160905481
0.329972271736973
0.143990772779698
0.371191849288735
0.193591159577321
0.34835086738201
0.0434681299733203
0.338776927289036
0.32155464681416
0.227185348292613
0.124660678293895
0.292428320109981
0.282155348176111
0.152621951929909
0.0510176738550423
0.711847424650193
0.177088066361425
0.124660678293897
0.432234688290055
0.38679761863153
0.422914263744717
0.467081425558934
0.195728915452097
0.165536681695854
0.115340253748557
0.572041056470121
0.809368308226437
0.0838838209080418
0.236505772837951
0.540584623629607
0.794787552573018
0.110760546642899
0.512623349993591
0.219029976815446
0.179513706849344
0.124660678293899
0.13980636818007
0.0699031840900348
0.25811179849242
0.488157235562083
0.292428320109979
0.417770670954055
0.107184882271387
0.195728915452097
0.124660678293895
0.246991250451459
0.171262801020588
0.171262801020585
0.54407978283411
0.907576340102291
0.267302669136579
0.845717963953262
0.233010613633449
0.374567357543133
0.305416797735134
0.51611850919809
0.288933160905477
0.627963603742153
0.335535283632173
0.683886151014177
0.231405636526746
0.233010613633453
0.236505772837953
0.302913797723484
0.264467046473965
0.236505772837951
0.516991250451461
0.191068703179428
1.48747265037922
0.320389593745996
0.121165519089394
0.554565260447609
0.534759358288769
0.236505772837951
0.521605909149166
0.370124660678291
0.329832465368792
0.478836811016745
0.142730651381171
0.0838838209080418
0.0737040532196241
0.0314564328405157
0.135146155907401
0.191068703179428
0.167767641816084
0.124660678293895
0.102783777801078
0.226559015763166
0.152627893700553
0.852818845898432
0.40077825544954
0.0687381310218676
0.374318851723698
0.172876516025304
0.0792236086353728
0.0687381310218676
0.178325818741043
0.49642258804888
0.768935024990388
0.163107429543415
0.0792236086353728
0.111845094544056
0.188725897964654
0.11534025374856
0.359430522060283
0.191068703179433
0.456700802721564
0.222041755501958
0.318578052730299
0.400778255449533
0.386797618631526
0.267778127293698
0.814372094648911
0.498642713175582
0.400778255449533
0.526603986811602
0.510887420922018
0.549567182785179
0.236505772837951
0.149758717509583
0.124660678293895
0.372816981813519
0.255146621928631
0.488157235562079
0.177088066361421
0.0932042454533797
0.0873789801125435
0.0688667528805941
0.448906597695524
0.422914263744714
0.124660678293895
0.339030442836672
0.0687381310218676
0.292428320109979
0.0966994046578815
0.107184882271387
0.0652429718173658
0.320389593745995
1.01174187084222
0.0932042454533797
0.460195961926068
0.0407768573858536
0.124660678293898
0.163107429543416
0.146552025444761
0.167767641816084
0.124660678293897
0.0652429718173658
0.219029976815445
0.283107895564643
0.177088066361421
0.272788321508043
0.177088066361421
0.0932042454533797
0.567742010648587
5.37859708105235e-32
0.559819649785048
0.191068703179433
0.198271527268069
0.208544499201941
0.304574114850931
0.208544499201937
0.208544499201941
0.14912679272541
0.149126792725412
0.820197359989742
0.139806368180073
0.205049339997439
0.279612736360142
0.255146621928627
0.320389593745995
0.32969836776065
0.745893071429405
0.0873789801125435
0.0652429718173669
0.422914263744711
0.0873789801125435
0.149126792725409
0.0407768573858551
5.37859708105235e-32
0.054413920054057
0.0407768573858551
0.13980636818007
0.13980636818007
0.096699404657883
0.512466184334692
0.0966994046578815
0.0407768573858536
0.288933160905482
0.0792236086353728
0.152621951929909
0.0594177064765296
0.0760896158820022
0.182240397050084
0.674565726468843
0.0662943157060792
0.340323651742338
0.233010613633449
0.394952990108701
0.461361014994236
0.422914263744715
0.139806368180073
0.404273414654036
0.223690189088115
0.647872030570989
0.264467046473965
0.346466277538941
0.264467046473965
0.254546736103825
0.107184882271387
0.72143010264117
0.152621951929909
0.124660678293895
0.932042454533803
0.292428320109981
0.580781750608739
0.180583225565925
0.233010613633453
0.234397492805803
0.157427912341409
0.117532767117542
0.646604452832822
0.152621951929913
0.11534025374856
0.209709552270108
0.0407768573858545
0.112894923863781
0.135146155907404
0.11534025374856
0.100158563722575
0.152621951929913
0.329875921848241
0.0704916523947668
0.111845094544057
0.0559225472720278
0.0652429718173669
0.0669265900061738
0.142348979996042
0.434590891615118
0.208544499201938
0.739808698286205
0.0512623349993609
0.0708411683152143
0.230147379213126
0.0873789801125435
0.0372816981813519
0.0978644577260487
0.142348979996038
0.115340253748557
0.107184882271387
0.281782531194292
0.396902822923581
0.116837463446458
0.484662076357582
0.180583225565925
0.177088066361421
0.0687381310218676
0.124660678293895
0.0932042454533797
0.143301527384571
0.433399741358222
0.307333892558807
0.581480782449637
0.233010613633449
0.111845094544056
0.236505772837951
0.0838838209080418
0.177088066361421
0.936702666806476
0.0372816981813519
0.163107429543419
0.386797618631526
0.097864457726052
0.0792236086353727
0.0407768573858536
0.0792236086353727
0.0834703435741469
0.0407768573858536
0.0128155837498397
0.180583225565923
0.154786504025256
0.0372816981813518
0.0512623349993588
0.292428320109984
0.486654317104148
0.149126792725412
0.0626682045367167
0.0928663800636103
0.0792236086353755
0.152621951929909
0.210201670686102
0.0532545757459243
0.135146155907401
0.208544499201941
0.0652429718173684
0.0656512064124529
0.293593373178151
0.0419419104540209
0.451322451737674
0.115340253748559
0.134846038237043
0.376312141018021
0.143301527384573
0.135146155907401
0.115340253748557
0.0128155837498397
0.0372816981813519
0.176540374914077
0.251880745167939
0.0356565656565653
0.0966994046578815
0.0873789801125455
0.0594177064765306
0.0873789801125465
0.294531357403332
0.0966994046578814
0.0792236086353754
0.0652429718173686
0.0682267892302496
0.219029976815445
0.199224074656601
0.289083569256574
0.233010613633451
0.180583225565923
0.0407768573858536
0.0594177064765295
0.0559225472720278
0.234388172381253
0.0372816981813519
0.208326750783497
0.0873789801125434
0.26446704647397
0.0881404587978951
0.124660678293895
0.0990178602635323
0.182724476599904
0.180583225565926
0.0966994046578814
0.140959770717556
0.434200715342584
0.180583225565927
0.641877133503432
0.461666724919322
0.180583225565923
0.0966994046578814
0.378164575396411
0.121165519089395
0.0407768573858536
0.404273414654041
0.0966994046578845
0.0978644577260499
0.177276804958467
0.181748278634094
0.0687381310218675
0.0440879382055873
0.0873789801125461
0.0687381310218698
0.0652429718173658
0.333892558806057
0.208544499201939
0.167767641816085
0.475341651812241
0.163107429543415
0.0230273903976326
0.0510613633451001
0.139806368180073
0.148131720899886
0.255146621928629
0.322492631039342
0.0391013945685224
0.0932297601155728
0.313853646033571
0.0594177064765296
0.122359814989572
0.0233010613633449
0.51611850919809
0.27468910558876
0.320389593745995
0.0966994046578815
0.163107429543415
0.560582876050004
0.163107429543415
0.0652429718173663
0.0652429718173658
0.0594177064765296
0.288933160905477
0.0687381310218676
0.0594177064765296
0.0966994046578815
0.206732958186243
0.0594177064765296
0.448012302960398
0.0699031840900354
0.0931371383966535
0.0407768573858536
0.372816981813519
0.601167383174305
0.209709552270104
0.0407768573858536
0.0594177064765295
0.394952990108701
0.0407768573858536
0.205620099495535
0.0233010613633449
0.0233010613633449
0.0687381310218689
0.121165519089394
0.124660678293898
0.152621951929909
0.0966994046578814
0.0966994046578823
0.0888761898104457
0.0873789801125445
0.0838838209080418
0.0687381310218676
0.115340253748557
0.0873789801125435
0.121165519089395
0.0279612736360143
0.195728915452098
0.124660678293895
0.0948878636421892
0.0509622173289994
0.516479675649225
0.366991716472684
0.226209033821493
0.0407768573858544
0.0407768573858541
0.0687381310218689
0.0594177064765308
0.0407768573858544
0.125825731362063
0.143301527384573
0.167767641816086
0.0699031840900354
0.0407768573858536
0.167767641816084
0.227185348292615
0.0978644577260488
0.068738131021868
0.163107429543417
0.274952524087471
0.0594177064765296
0.349515920450175
0.219029976815442
0.584070345904255
0.264467046473965
0.428739529085549
0.0687381310218675
0.0948236692181324
0.0699031840900348
0.0372816981813519
0.0996878822830393
0.35370766488414
0.124660678293897
0.19827467291135
0.346233266925304
0.143301527384573
0.386797618631529
0.730488273740867
0.469638833548863
0.208544499201937
0.61503431081286
0.191068703179428
0.219029976815442
0.135146155907402
0.152621951929911
0.204221103771279
0.135146155907403
0.25514662192863
0.149126792725408
0.48815723556208
0.0372816981813519
0.254855358661587
2.15143883242094e-31
0.447380378176226
0.555204991087341
0.162732748476694
0.107184882271387
0.0559225472720286
0.0687381310218689
0.236505772837952
0.0583806927405554
0.0512623349993599
0.124660678293895
0.87961506646628
0.0419419104540209
0.297327484766931
0.252511155383124
0.0512623349993593
0.32155464681416
0.955396059790517
0.0687381310218676
0.186349189705587
0.168845432409446
0.0966994046578815
0.191068703179429
0.0966994046578814
0.13980636818007
0.366991716472685
0.141332587699368
0.630442370649985
0.0966994046578831
0.0419419104540221
0.104814115782972
0.146406510316547
0.314174152132631
0.0690904430696812
0.163107429543415
0.265632099542134
0.49128831568278
0.160943226963988
0.320389593745995
0.0966994046578821
0.0889926951172602
0.157270513671897
0.264467046473966
0.246991250451457
0.456700802721563
0.413716286276835
0.582526534083629
0.320389593745996
0.264467046473967
0.947188144419981
0.111845094544057
0.210396933580324
0.180583225565925
0.260634021879696
0.47534165181224
0.161464704717298
0.0314564328405157
0.180583225565924
0.57204105647012
0.730488273740867
0.0407768573858544
0.0664807241969875
0.597897195717259
0.28472161056936
0.750294175899711
0.0873789801125445
0.0652429718173671
0.0407768573858536
0.526603986811598
0.397798049701163
0.0978644577260487
0.0594177064765301
0.478836811016741
0.153787004998076
0.233010613633452
0.322188901704472
0.288933160905479
0.405438467722202
0.177088066361421
0.0407768573858548
0.339030442836672
0.862139270443767
0.15036454510503
0.115340253748558
0.596446005615556
0.264467046473967
0.520924469609589
0.071697831836241
0.33903044283667
0.208544499201939
0.329698367760653
0.227185348292614
0.47853436324025
0.503302925448254
0.110336467326086
0.708107604301377
0.330875071359501
0.865710274603014
0.42873952908555
0.52020784546736
0.171262801020586
0.124660678293895
0.935537613738307
0.177088066361423
0.0873789801125442
0.208544499201939
0.0372816981813519
0.237670825906121
0.406125849032425
0.432234688290051
0.227185348292615
0.204892174338541
0.307574009996156
0.177088066361421
0.096699404657882
0.111845094544056
0.385894819009004
0.0669933475469804
0.0407768573858536
0.0407768573858536
0.0792236086353727
0.295988256265074
0.704067200260969
0.673121060664309
0.944278307876927
0.180583225565924
0.330875071359501
0.0233010613633456
0.38951580394487
0.190658021972901
0.135146155907402
1.52000873789801
0.171262801020587
0.311069169200657
0.292428320109981
0.288933160905479
0.413955005650507
0.0687381310218687
0.445145806391487
0.0996878822830401
0.909428774480673
0.671070567264338
0.0252270105903324
0.18174827863409
0.292428320109981
0.47068143953957
1.07184882271388
0.681544394347164
0.249542716670747
0.0838838209080418
0.274952524087473
0.152621951929909
1.04738270828236
0.0687381310218684
1.08582945953188
0.904343434343439
0.292428320109981
0.247326785735088
0.432234688290053
1.07184882271387
0.554565260447613
0.506798084652752
0.208544499201939
0.096699404657883
0.207041580744001
0.0792236086353735
0.0838838209080418
0.168802208940614
0.107184882271387
0.0233010613633449
0.285510701012429
0.0372816981813519
0.668961821210956
0.321554646814161
0.534505842741139
0.0372816981813519
0.115340253748559
0.261935968683374
0.171262801020585
0.348350867382011
0.19106870317943
0.371081052741952
0.516118509198094
0.400778255449536
0.489322288630247
0.0905274195239592
0.358836344995514
0.125825731362064
0.384595668332692
0.181748278634091
0.327657078279915
0.378733587314909
0.107184882271388
0.333426537578786
0.191068703179428
1.25754663124906
0.124660678293896
0.195728915452099
0.0719886290820531
0.152621951929909
0.544079782834109
0.386797618631529
0.288933160905479
0.725350389710253
0.260485361108197
0.125825731362063
0.151416238509665
0.152621951929911
0.145992799972036
0.0966994046578814
0.0652429718173657
0.311069169200657
0.158007293232206
0.223690189088112
0.51657287989468
0.0873789801125445
0.0792236086353728
0.153143895704448
0.0314564328405157
0.513817645893772
0.0407768573858536
0.280250602914962
0.973984364987826
0.0308201973599893
0.181748278634092
0.0687381310218687
0.330875071359501
0.292428320109981
0.602666456957108
0.450875537380727
0.205049339997436
0.328338051798259
0.461361014994233
0.0652429718173671
0.176601540200154
0.290925401652046
0.208544499201939
0.730488273740868
0.153787004998077
0.121165519089395
0.0805856721773678
0.191068703179429
0.145284913727819
0.33553528363217
0.79391970454254
0.0966994046578821
0.302913797723486
0.295678818170167
0.339030442836672
0.0594177064765308
0.398576305150699
0.470681439539571
0.208544499201939
1.24850011068004
0.311069169200657
0.0407768573858548
0.0687381310218675
0.0233010613633449
0.0822410960819275
0.0687381310218681
0.358836344995516
0.213000943692985
0.167767641816084
0.149126792725409
0.121165519089394
0.582526534083626
0.115340253748558
0.25514662192863
0.0966994046578831
0.509582561485673
0.292428320109982
0.348350867382009
0.125825731362063
0.118869315997343
0.152621951929911
0.167767641816084
0.0233010613633449
0.0314564328405157
0.111431617210162
0.209709552270106
0.987965001805832
0.124660678293895
0.115340253748558
0.121165519089394
0.288933160905479
0.171262801020587
0.0873789801125435
0.124660678293895
0.0652429718173657
0.346206587210047
0.268518052497289
0.143301527384572
0.416302704088167
0.180583225565925
0.260971887269465
0.227185348292615
0.0652429718173664
0.260642293756479
0.475341651812241
0.107184882271387
0.312682884205374
0.283107895564643
0.277503990306762
0.208544499201938
0.189020539885589
0.191068703179431
0.0792236086353737
0.100343108128576
0.195728915452098
0.292428320109981
0.274326191558027
0.153787004998078
0.15262195192991
0.0932042454533808
0.195728915452098
1.03990586371209
0.391841249868932
0.264869106287792
1.05675847284844
0.236505772837953
0.376312141018023
0.199224074656601
0.461686763832099
0.0932042454533804
0.0873789801125445
0.737932962846457
0.349515920450177
0.292830379923806
0.152621951929911
0.208544499201939
0.163107429543417
0.115340253748557
0.109177123017952
0.191737327135252
0.0792236086353741
0.386797618631529
0.135146155907402
0.205049339997437
0.321554646814162
0.680390991809676
0.456893152983116
0.227185348292615
0.330875071359501
0.135146155907403
0.262349446017264
0.233010613633451
0.478836811016743
0.316894434541493
0.610487807719641
0.376312141018023
0.54206237694127
0.478825160486059
0.283107895564643
0.371607656728768
0.349515920450177
0.506798084652756
0.320389593745996
0.28893316090548
0.259346754744679
0.3484771591346
0.264467046473967
0.348805238078595
0.236505772837953
0.227185348292615
0.152621951929909
0.3949529901087
0.405930586138199
1.88622091736279
0.37281698181352
0.466708608577118
0.372816981813522
0.119429590017825
0.180583225565925
0.135146155907402
0.124660678293897
0.152621951929911
0.111845094544057
0.171434646348139
0.10274603008167
0.181748278634092
0.227185348292615
0.420423846306199
0.48815723556208
0.177088066361424
0.0636002469912501
0.0407768573858536
0.139806368180071
0.15262195192991
0.0279612736360139
0.208544499201939
0.274952524087472
0.47534165181224
0.265632099542134
0.236505772837953
0.156117111134414
0.163107429543415
0.121165519089394
0.135146155907401
0.404273414654037
0.339030442836671
0.761414723940674
0.806216723171739
0.600002330106135
0.646604452832826
0.615148019992312
0.847672107464492
0.139806368180071
0.363496557268183
0.124660678293896
0.283107895564643
0.33903044283667
0.573206109538289
0.22204641571424
0.450875537380728
0.223690189088112
0.512623349993591
0.419419104540212
0.554565260447613
0.219029976815443
0.0128155837498397
0.0407768573858548
0.363496557268183
0.135146155907401
0.246991250451459
0.227185348292615
0.064342968322206
0.236505772837952
0.152621951929911
0.0279612736360143
0.163107429543414
0.125825731362063
0.29242832010998
0.171262801020586
0.124660678293897
0.292428320109982
0.107184882271388
0.0372816981813519
0.129309240035883
0.25811179849242
0.0372816981813519
0.15262195192991
0.260971887269464
0.249070986683448
0.236960143534538
0.61514801999231
0.879615066466277
0.478836811016741
1.5073456595948
0.302913797723486
0.400778255449536
0.292428320109981
0.288933160905479
0.236505772837953
0.47534165181224
0.317954632833525
0.432234688290052
0.512136823832324
0.402155814197335
0.48815723556208
0.655924877378164
0.460315263360245
0.292428320109982
0.460717905700605
0.655924877378165
0.316556569151724
0.304574114850928
0.316894434541495
0.13980636818007
0.48815723556208
0.279612736360142
0.450875537380728
0.260971887269464
0.322638029662253
0.239011102955738
0.096699404657883
0.366991716472686
0.236400918061817
0.0838838209080425
0.191068703179429
0.162064823552709
0.404273414654036
0.311069169200658
0.0903441566763346
0.214116248995141
0.344855708177507
0.0559225472720286
0.152621951929911
0.0687381310218687
0.147484067899292
0.15924539512775
0.14912679272541
0.404273414654038
0.460195961926066
0.463184439551224
0.376312141018024
0.447380378176225
0.358836344995515
0.22577563408013
0.194356948959026
0.293593373178149
0.702527000104856
0.368378129623805
0.348350867382009
0.293593373178148
0.400778255449536
0.362994535901115
0.344855708177507
0.419419104540212
0.25514662192863
0.246991250451458
0.0966994046578815
0.177088066361423
0.195728915452099
0.739808698286206
0.366991716472686
