13.4074055433225
8.26255635944219
3.39612969370755
22.9015566274044
8.96540444817263
0.484662076357577
27.6490394137453
0.0559430522060275
12.8789685785187
0.904081180897788
7.25129029627299
0.0687381310218697
6.30410215185302
0.0525759323337186
12.5219903766616
20.7286241888318
17.3445470856197
10.190719187259
16.0581296238044
7.84040357438282
14.9277201076509
4.60894993766965
18.2680321088626
16.5984952174572
11.6913075390584
16.4645299593397
5.45855323709994
13.8816073072129
0.20854449920194
15.1103909918097
10.9943839781902
2.81942842496475
8.19351811074994
15.951906609346
9.76004042734148
7.00200750294176
12.3324244754349
0.311069169200655
15.4940291030257
5.9369765707828
0.447893001526212
19.1849288735102
9.55684771591346
8.34646942318222
27.79749000967
0.0652429718173658
0.121165519089396
1.17786865191709
20.2754185453148
22.3790425593886
1.9151835541109
0.121165519089394
0.292428320109982
15.9358172264747
6.69555998275722
13.5926741463074
19.824543007934
0.0372816981813519
9.83770810760432
0.0588038400149132
6.91559784698193
15.3181177402631
15.310830449827
14.4687940535691
12.4918383372362
6.51497675719129
7.33983432945371
20.5793836869269
12.7596612025678
15.5526028450596
18.5796245033961
10.3928750014563
8.55148952034766
15.8284757610709
15.3848299605047
13.8311721598919
10.0056971095033
10.6066431325947
14.7546980764974
13.3887898593781
5.19701047382707
18.5876993697062
15.3915160835576
2.79545757459251
6.2964827047872
8.12474642619972
5.82876050004078
13.0681079538173
5.8951685249263
16.9293861335384
7.95394731630024
9.15615206272645
0.795731245558236
6.42643272401058
3.33270234059159
13.5332564398308
23.8733227313504
16.6079479920311
22.5310334020715
10.6817353465451
7.23508895180176
5.51229760115571
12.8031525170972
12.1782711777522
21.2598883879161
11.2532475854275
0.389601202334763
22.7697971642608
21.0583342071231
7.45180757983526
10.218680460895
6.90238614518891
13.7150047184649
0.960003728169817
2.80894294735125
19.2932788088497
15.4194773571936
4.59645998625229
23.6902375543206
20.9253433993921
16.487537893351
20.7880418953083
10.733733063041
17.4618153856908
15.7861021984551
1.60660818100265
0.973984364987825
3.93772837952768
0.0616429578367308
18.4777416611327
0.197814360444118
10.8303333216828
15.6711288199178
16.2210338680927
7.41741521326295
12.8219089394522
10.1876074470192
4.51227977584379
18.3740519380658
3.50797478825161
17.2334388871413
1.19152062726457
11.8788810830333
14.2873994850465
1.49476308645859
1.59672142416086
0.13064194424056
7.01523003972831
0.76516025304953
2.78098167371524
12.6092873370382
11.074734775669
0.0512623349993588
14.035535982664
11.0364474036793
9.06877308261391
11.5314021413675
0.842333368284924
8.20992205794973
12.9871787074901
13.1266529190404
12.7736418393858
11.5048990481516
12.893642305407
20.8719257162164
8.14771195227938
12.1967423951161
9.19519299104076
6.43458809548775
13.1278052730302
13.219833280906
1.32816049771067
11.1913659082171
11.151887968497
12.1710543730267
2.88350634371396
11.4175200680391
6.27730593128518
8.98838442091037
9.97477368844151
3.75962625097573
3.34020714643551
11.874479978563
5.39186559947805
10.90839187725
7.42626961658103
0.171262801020588
12.8901471462025
15.9050598254751
0.0233010613633449
13.9744555124486
7.39109666445307
10.7779059336153
1.82002854380017
10.2871915230739
5.16817541038995
20.5770101243112
12.781797210863
15.3916297927371
0.0792236086353746
6.05402071464356
1.83029837009076
5.46121829599338
0.344855708177511
20.5928050982722
8.38372187853157
13.5628882830613
5.40140738410635
8.79382055852646
7.60589178987104
15.1781411578298
14.5068213857141
16.0783749839805
14.217142590845
8.68515466079478
8.16469190171612
16.5938508499062
9.07226824181841
12.1790978994093
17.6004567008027
13.7289853552829
14.6823804364289
2.31083837218785
8.76119907261776
12.4323105332448
0.962955856139252
14.7297454359046
15.7613151119034
9.87894294735126
11.2439271608822
24.0606632647118
0.879615066466277
11.8393078419723
1.89670639497629
0.0314564328405157
0.264467046473965
3.34650437477427
9.96702899817087
3.71927568650753
6.60082660515186
0.0687381310218676
0.0502631854880976
19.9992509873825
2.8003979821281
10.4982931972551
0.0966994046578826
0.292428320109983
0.478836811016738
0.0407768573858536
28.3636562860438
2.3056418859879
4.78487295096292
15.5138466557152
19.5857071289597
9.98810061398296
0.0512623349993589
10.8106350704275
9.47005126233497
2.81524017569
0.0652429718173658
11.2252863117915
0.163107429543415
5.57710903731665
16.2214882387893
0.140860857712067
19.6077512145678
14.0214136753929
14.3569489590251
16.2637040532196
9.80042640942296
9.19034066151714
19.9601145247166
5.9047103095546
14.7204455162933
2.44544639008307
7.97828341080936
10.7759284890427
7.45245802896321
0.195728915452097
0.0966994046578815
9.01741008702945
0.149126792725408
11.0814833455664
10.8593291624433
8.06510910721982
11.0295872216979
13.9282094299395
0.0131678957976534
11.7810166253073
12.7199761164121
0.0792236086353728
11.6515534817611
0.991460161010335
0.181748278634095
8.37323640091807
11.5328603217877
12.5581070217748
8.61943017254435
10.6008178672538
6.22021833094498
1.73887945195903
8.17750748546597
0
15.6452752437874
6.38854706231867
15.2575110971305
14.7831715074622
0.550191534724406
15.6990900935538
1.96078431372549
9.98604860601399
0.0966994046578844
6.64029953514382
0.0233010613633449
3.82883925762819
5.71342024629222
12.9693707548379
10.5927351950881
0.881017324339123
0.227185348292615
15.9835303438071
10.2373213099857
5.12825265340833
12.7604035743829
15.7338379178172
0.0512623349993588
0.514373725723208
2.96332692554146
0.208544499201941
8.33865983945564
0.0594177064765296
0.171262801020587
14.1157829739145
0.0314564328405157
5.40956089149861
10.4601847774166
0.0314564328405157
19.1942492980555
0.848158633625764
0.058465159087996
0.195728915452101
7.06545163282186
0.963498887374319
0.376312141018027
5.83931867696574
6.10351857677117
10.0890524623396
17.8905549147764
0.0407768573858536
3.16894434541494
2.41837987720337
13.3328673121061
7.79300641944242
2.60389360735382
3.23884752950498
22.1792610068388
0.0827023405916134
16.1930725944567
2.5724371745133
10.4231351578064
24.9367958710519
0.0314564328405157
3.51993417450162
1.55068563373062
0.0407768573858536
18.8955180408468
5.63350879032539
5.46526394277259
9.62352475155242
8.40134621882026
5.85086808104109
1.10434576444957
0.0768528421469597
2.53981568860461
13.0593896286976
11.1320704158074
0
14.5822994652407
0.0279612736360139
9.106531986532
0.124660678293897
4.18369391725793
8.59692659000619
15.8094312210921
0.0687381310218676
0.107184882271387
6.82743595120758
14.6272412708399
10.1534374890776
16.3877222047464
0.978644577260494
1.97010473827083
0.740973751354374
9.87847331445947
7.27651078256614
5.18521536005965
1.97010473827083
0.23767082590612
6.69555998275722
4.43814150734565
1.25825731362064
6.12207705660994
12.6419908426829
3.66642200552235
0.0314564328405157
20.9004801183693
16.118509198094
5.92385865576177
18.1503617489777
13.2170405321963
0.0687381310218676
15.6700313399275
2.92506798084653
7.46099984854311
2.41748511644706
12.3728635839362
0.124660678293898
0.219029976815447
5.37205969731921
5.54914776368063
4.47726352335349
7.51649878251956
10.9813330537206
0.0407768573858536
10.6235555089534
9.85518390362682
13.0612909953048
0.795731245558236
7.50294175899713
0.320389593745996
4.31885172369602
2.31331201286218
10.7376994862116
0.554565260447615
7.08877937390044
10.4575163398693
0.274952524087473
1.69001433015274
8.05261845677071
0.366991716472688
9.47358521780668
0.0966994046578815
14.2276280684585
16.0066641035499
19.9616160451108
10.1254762154416
7.91456665851126
0.420499691260936
7.18570468234829
0.0356389733552362
18.8587140144234
0.115340253748557
16.1110826838162
4.82331970221244
0.0932042454533797
11.0120816003169
0.0455828177973491
11.6458704693999
1.39819183763821
0.0372816981813519
10.5243787354514
0.264467046473965
13.5087903253993
11.7953565644915
0.180583225565923
4.68065324525529
0.0687381310218676
16.3666655016136
2.69761734997029
2.20372712127037
0.125825731362065
9.6263935782275
13.2536437034707
5.52055223515431
6.32996632996634
8.49556697307563
0.0966994046578815
0.0233010613633449
9.16663754033996
0.0396584064404137
0.987965001805833
0.152621951929909
4.27341465403749
11.9149977281465
0.0966994046578815
0.086429578367294
22.4284366152878
6.57276851560584
13.6963638693742
0.0407768573858536
12.2983001875735
9.68870947071638
8.59809164307434
0.0407768573858536
16.0917129775261
0.264467046473965
0.0407768573858536
12.9364114035394
10.109950252234
0.0372816981813519
21.3297915720061
0.0372816981813519
10.8489741707735
17.9895727750399
11.1705288175876
8.52352824671165
0.209709552270104
12.2983001875735
15.5588842286766
0.0419419104540209
4.72197126979132
17.7755002155348
18.8312071114841
0.0838838209080418
20.3459428191954
0.0594177064765296
18.6899094753766
7.91062307038083
0.0932042454533797
0.0687381310218676
8.18799296307947
7.50493120361633
11.3091701326996
8.03770111728589
11.1973250381555
5.30798177857001
11.2850641361714
13.4856816142975
6.96585229457202
10.7820976780492
15.821909988
22.9876620880081
0.335535283632167
4.08497559213822
20.1011149557862
4.58098866403365
23.4837802476903
4.41136753929142
10.4330502254378
0.143301527384571
0.386752298067174
0.0279612736360139
17.2089988698985
1.25588479955262
23.3006022159309
20.5366060839071
15.2653999044656
16.2608852073212
18.319813941025
14.0729817203174
16.7159664697727
9.6962590145981
1.38291799191453
18.4759580813906
0.792236086353732
25.7336921696783
2.55075553691469
19.0375323010963
2.42017638903452
2.83662216163945
2.08980881479151
11.57336816842
21.5173393683082
14.6264456560996
19.9133084011977
0.70256090314913
22.5376603404285
19.4845040951615
24.1585404215162
3.32412417135598
0.0512623349993588
11.3162093833374
8.59692659000617
5.21477753311662
2.96662402572436
13.6241776472918
14.5156669346289
19.0585956450316
6.29405426817191
15.6836065382778
0.125825731362066
4.825311942959
8.04196800764275
5.83924597765428
1.38291799191453
10.4388754907786
5.21925133689842
14.6454887980147
17.9230626915056
14.8847994361143
11.4204117297543
11.099914951126
14.4685633730616
0.0559225472720294
11.6122311931308
28.7395290855498
2.99609928582246
11.9399349900388
11.1576641851036
15.2242028124381
9.40670185126932
4.05787983642655
18.6909463726073
1.18055421574452
16.6188681509442
18.1843696480375
13.6102313795393
5.13440413360828
0.0792236086353728
14.245103864481
1.96575722624165
16.4679808465275
10.6940221127072
10.7948019992311
10.5945884450037
15.3635548099216
12.5808128575257
15.5033611781017
15.6827386902474
15.0801424859902
1.01010101010101
10.9032637796652
16.4052020784547
14.5713187235679
0.149126792725411
14.3860752857293
13.3130614099472
19.4783184789067
0.398902403504482
13.8816073072128
7.48896112217912
14.9166696958046
18.6536646744259
6.57439446366783
16.8746286393345
0.302913797723486
15.5529043607936
13.5740332972167
19.4303881956824
19.1103654771475
4.96196101732433
6.29128656810317
1.90969195996878
18.9670639497629
16.7068609975184
13.9230365943169
9.73623245138817
9.8287577039134
10.6354911281209
18.6734705765848
23.130521361248
15.622845642119
4.66147181154086
7.71265131126723
5.99972912516166
11.6561335383826
9.88314517726283
14.9639691027926
3.64894620949984
3.54943902694768
8.45712022182611
0.180583225565923
14.4979203802733
13.2012163154032
22.1767851525637
16.5188941316277
5.11757610709167
12.0745335710041
0.152621951929909
7.51108547994362
0.41475889226754
10.5367399485046
25.1739134132559
17.3905164680251
12.5560671303578
17.5456992065989
19.4004636911211
7.19886290820547
9.32105647012222
10.8449406405462
5.54125464564908
14.4687940535691
8.36042081716823
9.77130008271878
15.0000582526534
7.92702107581
13.9329959339648
2.13787238008691
18.2378702829914
10.0430896042315
2.22179010403922
15.2288630247108
12.8715062971118
7.33492945603672
14.503640790838
2.6970978528072
0.694371628627688
12.0857305465264
12.8988948306595
8.67148998636888
2.08578938170634
27.9705940605595
1.23029603998462
18.2518904151084
2.15651322917758
19.5182564980835
0.135146155907402
8.54100404273414
14.9072094648911
13.4976984376638
3.73166497733971
20.264198967763
2.63940570642992
20.6847076299326
3.49122819894441
2.52583505178662
0.152621951929909
9.73447275523399
0.534759358288766
7.8384770426293
18.5791012780632
18.5511400044272
16.3191891230645
16.7156980415458
23.7906050120583
18.2908932461874
1.48284354502346
21.3979499726213
2.09243531042839
18.0105553807976
0.163107429543417
10.5821770181632
8.98773793296285
5.65551990493168
8.30658371488819
14.2034084792561
19.5484254307784
6.01384362657718
9.21578227488262
0.154724989223256
1.76156023906889
19.8727635058777
4.28097013968987
1.1312665291904
13.7542786573928
20.3977491174723
21.6268801043887
13.8272621252898
10.1296070276002
6.23678818170167
10.9281977794089
0.0407768573858536
14.5302040007922
10.76858550907
11.6971328043993
7.43313399275338
6.99381356820805
7.08701781366141
12.5596798434169
10.9130315845887
6.36960737711603
0.0966994046578815
12.809758484499
12.2423776403015
3.86260529167104
0.989957242552395
8.78891568510946
8.14081891580164
23.1927114280056
16.4260832080901
0.0372816981813519
6.01516899094754
5.89516852492632
7.01555625458739
0.124660678293895
10.347069309007
6.47700662915195
10.4178933510421
16.5763750538837
0.259346754744677
5.40511120431537
6.06548763296168
5.15419477357194
15.5872449990097
9.94138618014049
13.1464880640313
4.57050318642014
22.6241655307399
17.9919145317069
11.4081170412312
0.412388125779131
2.7164912096746
9.264501998066
0.135146155907405
7.0695420176389
0.711847424650188
2.32428087099367
0.348350867382007
2.38952384281104
7.10564701222141
0.0687381310218675
14.1344238230051
19.6416296762318
0.237670825906118
8.43597730476624
8.77330210991111
8.9935259166055
0.153787004998077
16.3981219344541
0.0792236086353728
8.19445795906003
7.50813137138398
3.71884939358989
7.64287989467917
4.45971258140807
18.5942469679494
10.9526638938404
0.0699031840900348
0.0500856314005112
2.04699824076987
8.39187725000873
19.1399087763448
0.149059685668681
5.48581547889506
0.135146155907401
0.0838838209080418
0.442166882201478
0.0978644577260499
2.05587594514931
8.57533710810527
0.443984364987817
19.7813311896357
1.71487423252129
5.38845653769528
1.11719862989757
12.273350692624
0.0932042454533797
0.0887653932636636
11.8831557792458
15.9192851234374
0.177088066361421
5.18215604720796
22.9515454428949
0.283107895564641
18.6662355970314
11.3134132559738
1.15922780282642
0.823692519194246
10.9595493574732
7.84941689093938
12.4462619272308
13.0214545687556
14.6780733517412
0.0932042454533819
10.6101382917992
5.5057239057239
4.97096396490861
13.361044237065
17.5445341535307
20.8963918306479
0.205049339997438
15.2810050912819
6.27908799645824
11.0058462362961
0.111845094544059
0.192612515000058
16.7616184917223
0.236505772837956
5.66256463131894
0.139392890846178
3.52312047813778
13.6155422739506
0.115340253748557
9.50788438013352
14.5594561532278
4.11123122808244
0.279612736360139
0.316894434541497
9.78899723882422
13.4586930434681
12.9553901180199
15.530982722263
17.8544266191325
10.6082299348735
0.191068703179428
9.69713280439925
1.16971328043992
19.3340556662356
0.274952524087475
6.7421621054839
5.31882842263466
8.14058217701816
7.45051437092959
0.283107895564643
0.330875071359498
17.0274709027996
0.135146155907401
14.822970186292
1.41204431861871
12.5563187818205
12.3626869618911
5.98449675532718
14.0028921277364
5.19613668402595
4.4831242063076
0.177088066361421
3.40727820302216
11.3610848974171
0.516118509198096
7.42371815036174
8.90566565307049
11.4855418079293
0.0932042454533797
18.5822497174746
0.13980636818007
0.91902135542274
0.191068703179428
0.205049339997435
0.143301527384571
8.87554017685505
0.191068703179428
12.6316335209069
12.3450713595004
9.30644390852003
13.2396630666527
8.44246432024983
4.84662076357578
16.0364778115643
11.7390747148533
0.0407768573858559
0.177088066361426
10.0054757494204
0.25514662192863
0.207041580744005
12.2250654177297
4.49074959514403
7.62876749035919
10.2503582538185
4.65438700732818
15.9747242901914
0.251651462724125
9.28506506821384
17.7742826185733
17.6225018349585
15.8493819393473
7.03703983316441
9.74368028613703
2.05723905723905
6.75163107429557
3.51846026586511
0.236505772837954
13.0901984085375
9.74642049095335
8.14627241270839
0.233010613633449
0.233010613633449
0.143301527384571
6.55575361457714
4.01987580534293
11.3615335593536
0.108845199398828
0.0652429718173685
0.0647564456560998
13.0630801673016
9.08275371943193
19.3647957079445
2.47340766371908
7.48693439586173
4.52506611676162
0.0419419104540209
15.6695000757285
10.6354898465625
19.2424651357869
0.177088066361421
2.09243531042839
16.2801928162828
15.0280195262894
4.29697482320318
1.77486794123474
0.288933160905477
0.0966994046578815
17.839292579777
1.4104238463062
23.0259573823588
19.9224074656601
14.3026369811145
5.68545897265621
1.49126792725409
19.3158634790815
9.65945498817471
0.260971887269463
0.135146155907401
17.2020085514895
0.107184882271387
11.3919760465089
6.80950811459462
11.8404343317838
10.6308091293558
11.1038859180036
0.320389593745999
11.4489765008796
13.109177123018
0.205049339997435
12.9969126093694
11.2941049479803
2.99535143825801
0.27495252408747
13.547406125849
20.3523003972831
19.9317278902054
14.4586278004964
11.5235398972423
25.7496095907168
25.2490300933208
13.9480153320984
15.6056121771347
13.193060943926
24.3123274265143
13.2438865005301
17.3217643563664
16.174431745366
12.3882772360281
10.2058648771451
23.4890705206623
13.234198967763
12.9588852772244
8.26370976197967
0.195728915452101
0.347873195624056
10.7836439364813
17.7227872729603
7.22682418184148
16.6363625878159
6.49189705591089
4.62642573369217
12.6664569571144
10.1452821176005
0.320389593745999
7.25478545547751
7.64886232567894
10.0893595703284
13.0439341512006
4.29089045006
12.6056471287267
12.6617967448417
10.1512336746939
11.207810515769
0.236505772837954
3.35535283632169
0.292428320109984
8.00041941910454
11.6089639183065
7.42255309729358
0.264467046473965
13.0252933021099
11.824879824776
