1.98453974578543
2.99426223014459
6.14681998765043
13.7418009390328
8.83276257383523
8.96158820034252
9.57557116726666
66.2530728274673
3.77477194086191
4.61153635548099
165.655400603497
142.779583610033
30.0533560518682
6.95979401861755
8.16003168944346
19.2781331189636
11.9366211130917
15.9414211317325
56.6054897300573
30.9552153600596
3.10370137359756
16.0765592487738
2.42819195414351
14.3723276595249
1.65903556907017
5.51057239057242
2.04117297542903
27.4963264711708
8.5142078221663
9.57857187794904
23.5562079852737
9.07763867044143
3.60234408677315
7.6620763575781
1.46330665361808
6.16080062446844
4.50645451050294
3.98283876830589
3.19345939207531
0.75939976465928
65.3405515361225
21.7946477462048
9.4697726981464
11.5992683466732
4.02726457190127
107.072915545303
7.237309659455
13.9480153320984
1.22563582771195
0.960003728169823
1.39340346952804
25.8210711497909
10.3810621788823
15.407349154754
2.38952384281104
9.48819218715414
4.9838523644752
8.61692950263884
1.52272436009461
99.1624986893153
2.33964792096279
4.42661109363532
3.62791129285939
162.437943448324
4.51130684002657
0.782915661808397
100.274008831102
16.4167627835448
4.12975848449897
4.34726736802862
9.28974298929317
5.68801043887548
17.0332972166882
16.4924912329757
37.6260109748
37.1276665152098
42.5384176249228
19.5682313329372
2.42797059406056
202.100368273275
4.74875630584973
0.568545897265616
416.125426817192
215.085677536612
3.91246956298859
0.600002330106139
24.537612689758
15.8917631913134
2.60332168280265
2.64117530553517
4.62642573369216
3.20222420281243
12.3064555590507
14.3092167348223
39.6945114349958
28.3660130718954
6.25842042105019
2.98719606678085
12.9309240035884
7.78790208894015
11.8803746810667
9.62217328999335
15.4753999044657
21.6325109223725
10.6088626751948
117.522351543113
10.7779059336153
14.5904255938858
25.9795351438258
14.3289876853891
18.5895285030233
3.91505493225216
2.99440774527278
16.3757710903732
97.2765602973215
13.3693627159717
1.63502382533524
151.369479221278
4.3388789859378
0.61048780771964
2.25088252769914
11.4130812158494
10.1397038435101
20.7600806216723
23.4630037398204
13.6264606852842
33.0692106765463
243.527547679797
255.412254028171
137.023056400219
124.336548879801
98.019398133585
3.61048780771963
1.60836170237555
132.25398156886
152.150105437303
155.645264641804
40.6033758577703
81.0978994093183
138.391283072944
5.54914776368063
2.58151293791432
15.3367585893537
122.732503815549
3.99215919285124
94.5027758554402
63.4190928896811
89.4015122388825
153.507392261717
79.2702107581
2.967390164622
11.8590751808745
44.2969370754838
2.05398855917887
14.0790897440378
13.9934524017569
18.7687602670301
17.0924772523388
37.7686264024327
26.3476634860719
51.5794158423916
87.8722989992195
139.342380086913
113.648596693579
17.8521081635269
12.5739204035744
38.9349084850815
104.542541912784
22.9643296867172
7.58794997262124
124.479151375345
166.113641606375
2.07495951440587
21.2831428471567
138.644810271108
133.985763051507
2.2428557780807
0.666136684025956
85.7858748966016
87.0859192851234
37.9420767070939
197.809950019223
3.06129344191628
103.441566763366
159.792844244055
213.065592487738
272.561835191593
132.042454533804
12.259853436324
212.808593431431
88.6780142835506
72.9882446145422
2.89253911665677
4.96196101732434
57.2879894679203
80.4973121060664
7.53556324490581
53.2475854275162
113.420467652302
116.946861929561
63.3773316789579
65.0053009914602
70.646063402188
99.7056669346288
35.4024675823984
6.88779373900481
106.080411962765
131.362063541994
130.386914123938
89.1719967844535
120.170593012012
131.2630340312
37.9068540072
39.110918178323
5.79730406720026
160.050895459788
55.7037795486585
11.6177566903172
16.1755967984342
124.464949378444
3.21904162734614
2.02368552887583
2.55681381286917
5.36272762224318
10.1524937960924
0.511446646394748
3.64428599722716
32.4948981161092
15.077964302774
4.66487248494169
38.9360735381497
120.648521081635
1.34850046019595
0.802685563827435
104.760861207228
90.6357578087681
5.22875816993464
9.85168874442229
3.11302179814291
10.20543380751
120.228816422588
103.448157585078
16.1667423951161
7.07570503186423
47.392489485396
226.079639649086
163.439509163143
88.5317577155637
235.586545967169
1.27152726806707
6.59888108303331
66.1606957696963
18.8955180408468
80.9891184043434
116.70569594445
198.144524833106
126.779909824893
6.16618911141403
171.75970780469
164.183012477718
91.4718929782252
4.41388405391867
13.487569000268
3.04777882632554
78.8542868127643
155.096746006781
167.124532522456
260.874851863502
33.8189287337038
6.19225705730895
114.866258315566
190.600509827223
8.57128377197582
130.513194225997
141.500355341186
136.894468444538
3.52894574347862
8.36727727097968
92.8349236307714
257.544953572635
3.26680880314099
141.378455372642
93.6376451947386
173.862086959561
9.15615206272646
49.4432094881922
137.201309519649
298.484155394778
5.22801847774167
7.05879510211689
5.44545804061374
1.51340393554927
99.1180548273974
142.028124381066
48.7399951067771
103.291196975522
93.5437302669137
5.95924644367551
15.1773945918236
18.5791012780632
156.437267717544
74.4177647291834
189.82977409621
278.853121759696
10.4596017848613
12.624520988431
19.1010450526021
180.689245395128
0.376312141018023
132.945391516084
77.0740857246047
126.270383069449
96.6469772698147
131.781482646535
12.7686147519019
1.29903417100649
7.89789474910583
1.57770321438142
6.55225845537264
148.794752600981
10.0078966131908
1.77437582281873
3.64428599722718
7.25581664394816
2.02602728554286
98.6007712651311
179.766523365139
1.97010473827083
134.350287185581
259.284179744387
236.065138117041
101.760395186001
159.51068365314
166.46744259201
0.894760756352448
120.416106975173
108.125489730057
18.16704193026
0.991460161010336
225.042804049724
27.6185033728287
12.8190789090443
89.1194784057414
160.786643831627
74.5296098237275
2.56777696224063
5.35060536157423
113.255973809607
79.0552457679447
115.18646674356
14.8939977630981
124.385725769809
24.3391236470821
18.2356319830368
93.5991984434891
223.758927219135
160.567358009157
27.7138558596344
8.75037386552957
38.0867498514557
53.9337900341361
42.8774480677595
28.8688499761164
2.24039705008563
123.871551850687
214.094794659397
14.9473862034416
75.9125553108944
16.978153390887
1.43884053918656
116.723870772314
135.507551174956
0.29242832010998
122.831567811914
2.67030163223935
40.8517631913133
299.730872741253
224.687924108443
275.847070940081
246.694064520639
177.247632029639
6.23885918003566
128.491594142113
205.552864282968
13.3301433015274
255.190649750096
11.4489765008796
6.91271422413293
12.4968601819813
19.3565284913728
2.3906888958792
69.5146215325108
187.022550650682
17.121619889786
31.453392052008
22.2991157247213
3.81974298929316
9.32391970454253
15.8835296447754
10.3435624992719
8.29597602320785
3.95186000722332
36.0889051996319
118.341430452157
13.5805737886361
138.348840189671
28.9154292638029
275.683012361213
9.71537753544674
109.897125814081
191.236505772838
3.0885556837114
9.0909090909091
19.4530396234548
165.394428716228
1.43884053918656
15.8723161254995
185.187049270094
78.3474887281116
152.273761723346
22.4490789090443
8.63537334125569
6.51195822119699
65.9886057809933
14.3061352859623
19.9741358218867
170.626658278285
119.81905840411
136.262602495544
97.3017254435939
57.2320669206482
107.031095266389
25.4855358661587
42.6409422949215
18.7433737606748
19.6561950531847
119.645312525485
63.573439120152
19.3636921696783
75.2551176121072
121.616394626775
36.3955051087577
35.3430498759218
9.04081180897789
131.804783707898
179.645436603637
118.353567858516
2.78098167371524
121.644810271108
146.092994535901
146.425955052253
167.497291135111
3.05709925087088
40.4448172614262
201.019386949075
23.1838453741568
107.822166299675
13.2277678748267
36.6805307981778
274.583202264863
50.4482816632298
135.933755548565
67.2370817750749
3.3553528363217
159.112357717894
276.942434727902
166.018897160766
81.0283312944905
2.27673505528178
5.53167196765813
20.6011557326436
101.707967797933
9.51825055631286
8.93246187363834
8.40600363496556
119.090559574989
80.5055337690632
159.11246257267
230.016182587117
111.178812344902
25.4727202824089
192.973564945883
10.1551482530029
42.010648585043
41.0879265550545
67.6713360828577
159.197511446646
111.928978364965
104.859657707409
10.2711078489625
54.2888982093135
12.4241259189356
3.04025677769623
15.8354013025293
34.6731689443454
97.3803375158738
25.260360350914
13.7045192408514
135.890083767316
107.50807859448
4.36899782135076
116.035195787168
7.0555613808209
3.74681066722589
17.1325597380961
7.27342630456817
103.312245872799
8.26324374075242
16.1332126338355
5.49025328253703
10.7619739494134
5.32196241538803
6.8238662286067
14.6124277375835
33.5628487877623
147.069763261216
5.66878752927195
17.7789311803153
101.848003798073
101.555561497326
1.04410890916081
5.32545757459252
116.807055561381
94.5510468001817
4.66844348910093
6.52779234094114
3.53142218028031
13.9002481563035
19.6455967984341
3.5825381846143
5.95783672946304
10.5309030326331
8.89808768189391
30.7295790663265
16.75284983631
7.04024454463901
18.2288251604861
22.1965910547225
5.71691540549672
230.943124905339
1.66253072827468
5.89637085969266
2.19379492735894
18.1699229899922
1.65599478056226
22.3564515978704
193.697062901215
94.4671867463563
8.37508883529649
4.17904535551596
5.20429205550313
145.014648911258
7.36779560308971
16.9924290191418
3.94881921871544
4.18021040858411
8.36231099926604
27.7297892419001
159.71013479664
23.7624223783393
1.42136474316405
98.6229072734263
125.092435310428
179.726847599408
12.3791432199737
0.870294641920937
2.9638950054175
100.612340242098
10.7716205888178
15.9787028299139
269.449966795987
10.7587874127667
1.15922780282642
0.872640592779003
17.0532657602554
23.3650465438701
5.75698158051098
23.7394329686716
15.0983620518912
7.77252338844035
1.323500285438
3.05277119522795
32.8952733797024
161.324098656694
78.9754523318537
1.42952011464122
29.6342898419023
155.893420945324
15.7208359255764
1.27292533174887
4.32350028543801
137.418850092622
104.626425733692
79.8622790768119
117.052100124661
91.8061817715797
133.964774736989
6.55575361457715
4.39574522619505
147.71474840679
8.7516339869281
113.096488646558
149.717474630969
143.550615730547
33.1900657089931
4.12312280824392
3.77946139596656
89.2943273566111
93.6289939766756
124.392005405846
6.50447962904712
14.6836181888085
23.4560017708807
122.930574487668
34.0407419057938
49.9516502976711
4.51108547994361
5.34409038481703
13.98085246933
74.3080516817541
142.113612596554
13.3375275243787
116.042726107674
20.7286241888318
40.3516130159729
5.0135258001002
1.93864830543031
3.109981009635
92.1713246653385
1.18369391725793
12.2703389139375
151.647967564923
124.849172229795
18.7967215406662
108.651457015367
192.160685983247
133.026006314588
188.971607656729
313.469953397877
238.494518425314
115.300397283096
112.417135600527
158.236342665408
251.395372409213
15.4640582293523
113.85830624585
86.7379562639078
145.840375613109
16.0346253771859
124.49291065208
238.331832744981
153.268556382743
52.2910768585509
214.158889937437
147.92445795906
282.328475062039
101.931657987021
105.992089289667
195.096279985553
120.543136089849
101.354956718279
92.225751284471
240.923409411299
133.412556941969
14.2460242564049
7.74061258490325
140.016077732341
28.3705860216932
105.716915405497
7.15164225880491
3.25632332552747
2.77748651451073
16.0625866508219
6.28358556732259
9.93906772453485
79.7332367504339
15.3926811366258
124.697249309706
82.2189600736314
137.247200960004
133.202847389699
17.5409369356774
125.52345729498
262.179175375438
1.85825964372677
37.4529609823727
146.075973110575
172.987300921557
119.864143161721
2.678025817576
126.558072070183
202.38438595878
177.483019351531
13.8216951522142
17.6284179744387
138.908624887864
11.4301085829459
43.85609264502
20.5857770321438
169.641047149698
4.58914403551081
90.3556907017115
42.6800643109293
148.926624957767
25.988838791607
23.1927114280055
127.245415982198
176.379714095977
118.352836321694
82.0949867766476
144.690958023138
230.68039693358
90.6634803630305
31.2001211655191
13.4901494763086
3.08540666177345
100.053580790605
131.281674880291
5.46526394277259
2.83690422098727
4.97244649493785
23.8116727831952
3.43457644495707
1.91660678293895
122.759311686647
130.396234548484
108.571062411893
141.613271818531
60.5291671035616
10.2757680612352
92.2552457679447
81.5106078081857
10.6322276979717
19.218715412487
142.346183868675
211.368587839176
117.070904081181
27.8475247282514
65.7124882038377
89.8523877762632
41.2098930481283
41.3120711148393
103.927393892792
78.9498095138233
3.56040217631913
8.35411788006945
239.939702794962
103.888947141542
2.00246478627102
2.97782904011281
8.24372572320674
54.8344343084827
5.97905234583436
4.40318991530064
74.7358242167931
96.5735789265201
90.8510596157655
7.29090210059068
120.936003634966
5.49927184183239
7.8384770426293
150.724080481866
19.0139190055112
130.364778115643
7.13944520172893
11.7006279636037
153.59100241166
6.02744212598884
0.587186746356292
1.39806368180071
22.7829408269547
7.76599909125861
4.85011592278028
51.4233336828492
34.0948232031969
89.3211235771789
5.66415015203948
27.882737408689
29.1111810142952
79.190800740974
215.734041685599
15.5557885661692
25.7900503302926
6.87822865331515
138.138012186455
11.2310942178416
9.49168734635862
133.444013374809
6.98565819673085
64.6033576829432
175.700784546736
15.1398646208335
14.4172362611116
34.8628033506926
3.08972073677956
96.3596811249752
219.440075495439
236.623946034742
85.4264369182016
177.870982023231
77.9066460452272
36.1793431430802
2.27767874826698
79.8534422657953
43.4937611408199
3.82813731315462
7.32119348036303
89.2803182924986
5.07321088625588
71.8159741591229
79.5644915125883
210.160427807487
108.560332273135
12.6792725408642
4.99736698006594
6.81065557536146
4.23431500704858
27.7235562079854
104.886232567893
64.8736499947572
3.55108175177379
26.05640021903
37.8454695746391
115.157340416856
89.0238719373667
35.4360094602309
59.8839043258421
32.4478930015262
2.60389360735382
11.186997541738
76.4447240571808
127.931902648166
10.4526114664523
1.1319655610313
166.717837078979
261.612322882807
7.87893001526215
67.4554075938159
24.6711637715098
91.8108419838524
87.655086039169
15.4579241084431
15.6459696154159
139.882674029802
39.8012012862186
3.53593606188762
294.677559912854
188.614901494763
2.19599582911003
6.57439446366781
125.227115445108
82.3587664418114
6.0629361667424
130.114251045635
18.5791012780632
3.97449407570516
9.93557256533034
130.877034590426
128.112252863118
146.101138256848
207.09400813207
36.7278203022147
13.0057315950741
22.7923875432526
24.3330299535144
82.6392138221896
38.9064405298661
73.1583148672422
14.0645206389151
86.8645858818862
39.3415120058719
108.065662390922
90.2667378514091
2.21661831696435
142.995211165869
7.72219309589552
22.7268042594341
2.30050213787238
7.27342630456818
100.893595703284
20.8998869898524
10.4938020341826
14.893671548239
2.42152214183355
26.565327904186
5.87725874663593
45.2814651707385
122.501834958582
106.710796080761
121.439306560414
14.2210631109247
44.9148812228397
114.89833700325
3.22836205189146
8.91006244684456
311.056341966377
63.3511469947456
4.42692391038411
6.38564421609404
126.93368517936
5.38138012186455
15.4733028089429
143.031235072758
184.196416296762
38.8137429659921
4.80149720969789
31.6335209068773
133.164400638449
3.21554646814162
18.3830177204572
27.3135041301131
3.96584064404134
3.03263313643937
1.51388055875945
119.196002819428
1.18718907646244
3.53244090268312
115.35320109981
165.987239756271
124.625482040707
97.7527117775215
2.96178625936412
129.212540631226
2.1099111064509
6.77944380366526
4.34681299733203
227.618748033973
20.825171088043
7.07769738911607
4.42695699789126
195.590220078524
6.10649750096119
6.28571109014017
20.4070695420176
144.46322172125
149.9019253667
18.5042875117961
20.4138151992823
63.7607796535132
102.201950298836
154.601377092727
2.94987370824742
137.218785315671
166.315706080412
118.021588899374
7.39459182365756
29.7542903079235
224.112159658872
10.7580593711044
8.36821210956159
84.0999069122599
9.15520836974123
128.95566914823
4.38082089639181
106.220283107896
21.9633357799448
97.6500879615067
218.014050540002
86.2978108652849
16.2548204070695
200.533349644076
7.33866927638554
133.119268696189
3.61981988279566
2.62844313958502
4.17904535551594
135.645881653909
142.084046928338
58.0056621579113
68.7194634930658
23.1088276070975
131.759801008936
65.0520848624655
68.6577423601645
213.088972656205
106.807626437384
1.86337422669603
1.1883541295306
7.08701781366142
140.54999953398
143.500359535377
7.09618107254784
20.8451294956485
183.261682569641
148.7574709028
28.2319680076428
45.8203361178102
158.502339543066
147.234030151573
78.9719571726492
101.558841005208
74.8767839875106
5.07705660992858
20.2301300199224
6.16429578367294
24.0879265550546
13.248983491198
39.6032867312107
141.820108349935
231.708742674729
14.7484067899293
10.4628639334522
93.7639071219693
135.806263325294
40.9289027530205
143.832546922514
106.975172719117
120.58738375683
4.25266505889343
3.08506052450689
11.791158528771
8.261391306374
7.00429904582155
7.50294175899712
27.7149697668729
31.9911921988047
35.2684864795591
16.912522106882
5.81594491629093
27.2715622196591
6.92151689909476
0.879615066466277
126.471545908916
123.033099157667
20.921632821875
2.68428226905736
15.5196602705253
99.7856302354572
67.0266680647303
98.3400383302459
187.128313236168
133.734111588783
6.02099425628837
5.84740134913145
150.584740134913
288.368110167418
23.624299628348
5.78332343038225
116.219868815024
163.308506052451
107.13799867184
6.22346882900515
140.948120186875
136.243446110471
142.262300047767
132.101872240281
117.366281034101
111.264898116109
91.5500914566659
147.051672317174
6.5429380308273
87.9277493504829
5.20429205550313
47.2850651847191
5.45594351822725
3.8994326191558
