2.05217701816318
2.81010800041942
3.78850791653561
3.38120536390433
5.1204529726329
5.90332389640348
10.2555851479035
40.8281472161057
1.27589668309392
2.36610394603477
70.5469237938788
66.726342898419
22.8208380226719
11.1833910034602
3.92855894585999
9.16643377255834
8.51088171216199
8.12158493819393
45.1386385189845
22.7192631039344
1.50407186047325
9.74781855463516
0.601167383174304
12.5231437791991
1.12777136998591
4.81437803641955
1.57534048675917
9.9511436160917
1.13051751657287
8.28975463982384
2.49110481982455
8.80429333706149
5.49322521640861
5.09827222629991
1.42136474316405
3.73631353908171
3.86797618631529
3.80025060291497
2.53835366350936
1.17437349271259
85.9789237239756
11.142348979996
5.44367259678678
3.99355725653303
2.5521536005965
12.0453084477998
3.95535516642784
9.62217328999336
0.808768189391022
1.94214346463481
2.83418859879068
2.91848717859098
5.97321542996283
7.44860601400395
2.55729148462712
4.73191558025468
2.93701152237484
5.54914776368063
0.926217189192973
13.2827583796442
2.41398995724256
4.06905269535026
1.54719047452612
31.7768224342619
4.04015367049967
0.726993114536364
12.7072338145002
14.3254925261846
4.13570538138013
1.97010473827082
1.48194750270875
4.01127771369986
4.55908566635209
6.40662682185174
8.11808977898942
18.5755980799925
23.4931528666131
11.1428111565482
3.14447823098342
78.6119557745855
5.46058264303937
0.638786480724193
211.260237903837
11.7751913599664
8.98838442091037
1.35495671827852
10.884857805273
3.98249577668263
1.24610010135962
1.92466766861231
2.10803537101115
2.19379492735894
12.8994675707478
5.79770437943448
17.5072524553493
17.2023795043864
3.46496697074553
2.8928267682593
11.6745191243461
3.73283003040789
6.6606787599175
4.47355912061797
2.12195262894225
0.935537613738301
8.15071126489812
7.29742639777244
1.70913285100137
4.61710530914684
5.35638973355235
5.97731070800273
6.64080248855335
4.05326855638273
3.63010159262755
7.84197220183379
10.3234191977445
6.2454268171916
1.26757773816597
23.5282467116377
2.58569594445028
1.7755408758869
3.79807300222526
9.66477357193622
7.91391422879306
12.9837540339963
2.26835832372165
1.9141821909988
0.963142847156683
108.838092575117
26.2591311034217
6.38449081355655
9.75259993242692
3.90011522374844
1.5192292008901
2.61321403189915
27.6070975032913
69.116010275768
13.8683345566391
15.2992779001083
27.061852667389
63.0287185581348
4.73477566903173
2.73554460405671
10.540029592348
9.66062004124288
2.62369950951266
11.5722666107441
9.96353978073698
7.19886290820546
127.633183041488
14.1359937320145
0.798004963126072
1.50524856407209
8.69023277760303
0.627963603742153
5.3257819253667
6.21652464669764
3.85281884589845
6.87916069576968
26.9628115060641
1.12614029569047
20.3464461221208
29.8215990353359
103.121209208579
4.51458063914811
1.96660957906633
9.90736663055
5.51552433213334
6.77767245698039
12.0722798923491
1.97010473827083
33.7166357927604
20.1041557442942
1.23797373970385
14.4308021390374
3.14098307177893
11.6693928908462
1.88622091736279
0.382358766441815
4.04972446494938
13.6451015343749
22.6054607202358
113.760674798737
1.45675392914147
5.7169154054967
17.1430121282024
155.589617513078
155.77713699859
30.207138396654
2.42814430347303
102.680964197919
5.8941940745401
54.2297251639812
3.10719653280208
4.90254331084782
9.53713035778778
5.85375974275628
1.67064543939977
23.4443628907297
18.3353605256719
91.1046492607738
5.0489317628418
4.22382999545633
6.93002504864097
7.29789241899969
10.6006308762364
4.80933906539443
12.9274288443839
17.3919122016008
108.059596658628
67.4495975906702
29.8866892686962
86.0321787657428
15.6522795428332
21.8156187014319
5.43596646977269
71.1087674903592
6.39591893560751
9.34865739284426
6.82362855778081
30.4992513368984
2.25088252769914
1.22563582771196
6.63614227628069
7.32982547505038
7.49711649365629
0.447380378176223
2.71784733144595
18.9368996772803
11.7250940780353
2.25343399391843
4.73461850337283
23.1824751552433
0.954178462828979
0.672223969801829
9.11812473058148
47.0996063285683
3.80146330665362
9.32602274183589
2.18447450281361
5.36872251931076
13.4542541912784
1.88622091736279
8.31284004986426
4.06263453450287
12.8470401826803
115.699090093554
59.7930749245628
65.4580289632193
188.184719163958
2.06143324828447
5.0842915894819
3.78936900725829
9.2871594841145
7.17478580499342
60.1174256987406
161.226943483276
4.52905654002542
4.37477427096804
140.816469190172
144.587745971829
115.898768538907
3.42409096734356
7.55886430626915
3.91807346824648
61.0398839607144
117.673855044097
110.620685633731
142.737717544534
17.3215908799646
2.26415248214555
2.66166858900422
123.206692064824
2.68645625808255
17.5634317803176
31.7564166462782
20.0295923479315
2.04327007095174
3.68622790768119
34.5596681928862
178.522235037806
3.09677210396934
17.4900096699404
6.83650297671059
77.6843405217108
12.2141717055212
12.8828840888703
2.00675078349819
212.798107953817
14.1217247445621
8.19780212738691
6.10043922500669
1.7294285414701
20.7571161441404
76.1262656554005
11.4751202917293
82.7409038481703
90.3836519753475
2.95628487877623
6.68955296913776
2.9506017499097
125.15159099647
4.56816504141764
111.387217037736
164.309764309764
18.519133084012
4.77022718534829
2.39973564945884
39.193354886815
0.422914263744711
11.0711445481342
61.1047033192362
60.4317635408293
74.3682541679773
97.3858179255065
8.02813032283621
1.38291799191453
3.18547644845223
1.1312665291904
5.83107895564641
116.88150559808
12.7456805657498
1.43884053918656
3.45333426537579
2.29517726282432
1.08462293057449
126.930678293896
142.056085654702
2.15651322917758
94.0510445865808
79.21431745366
185.255309729358
125.881187888108
4.28739529085552
111.087708806636
1.38824181841483
16.6894424056016
19.0256036722473
4.48676790977835
2.72797304067202
68.081665093845
11.1285869071336
5.66864620833479
42.8513392285019
77.2884554891475
4.1137445970664
2.13787238008691
6.3000956508569
2.73554460405672
22.8159811494414
66.6446624258735
7.9165355981965
17.3242808709937
11.137907331679
16.5658895762702
9.42010648585044
91.8760849556697
108.794857455757
90.1178776228257
10.12732864982
16.6963755199049
40.0079223608635
38.2650029708853
16.8734635862664
1.99806601190684
92.7510398098633
105.520035883635
10.2990691225985
3.85558596344062
9.59906457889157
1.9962485291205
21.0583342071231
94.2079707105659
0.366991716472686
93.2062027425353
2.89849312036164
73.4311226451365
255.847739214521
99.2331913133643
158.313405217108
122.652944205609
121.725585264409
3.60489555299244
56.1912085095476
87.180874488833
9.97751447578438
109.620693672597
4.74920962799857
6.32274300094371
3.21902997681544
0.918061817715799
2.53981568860461
15.9187608495567
71.5911428005546
8.65866263558303
1.04738270828236
16.8571411927813
2.80940896857851
8.15213857141194
10.7760244894155
6.09624503396131
4.11380238369857
1.74641454918272
16.0459323337178
88.224674775436
10.4446134936446
4.59957871681056
1.71239453357101
234.407023405916
6.50308156536533
4.43534537998206
168.721150489905
1.90324129414094
5.71691540549671
11.3312235387322
151.083248983491
1.25359710134796
12.426085072175
118.362426922046
64.2957836729463
73.5519676581268
9.42084046928338
12.0326680880314
5.43634779164191
9.7581129635455
2.77048640965596
11.2324223783393
15.2284976640686
101.45011592278
2.15472498922324
18.8823192711428
2.63768014633066
35.8554285647711
18.5697808535179
29.2334304987591
6.65478312537137
4.78024664173456
88.8562674029802
14.3438887141309
18.7395592604243
13.1392354921767
84.0084815863363
14.5222666107441
7.8664383162653
4.19768620460662
4.74849766406862
36.962643621917
37.4701921172509
1.29903417100649
28.9885820139107
16.4072907855955
111.546840958606
97.1438802092435
3.86098586790628
26.0969440658022
161.069751727191
14.0722081250801
7.33501695152212
7.67246292218611
6.01880349049902
121.46032644787
41.6855987790244
101.838228187294
25.3748558246828
4.12428786131209
116.644652289912
164.86359512076
89.2180205748372
9.82838768305896
1.41786900143301
4.96517411718104
13.2664592872205
20.2998846597463
8.17750748546596
5.78446459986253
3.14828690596855
7.30007992264048
56.9044619202403
139.585619866485
38.1995787168105
86.7393659781203
20.5608565470157
167.089709086249
12.4816398121934
20.7678793704053
95.8326051751657
114.784523435042
4.23496790278798
6.40815199282326
18.4952174571552
7.72632623816015
24.8808733237799
11.0398810480817
2.05398855917887
13.5052951661948
27.7556934978389
108.558479838757
16.8345893770461
8.43032400125826
29.1121205130894
23.92599582911
4.46326925541458
24.6672603777102
3.72839117821817
3.65242971817367
8.73874337376067
4.08443139585007
12.5219903766617
3.19012780632158
12.7177192921138
5.45639788892384
5.87536262276745
4.31885172369601
7.13923304556522
16.7360772663195
20.2669695804644
30.0703459042557
4.53768818519685
7.07768573858542
55.2242964827041
23.3723141449094
0.51611850919809
2.07262940826955
7.74876795638041
27.7581782065173
2.27606817890555
2.92543660363729
2.55379632542262
9.84586347908148
6.45893257837894
2.53425838546946
1.86874512134028
3.74681066722589
7.243211701793
22.780222525136
6.94721144548134
8.15883529644775
5.51753416518123
14.423153216129
2.75770985518389
189.758018477742
1.01942143464635
5.98309554600214
1.46680181282257
11.4275278738947
2.80544778814675
17.7413175585148
82.3414047044843
20.951162722962
6.16429578367295
4.01244276676802
3.53593606188762
12.0361632472359
5.10176738550442
15.9904292055503
2.53025060291496
3.64894620949985
10.244299977864
8.27511050528351
37.3863390537439
6.04346708142554
0.750294175899707
83.2684282269057
20.3418265702003
54.3904068365314
7.56030093320751
0.463755898081162
1.99923106497502
31.5810935188098
9.45440564817728
8.69595610080039
150.706182820127
5.81944007549543
0.627963603742149
1.64590530448661
14.2022591544045
22.2991157247213
4.53322148823879
15.3174013491315
13.8233430032738
5.09517318513862
1.28155837498398
1.19767455407594
16.3350752041755
91.5859867416961
3.44855708177507
1.03806228373703
6.93415120058718
10.8902170493866
8.42230039728314
1.20233476634861
4.29089045006
104.878077196416
29.2053056516724
74.1414024908834
42.6313248983491
75.8871296587559
26.4487293931239
3.35733936830822
1.4237223445528
9.77130008271877
2.97716495986393
21.06431745366
13.7138396653967
108.937489776659
6.55895180175455
3.56040217631913
2.52000978644578
60.4382929642445
22.9415143359781
94.5144821921639
4.71030955460022
16.0260039844815
8.26255635944218
13.3284284599164
10.6765463166847
25.1173674460872
12.2831428471567
3.40661517132105
13.2165833653723
46.9872262416552
76.3949991262104
8.66952104668371
15.5444618037353
10.2917818321625
35.7245463865879
5.3440984236832
2.99185627905351
2.65981615462584
20.9523143779199
1.1778686519171
3.84524961261985
69.1619656775366
105.334010345671
13.2621927463796
89.0000680390992
160.035184602659
12.4008248575723
135.317418708422
248.808733237799
108.810131301481
4.65484137802475
1.01723626111169
122.179951650298
150.983734810621
7.92585602274184
83.6729463027041
68.7932961681404
138.253777801079
8.33850325632332
8.50857490708701
140.071534258385
118.205119243182
25.6433207507602
131.014103666422
117.025607866438
170.876265655401
31.9166114431512
25.3098342129484
97.4450386215092
2.85425698740578
3.61049945825032
69.2980381671385
121.784162268591
100.366991716473
12.0468466673657
5.60325876993698
26.0220712313446
1.7216048606014
4.57414409376346
4.55302739039763
1.5227243600946
2.45593186769657
5.67147833583819
2.73764764135007
12.1559133433528
37.1809503337877
3.71943192012396
35.0380184777417
65.1455373807277
100.063367236378
14.3534537998206
10.0206506821386
88.3821882026726
119.603182924982
1.33468234828098
11.471799890485
13.6536449850291
129.303403120012
20.9150326797386
2.59573823587664
95.6389733552363
161.489170831731
79.1820687847331
11.1320820663381
12.5040369088812
105.622649913204
7.03226031945755
22.480152272436
17.8241468898908
121.53467442592
2.34151200587187
72.1494064054617
9.62748546596308
103.385644216094
19.9152143115119
15.4579241084431
22.2979506716531
48.0317652884089
11.2344178812345
4.59053044866193
167.323756597113
104.179672037561
6.72395186000723
19.0171612316941
15.4161737327135
1.41087926555054
79.4973961063926
20.7498165041418
4.39341512005872
2.16808115759672
2.95666002586418
14.4140365593653
2.18447450281361
4.02990691225986
24.7451917094824
12.6792725408642
79.3622382999546
58.1128470401827
10.2757680612352
4.81611221791153
11.6927876224762
60.2845059592464
8.15949343492595
13.9893107546048
66.1319073083779
101.624083977025
47.4879930795848
18.2710495963091
53.559819649785
73.5614507240805
14.7763680635653
2.52978458168769
82.3774072909021
21.9357882166533
2.1149360968392
6.02634184987124
144.567648806403
82.2382533524402
2.1099111064509
0.658243332983824
8.16469190171613
43.7959940815304
5.84948574557572
3.31522840865404
57.0738410634605
17.4152132629641
70.3074575046893
4.42720165903557
88.9576270199108
2.18447450281361
5.94060559458483
28.0420606293617
3.01730103806227
21.8696655132641
4.90603847005231
8.20940325981847
138.197429892932
4.57134796639988
0.484662076357578
1.04854776135053
15.43971328044
4.90603847005232
11.7820483963044
25.1884585182855
24.4188132769448
16.6283247701933
6.04591474141648
23.3289167336572
20.7726631948085
69.1223655237495
117.572495427167
12.5965537730244
11.0575186699754
3.18775703983317
31.5775983596053
2.61321403189916
9.13867626670395
96.8886116062586
2.79091852783896
19.8087508301003
135.831207111484
8.12158493819393
8.61133258769938
22.5740682488087
1.90486176645346
9.17836484801883
203.163433527897
225.591555695362
71.0591380937402
83.1976046508918
54.9287570048816
25.6955356331481
2.13787238008692
62.7562960632857
29.3982010415575
2.8928267682593
7.14294036093345
64.0974323395431
2.8084652755933
52.1560919459881
62.51938485198
87.1960667808419
17.5829809047802
10.3994850465439
4.04040404040404
4.41856861580044
3.89011219461046
14.9589890834528
63.6813346847948
54.8012036163246
2.94991436859949
21.4516444724057
34.0213264129181
93.4780329243997
69.6382393718034
14.9441357053814
51.2606922745331
50.7517960458099
1.7755408758869
6.91575501264083
69.0171671734647
98.1235930236623
9.13867626670394
1.3789283841879
140.041930259923
114.961617443175
5.13229177589041
69.8557701583307
16.1371500471846
12.1424230773712
28.771439889087
13.8254517493272
9.41828900306411
161.814967553272
30.6432084396444
5.55893176284179
224.670490254331
106.466498899025
1.35146155907402
2.44544639008307
95.4604745261147
62.1252898069507
2.41398995724255
35.0203301760395
11.6274183589062
3.05685458972656
4.18953083312945
28.8189740542682
100.365826663405
115.768993277644
179.011568976967
18.3516712686263
9.69790173942424
11.085672293873
14.0773362226649
56.6238770636003
42.1096780958372
20.142590845013
5.10176738550441
26.3430149243298
25.2053126419909
87.0842216862978
74.9459870912119
1.88214917339484
103.600013980637
5.28295399205434
17.6563792480748
2.26486316451714
4.89531998182526
77.1765987440728
17.07082590612
7.39433038574907
8.91343084827515
1.74641454918272
16.7108105274195
5.73103526615636
21.5431738375683
22.1033741101907
25.2482009250521
94.8793471042606
11.0260622371349
35.971013479664
79.4942284436056
1.91534724406696
4.61884018967066
243.44965817343
49.562627311174
5.05213612480048
4.56118276187482
23.320389593746
3.75613109177124
9.59421201635736
110.827268183566
148.366013071895
27.1472044551629
7.52366805307982
3.42525602041173
16.4260832080901
2.88350634371396
4.07349154753998
23.0435846352801
3.14912679272542
4.20817168222013
0.873545139981122
8.25906120023767
3.56385818974046
2.52000978644577
54.7179122249019
135.180880430603
42.532592359582
20.5109655959829
1.76411170528818
101.455372642224
1.70263779665163
6.50168350168348
5.91744666969582
135.768049584659
21.7014435007515
5.75967564922583
3.02050493399974
126.481656239442
5.96669113278112
4.3356093810073
21.32814884718
95.1278035254505
120.28473896986
19.225927090979
15.1860007223329
52.2596204257104
79.9086598394557
53.866228606713
9.62666526860298
109.301906143325
197.830892547156
92.659340812974
5.58722763971902
15.9519066093461
179.861580044971
8.9184994116482
7.40949285239942
74.2594166579287
7.65672876399521
105.259049549707
3.33671198723102
93.0924003588363
62.9256812647816
114.38830053709
213.423741451423
76.0047593582887
11.8089778989433
81.0360130718956
110.857977234863
91.9599687765778
3.3690888119954
1.97668157934594
3.21904162734613
20.4325091747929
113.619470366875
13.0464856174199
57.018658441392
18.7501194179395
102.239231997017
26.6330106136335
28.2644087938205
156.559464425105
86.4131511190334
2.44170656973425
1.2086888492771
6.61073246886395
124.954493027157
134.459088112964
5.54565260447613
10.8389430638565
146.334160521012
57.886582083814
17.9358871296588
36.4885067514825
128.383022846691
29.2276018547645
66.7715214428017
90.8228793121526
63.5895857071289
3.03263313643937
16.9997845816877
3.52661563734228
15.5238544615707
9.91180548273975
30.2237194319201
28.4797031444782
179.902049794368
10.219500192234
7.66709994990272
70.6833148089895
105.351776123402
28.6289165006467
87.2571039110831
123.705288175876
37.7404844290657
3.52380785944802
3.20040077825545
5.72131417986089
4.05686519170947
7.132643621917
6.10837323640092
28.0961751307773
12.8575256602938
25.8821025712721
14.8331353908171
4.09544708911491
11.4676173499703
13.7701816317733
0.475341651812243
101.670686099752
94.6915115398506
11.4734426153111
4.03689723066885
11.4382463621218
84.0651031654492
48.8052380785945
18.0723031934105
155.50196311442
105.19963184323
4.21768969976583
3.86215092097446
120.669961436743
234.579940116272
13.233651392821
3.7642748127177
92.9458250323302
125.326377966516
86.834422657952
6.62890729672736
71.0810527419524
104.30060745867
107.017114629571
102.299803106031
90.0632623816015
79.0975382428669
21.0261768783568
75.6249753591276
5.04769727261079
70.0133864597532
7.36313539081704
27.4954388172387
2.0858825859518
2.5759323337178
