2.56484697027949
4.51108547994361
1.35535877809234
1.52923700674565
1.29903417100649
15.4045530273904
8.76529202055153
35.9931350413012
1.95682907506438
1.41087926555054
38.3104400405438
51.7132105367399
51.8281140120934
3.05127398553004
2.42797059406056
4.31885172369601
5.40280544778814
5.61555578856616
21.8051332238184
23.1190684235667
2.74020481632939
8.02137872380086
5.24157375368449
3.1736045576876
3.85865576176994
1.27223795043864
1.46330665361807
2.29537590437244
6.10487807719642
2.33010613633451
3.03473617373272
2.24971747463097
2.37204804678853
4.52972632903428
2.38952384281104
7.5250777672923
2.18562685680332
8.37175107476144
2.5724371745133
1.7184532755467
37.8656693812403
4.96196101732434
2.03651276315636
0.824705066815796
2.58525275826314
52.1066222781448
7.64624328638171
9.4322696398821
1.18718907646243
0.848262439854134
1.25242039774912
18.7449582328477
35.0333671198723
11.6132489834912
2.78098167371524
3.61632472359116
9.056061887619
1.61709365861615
1.46446005615555
4.04972446494938
2.42797059406055
1.43534537998206
1.57864690736664
8.2676825929421
4.04972446494939
4.58914403551081
2.70718208614402
14.5433574499318
1.99548553586616
1.16701268742793
3.57134202462922
2.46687171600666
1.49071988629082
6.09624503396131
2.18896648142323
3.6967133852947
2.51347383873335
2.69522211736745
2.83487190241515
4.06346044062308
13.1825754663125
3.14253911665676
5.14317989584426
4.35488576654665
1.82795661342374
1.47297146785036
2.88350634371395
4.41900283107897
1.95728915452099
1.80350214952291
0.922722029988466
0.802243892209287
1.99014365104331
3.7503058264304
13.2944205608566
104.500355341186
4.50012233057216
2.04117297542903
4.31885172369601
1.06252839816854
2.95435974508639
6.60235573730385
0.675020097165424
1.24857001386412
3.21554646814162
15.3076322626496
2.00468945510468
4.55560169165706
0.876119907261779
1.49126792725409
2.20894061724511
7.8494168909394
14.133258769937
2.96412801603114
4.83264012675777
6.83928687101697
0.847913972481451
4.65530169049198
2.41398995724254
3.21904162734613
2.01670686099752
2.4978737781506
9.07153787005
18.6629850989713
1.10375962625098
9.94231822259501
1.13126652919041
1.57864690736663
1.19579777008843
4.66823377954865
4.9698717276572
11.4634115083942
2.09709552270106
1.45398622907273
2.14298696305617
29.45426584181
3.85160148194749
6.09111880046136
4.70681439539571
1.05902158843336
5.09827222629991
3.01592627544184
8.0648341546957
1.88622091736278
2.55729148462712
1.28155837498398
21.6182862069367
2.48389314133259
67.4241725210583
6.75368809199257
0.926217189192971
4.1296238043643
23.6505772837953
4.50312245872799
2.621124742232
4.17276001071848
4.85011592278029
1.36899921941445
5.34409842368319
3.64894620949984
5.68895413186071
20.8650811459462
46.164295783673
1.74641454918271
3.05127398553004
1.55068563373062
2.30214486269849
4.72545524448639
3.84582852748944
0.789597940186173
1.92956089149859
2.30774305919634
7.5615265690352
2.13787238008691
1.97010473827082
2.95923479314483
1.15922780282642
1.62175387088882
3.50332517796184
4.04972446494939
2.97321542996283
34.1525020679692
3.36349655726818
2.48830869246094
20.5328952733797
40.958605664488
31.4920718138711
1.19767455407594
4.04714969766873
33.5813144128715
8.84064404133606
4.46686938590052
3.00431023033098
10.7278734286347
8.10712662961798
16.6297228338751
1.28621858725664
2.16583365372293
0.593932403620981
3.21377791758414
1.13171985133923
2.42797059406056
2.57452261950532
4.78487295096293
2.77924003588364
3.59185860915964
2.18725897964653
29.3893840364429
15.756177693894
2.3767082590612
1.7650553982734
2.10991110645089
7.99226404762738
4.87807719641628
4.74875630584974
5.90751808744888
2.94311278878752
4.64785105961576
26.3348595528526
5.93543275896218
1.37314972096979
0.792236086353728
1.38291799191453
1.1312665291904
1.90391807346825
1.86011207810515
4.92326960493048
6.32996632996635
24.7869700464857
2.08194983281488
5.18565120641245
6.6115003553412
2.19424929805553
3.93670266680647
8.00030046718635
33.768565819673
0.778255449535729
8.47226591171228
2.06447403679237
2.60872286882666
3.00729218365898
4.34681299733203
0.478836811016739
7.71240665012292
43.0848158633626
24.2785235282467
26.41616860648
9.72333845956681
59.83489462095
3.88661703540596
4.69749397085037
2.19029976815444
8.04665466662008
4.43567054629339
8.6633346148917
60.6475364952873
10.3177099716892
5.16817541038994
2.73900376312142
32.9243997064066
10.0742011813638
1.37157631680124
6.92041522491349
1.63573450770683
16.1056936143441
6.52779234094113
2.43192012396164
80.003238265003
2.08715657148183
0.90874139317046
2.95923479314483
6.72257756340802
3.82603427586126
0.596507170901639
4.69636282082648
1.68699684270618
1.96033646732609
2.24971747463097
6.2835855673226
58.2013910733634
2.1245907751098
15.6774201064859
3.38148497664067
117.474386308296
35.56674006501
1.29903417100649
4.01722542611817
100.020970955227
8.17472953293022
3.927964302774
16.0676154858854
3.21088625586896
4.62642573369217
8.39252967972692
4.55162932671585
10.985622196591
57.8614169375415
3.04311861405287
33.0057204105647
10.5504759241783
38.8227646709309
1.1072723777568
119.789591415889
77.2583971199888
8.51194249298055
4.6730162058882
3.84351007188377
1.78486130043223
1.39735299942912
4.32933720130952
3.67224727086319
63.0364697726982
75.5390858993627
11.9145988139756
13.6150315146855
0.879615066466275
1.88527722437758
1.65321030372933
0.881933522071937
57.3893490848508
2.09980077592532
4.04972446494938
1.3400323884753
16.3538382673331
5.04234967902787
31.5076951755153
63.0212156163713
1.42136474316405
84.2321717754243
53.3174886116063
38.2673330770216
40.8794170074447
7.78604965456177
69.2500034951592
7.31631085945961
11.2054164482192
46.0193515314623
1.54523912714225
1.38291799191453
89.367872030571
1.77107301387578
2.7297076881852
78.7542566378898
23.6626391947153
4.71030955460021
1.35612177134668
3.89011219461047
5.73973879510214
45.5861964512484
43.825789614717
2.74369997553389
4.42921149208346
5.04909533629258
9.26006314587629
6.97842321717753
9.91110645089884
53.1671967658127
6.20016776764183
12.4561527617583
65.1066606083907
134.944601726609
107.766243752403
43.7786644996679
3.67574243006768
54.6099345240175
1.41692589097432
2.56753230109631
2.23350587769272
8.88859657707405
3.66506122353873
4.47327845933381
23.9441706569734
9.73382079153706
84.3405217107639
6.55225845537264
27.3542693369683
73.6728618363567
3.63844908135565
2.98335733342656
66.0853051856512
23.3896053965258
4.0844313958501
24.5360176156024
8.28775540875887
20.778721470763
27.9659891883075
2.37204804678853
13.6858783917608
4.5332214882388
1.21515035009844
10.0905129728659
17.4711358102362
25.6999056307015
5.1572122610185
1.63502382533524
18.9771639113161
1.76084955669731
2.86137033541877
1.57211095965421
4.60870527652533
2.12823168245314
2.51626996609696
7.87109852853798
16.3893602693604
55.1729627299523
4.39976827094476
5.7370534642853
87.1510690526954
6.05571283771977
49.7256183519159
59.7276455442546
2.02602728554286
1.29948854170308
3.78536180723033
56.7659636736453
14.4193841529482
45.3370964547435
28.9522472708631
1.06211492083464
2.11107615951907
8.02157165658895
16.2315193457062
6.44041336082859
39.9939417240455
9.83770810760432
9.85518390362681
2.32428087099368
56.0576934279356
9.88520627264568
40.2614979087297
2.88001118450946
20.1516492491233
20.2719233861102
4.52469562988596
5.56777696224062
6.44390852003309
40.0394193375508
5.18904046229302
2.42797059406056
24.8978714480445
2.1099111064509
42.1131732550418
2.97671058916734
2.68879929630794
4.28276432141483
2.65632099542134
0.820197359989749
1.46330665361808
6.09579066326471
9.12819078909044
5.15768993277643
95.1827269232113
2.19495998042711
2.64117530553517
62.8620693672596
6.66805307981778
16.169305511866
1.5972877564573
1.07534398191838
175.164988291217
4.60894993766966
30.8506052450689
7.22682418184148
2.01321170179302
88.8328604382929
68.5731654491862
12.4185620915033
40.7244299977864
3.00117670359886
2.07262940826955
7.54642748127177
2.22500669905514
4.37138291799192
3.20156583132361
2.12039658406441
5.62835972178533
4.73827082823623
3.52032248668922
23.5608565470157
36.7830554681766
4.71216198897859
47.2591253946618
23.5105262544709
2.64157736534899
1.39781902065639
74.0413699859028
7.57690526953499
7.36065277923414
5.95109107219834
1.88622091736278
8.12158493819394
3.9418289003064
16.9398716111519
73.5504875747091
31.5201299034171
88.0048298439993
12.9411648200576
1.73894655901577
6.46579241084434
25.361562569175
8.34569454638661
14.9872426689036
27.4448637470437
7.63692286183636
12.0186874512134
3.16497151445247
2.7053067002202
2.75491372782031
8.41168315216758
19.1564973844559
31.7982477601855
3.56389733552364
1.07534398191838
3.36727121270374
15.6711288199177
110.833828480887
1.985250428157
5.27911222956205
71.6925890974333
85.6786900143301
0.768935024990388
3.54323989607729
1.48477287290437
1.73709412463737
2.80894294735125
9.75777381659734
2.74020481632939
12.9029627299523
3.90175107476145
2.305640021903
2.37204804678852
4.81865948993977
21.9169783183624
67.676756026237
2.16233849451842
8.50954760989364
6.9057239057239
2.5348864655785
1.57335244020365
90.1086878007293
2.02602728554285
2.13437722088241
2.27418358906248
4.6928337585777
1.77088066361423
2.38952384281104
2.77406125849032
2.14835785770042
14.3674344366386
5.5398273391353
1.67064543939976
1.03456712453252
1.5441496860182
5.99626670394836
3.7433038574907
10.6159461978493
8.37323640091806
12.7514941805599
3.20040077825545
2.67962205678469
1.70399496697075
5.40878811179848
6.77570398331645
2.43709191103654
3.03495159204501
2.75931168664734
1.99923106497501
7.88041895308332
4.85373352906224
11.8455489147531
56.8601702142533
6.44041336082859
0.492613680053124
6.23536402083114
28.5198000768935
1.97010473827083
2.5013689373551
3.01725443593955
11.5771206878473
4.14920834644019
5.47106078081856
6.51847191639579
3.3392634534503
4.15224913494809
2.27418358906248
2.97924527862244
1.56932648282129
1.7289387531602
1.01942143464635
1.64505493225217
2.96166043363275
2.09709552270106
0.877273309799263
56.0938100730488
7.25595050854566
6.06759637901507
3.77011172858924
0.804573998345624
1.33118963568791
5.45594351822726
1.68117157736535
7.78836811016741
2.08194983281489
2.64162967623176
1.67783439935689
1.99806601190684
3.48001351461559
3.53244090268312
71.2250416506472
4.33931599734368
3.59510910721984
5.1357752845642
3.21825999324268
2.55379632542262
6.47641944240557
3.39172579310989
0.907576340102294
6.51011277713701
23.5996430277399
13.3018652499621
36.4223760092273
2.49119697552222
2.61957522165133
6.23465695012403
4.01555240991227
1.80978178556033
2.73554460405671
1.23379119918913
8.39012163154031
1.01592627544185
2.70326750783498
6.95928372537367
2.19928127876224
6.68526324374076
5.67402980205749
2.63185488098983
2.56707793039973
5.23807859447998
3.01258257313621
1.75690002679622
0.711847424650194
1.61256160218098
2.32480409632658
30.1001306024489
2.48409073433295
3.44160171495811
2.12139340346953
2.60389360735382
0.99146016101033
1.41832395465614
44.5051413791899
10.5169340463458
2.58710519264153
1.79570223573683
1.83029837009076
1.74641454918271
2.63185488098983
1.1312665291904
1.18502801952629
3.31641676278353
1.58163538499179
21.0885556837114
4.17904535551595
3.15496370859693
13.8816073072128
10.6101382917992
3.75030582643039
1.56932648282129
0.817015716565889
2.29071569209978
1.84252630107301
2.89282676825929
9.79926135635479
6.87077231367884
2.36156256917503
12.311224237764
4.25779129239338
16.5625808255567
8.35691400743302
4.3013759276735
17.833838267333
2.41748511644705
2.28816422588048
7.14059860426642
60.2297590670255
12.3721529015647
3.46855533419549
6.79154870504351
6.79702340591614
1.31767502009717
0.420106485850429
3.96857280999149
2.41748511644706
1.26413512285485
1.7184532755467
1.85825964372677
1.13126652919041
5.31613715004718
5.58551559423531
3.52385341302294
1.33748092225601
2.97671058916734
1.3637994710659
6.88196847366397
8.95668332692556
7.97245814546853
1.10447030862256
3.44411822958536
7.78230983421295
5.48686996842706
10.8459333822656
5.31752356319831
2.86486549462328
10.8338284808873
4.08894609299454
2.46991250451457
6.16080062446844
1.88527722437758
1.40738410634605
2.73554460405672
1.68699684270618
5.82876050004078
4.01127771369986
8.35555683711394
6.83444957067795
5.28095487749467
6.14659291880745
5.08171682220125
13.8301753404868
7.11522269989398
11.8404343317838
5.00856314005104
1.56932648282129
6.75659711299849
5.54680600701362
2.65632099542134
4.57050318642014
52.6377850011068
4.79186326937191
45.6946628918948
14.725973809607
2.58344121724744
2.20527722437757
4.38370451924087
2.66913657917119
8.52352824671163
55.9497978632927
3.00117670359885
1.49521745715517
1.94330851770298
6.60021798142906
4.08584111006256
3.10177332727505
0.862173173488055
5.62953642538417
0.805593536285579
40.2474212715389
2.08194983281489
4.47449116307249
1.69049200191069
1.76951755152447
2.44195123087857
1.39176074470193
3.94602309135182
13.7883914112288
2.25576410005476
0.890100544079785
2.99249134948095
5.85322661447229
1.20582992555311
6.05361574219706
6.04313026458355
2.38602868360654
0.627963603742151
31.33521361248
2.94525415632682
4.55302739039763
18.3099740193166
2.66166858900422
39.9601551850687
7.11417974438736
4.16691715307631
5.64817727447485
2.78098167371523
2.31215266855405
1.02599827572147
2.06702550301164
6.4718697936691
2.41888318012886
3.42059580813906
88.8828306129343
1.97604650891849
12.8605431477404
82.9156501578646
8.59692659000618
5.32196241538802
74.4224132909254
30.7760244894155
14.8467372688826
21.8511812473058
13.1857588573159
26.5492293173954
6.59544126384955
46.4028870015029
14.6831638181119
2.06982163037526
3.07107988768889
95.8420309205084
3.51122528631179
66.4427318164342
10.3757179639533
61.4283732364009
1.21515035009845
3.60723730965946
10.3354014190346
4.52115748022324
2.53863898500577
69.1237635874314
46.238847529505
3.39263453450305
1.83029837009076
1.78182051192432
15.9316230354293
1.74641454918271
4.34681299733203
5.22944555124485
18.1905340603265
27.3496207752263
4.90254331084781
3.44031910803537
3.24700290098214
5.26021460277516
3.09043794344833
16.3109643144245
73.877168455023
1.05786818589587
0.646604452832828
100.76196288141
5.14021413675393
17.6190975498934
65.289573940093
2.60389360735382
13.1811955774586
19.2846089499377
4.20700662915195
7.77671757948576
61.9244639008307
26.4373842228513
1.7314902193795
7.27527873894655
5.46708736732957
3.49444852213018
1.50990877634476
30.4218657159834
2.21102606223714
5.43123274265143
5.13334626542238
8.60409527803991
2.43612596553773
11.3755781575851
79.4842990458216
10.7014668018128
1.13915755012641
2.77211561986647
33.7900341360549
81.0010187224028
9.54387007328184
110.942894224832
1.7426747288339
39.3822888632577
33.4090617827642
7.90838022671932
9.19593116866471
2.09243531042839
44.39141996668
42.3130847110086
61.2584903242343
1.13126652919041
2.04117297542903
8.39093355702353
8.50954760989364
4.47380378176226
7.62168629781085
6.55691866764531
6.05245068912888
5.79566134237414
91.9122016007829
55.7498747567952
74.4304930504584
14.6097654748174
8.14022578728461
6.09764309764309
3.15505504875746
26.3625761653443
60.4056714783358
6.89751622336398
23.8358207216339
3.42526196218238
2.46407558864306
0.982139736464994
2.57032842845992
33.8718208614403
2.8928267682593
3.61981988279566
34.3887888108303
84.5828527489427
3.22297438048303
4.31138373352905
2.79146715132874
7.98502906807404
7.28274672911351
3.55108175177379
7.58682557990516
2.94874931553132
38.6273344750853
1.3837394708329
3.53593606188762
82.4686984027122
22.8519113860636
8.48806822550766
65.4577777777778
3.90059767222397
6.22232136823833
1.69049200191068
2.42797059406056
5.63629373317955
57.1097363484906
24.4975708643529
6.6780841867347
52.6423323197372
11.9907261775774
5.74487667913273
3.3970500856314
20.7845467361038
5.95924644367551
11.5328603217877
71.0478902053988
17.0517167056959
4.35276070975033
12.8854869339298
86.8786312956555
3.8994326191558
3.7782671000664
2.58525275826314
12.2756865075204
0.805972062027419
7.62192292008899
117.390982023233
1.50990877634476
6.80390991809677
54.2856477112532
9.68741626181073
3.86448102711078
3.25719606678085
65.4781498957279
0.892180280311772
11.5573264362192
54.3667460067806
28.5421574452716
6.43178031759348
4.37429659921008
3.08381671385131
4.22330572157561
1.30712558107021
1.32078000302914
4.64506658278285
2.43263080633323
2.86486549462329
2.348943995899
79.186326937192
41.0191884240327
6.34254890310254
3.57301970104741
70.0185243437839
81.7615111903347
3.04287395290855
10.4445376486899
12.4037247911643
1.46796686589074
124.106800414759
74.623979122249
3.86937424999711
1.1883541295306
3.22836205189147
4.68632064590541
11.1119092889681
1.21515035009844
3.0885556837114
3.31162734612559
4.87853156711288
48.0416682394883
30.3484557221581
6.18293663276361
57.4732329057588
2.50601645054932
5.00855148952033
11.6931599734368
171.275616604336
41.1683152167581
112.491698996889
9.34534503046612
17.1122994652406
81.089529202055
6.52884683047312
6.58823529411765
15.1119033471975
38.0960702760011
12.0077243018419
4.75969615415982
3.294770076777
2.02253212633836
3.04311861405287
4.52202532825369
0.623291740938796
2.91729288269081
3.59302366222782
2.23575501264083
6.54390502487387
1.13756375752916
0.730488273740868
1.48862978108653
2.50368168420073
5.33849451842531
7.83265177728845
2.71224354269337
3.91457830904198
3.6585521885522
6.16429578367295
45.2606689734718
5.74487667913273
7.15342583854695
1.25055631284005
8.36974124171358
2.19791117635408
6.58976151363694
9.0547924457959
17.5072524553493
56.4788427527873
6.89128889820932
1.34981883424791
45.7755980799926
1.27107289737047
2.35224214462969
2.93127351950882
2.19495998042711
3.42059580813906
6.10837323640092
67.1489986368879
71.1837195484255
71.854155278273
40.9863222769797
2.1809793436091
6.57857700418255
87.4705416331714
6.7593932403621
2.26486316451714
