5.92156862745098
6
6.03921568627451
5.72549019607843
1.84313725490196
6.94117647058823
7.21607843137255
6.23529411764706
4.36862745098038
7.13725490196078
6.50196078431373
6.83882352941176
6.23529411764706
6.66666666666667
5.61294117647059
5.37254901960784
6.28039215686274
5.72549019607843
4.98039215686274
4.4313725490196
5.88235294117647
5.56862745098039
3.25490196078431
5.05882352941176
6.3921568627451
4.8235294117647
5.49882352941176
5.96078431372548
6.54901960784314
6.94117647058823
5.80392156862744
6.43137254901961
6.81254901960785
6.35294117647059
6.6407843137255
6.3921568627451
6.3921568627451
4.27450980392157
5.88235294117647
5.88235294117647
5.55764705882353
5.37254901960785
4.65019607843138
5.84313725490196
5.80392156862745
5.64705882352941
5.25490196078432
3.52941176470589
6.58823529411765
5.56862745098039
5.26627450980391
3.67529411764706
3.92745098039215
4.50980392156862
2.52723311546841
3.84313725490196
5.06901960784313
5.25490196078431
5.45098039215686
5.56862745098039
6.03921568627451
6.43254901960784
5.29411764705882
5.60784313725489
6.43137254901961
5.88235294117647
5.49019607843137
4.54901960784313
3.8235294117647
1.25058823529411
3.52941176470588
1.64705882352942
6.35294117647059
4.31372549019607
3.31764705882352
4.66666666666667
4.62745098039216
0.392156862745108
3.58313725490197
5.84313725490196
4.35294117647059
4.43137254901961
5.41176470588236
4.94117647058824
5.84313725490196
5.80392156862745
6.35294117647059
6.27450980392157
5.25490196078432
3.76470588235294
5.84313725490196
4.7843137254902
5.84313725490196
6.16235294117647
6.50980392156863
6.94117647058823
5.92156862745098
6.27450980392157
5.52941176470588
5.59490196078431
6
6.86274509803921
5.88235294117647
5.72549019607843
3.77882352941176
6.0392156862745
6.19607843137255
2.18509803921568
6.46274509803921
5.90392156862744
4.47058823529411
6.23254901960784
6.54901960784314
5.99999999999999
6.27450980392156
4.07843137254902
5.52156862745098
5.76470588235294
6.86274509803921
4.7964705882353
4.70588235294118
3.01960784313726
5.96078431372549
5.18666666666667
2.42039215686275
0.776470588235293
0.972549019607842
5.08705882352942
4.11764705882353
4.90196078431373
5.07607843137255
3.49019607843137
4.27450980392157
3.1764705882353
6.7843137254902
6.11764705882353
2.90196078431372
4.62745098039216
5.05882352941177
0.705882352941174
5.52941176470588
4.70588235294118
5.33333333333333
6.11764705882353
5.72549019607843
4.83686274509803
3.99999999999999
7.72549019607843
6.98039215686274
6.35294117647059
6
6.54901960784314
6.8235294117647
6.19098039215686
5.56549019607843
5.80392156862744
6.11764705882352
6.15686274509803
4.84549019607843
6.54784313725491
5.33333333333334
5.68627450980392
5.79411764705883
3.33333333333334
1.52941176470589
3.52941176470589
4.11764705882353
4.30588235294118
2.90196078431373
4.27450980392157
3.42078431372549
5.84313725490196
2.31372549019608
5.41176470588236
4.19098039215686
1.37254901960784
5.68627450980392
5.33333333333334
6.15686274509804
5.6078431372549
2.90196078431373
4.24078431372549
5.09803921568628
6.07843137254902
7.18235294117647
4.82352941176471
5.92156862745098
5.76470588235294
0.627450980392155
5.17647058823529
5.52941176470588
5.05882352941177
5.56862745098039
6.06745098039216
6.90196078431372
4.11764705882353
6.21490196078431
6.66666666666667
6.94117647058823
6.11764705882353
3.5035294117647
5.56862745098038
6.23529411764705
6.42039215686274
6.7843137254902
5.99999999999999
7.49019607843138
5.96078431372549
6.23529411764706
6.07843137254903
6.82352941176472
6.82352941176472
6.27450980392157
6.23529411764706
5.96078431372549
6.27450980392157
3.88235294117648
2.82352941176471
4.19607843137255
3.04039215686275
5.9835294117647
4.54901960784314
6.54901960784314
5.43529411764705
6.66666666666667
6.62745098039216
5.49019607843138
6.23529411764706
6.35294117647059
4.74509803921568
6.90196078431372
6.7843137254902
5.93607843137255
5.54666666666666
6.30470588235294
6.58823529411764
6.50980392156863
6.74509803921569
6.66666666666667
7.2156862745098
5.4313725490196
5.83607843137255
5.88235294117647
4.8235294117647
5.52941176470588
4.74509803921568
4.4313725490196
6.30980392156862
4.47058823529411
1.2156862745098
6.30588235294117
5.05882352941176
3.80392156862745
5.90274509803922
0.549019607843146
5.80392156862745
6.98039215686275
5.68627450980392
3.01960784313726
5.13725490196079
6.3921568627451
4.23529411764706
3.16862745098039
5.84313725490196
5.25490196078432
5.11882352941176
5.92156862745098
4.86274509803922
2.50980392156863
5.49019607843137
5.01254901960784
5.56862745098039
5.13725490196079
5.45098039215687
5.92156862745098
5.47294117647059
5.60980392156863
6.47058823529412
6.62745098039216
6.86274509803921
6
7.25490196078431
6.15686274509804
6.43137254901961
6.37372549019607
5.92156862745098
4.98039215686274
5.72549019607843
0.93333333333333
2.86274509803921
4.35294117647058
2.09607843137255
5.49019607843137
0.823529411764704
1.48274509803921
4.74509803921568
5.33333333333334
1.9607843137255
4.50980392156862
5.49019607843138
4.7843137254902
4.90196078431373
1.05882352941177
3.14666666666667
5.49019607843138
6
5.80392156862745
6.58823529411765
1.64705882352941
3.5686274509804
5.25490196078432
6.43137254901961
6.07843137254902
3.84313725490196
2.47058823529412
4.27450980392157
0.610021786492374
3.64705882352941
3.45098039215686
3.17647058823529
1.41176470588235
2.14941176470588
3.41176470588235
1.68627450980392
5.17647058823529
1.72549019607843
3.64705882352941
6.39215686274509
6.15686274509804
6.69803921568627
6.03921568627451
4.29058823529411
6.0392156862745
5.52941176470587
5.17647058823529
4.43372549019607
3.56705882352941
4.90196078431372
4.61411764705882
5.32392156862744
3.13725490196078
2.86274509803921
4.94117647058823
4.43137254901961
5.1764705882353
4.94117647058824
5.6078431372549
3.84313725490197
4.00000000000001
3.92745098039216
6.07843137254902
1.59843137254902
0.705882352941174
5.56862745098039
4.3921568627451
1.09803921568627
4.27450980392157
4.27450980392157
5.52941176470588
5.72549019607843
4.30588235294117
2.07843137254902
5.64705882352941
0.431372549019606
1.72549019607843
3.41176470588235
4.50980392156862
5.62431372549019
3.09803921568627
4.23529411764706
3.68627450980392
2.67960784313725
1.09803921568627
3.09803921568627
4.50980392156862
6.0070588235294
5.37254901960784
4.86274509803921
4.79647058823529
4.03921568627452
4.94117647058824
2.86274509803921
4.62745098039215
6
1.45098039215687
1.08705882352942
5.1764705882353
5.88235294117647
4.62117647058824
4.24509803921569
1.09803921568628
0.549019607843146
4.81882352941177
5.77803921568627
4.54901960784314
0.509803921568629
5.01960784313726
1.76470588235294
4.35294117647059
4.90196078431373
3.45098039215686
5.29411764705883
5.1764705882353
4.81254901960785
4.03921568627451
0.784313725490194
0.549019607843135
4.85176470588235
5.37254901960784
5.45098039215686
5.56862745098039
5.29411764705882
5.05882352941176
2.19607843137255
0.588235294117645
2.70588235294117
3.56862745098039
4.62745098039215
4.54901960784313
1.94980392156863
5.33333333333333
5.09843137254901
3.98901960784314
3.8321568627451
5.12627450980393
4.31058823529412
3.18980392156863
3.64705882352942
0.392156862745108
0.549019607843146
3.37254901960785
6.18823529411765
0.509803921568629
0.470588235294118
3.28588235294118
4.94117647058824
1.29411764705883
0.509803921568629
0.392156862745097
3.05882352941177
5.84313725490196
3.49019607843137
6.58823529411765
3.96078431372549
5.34235294117647
5.64705882352941
4.50980392156863
5.72549019607843
4
3.80392156862745
0.784313725490194
1.68627450980392
0.666666666666665
4.86274509803921
1.41176470588235
2.07843137254902
5.04156862745097
4.4313725490196
3.96078431372549
4.61647058823529
4
2.70588235294117
5.13725490196078
4.14588235294117
5.07607843137255
3.24627450980392
2.56941176470589
2.3921568627451
3.37254901960785
0.784313725490204
5.49019607843138
6.66666666666667
5.80980392156863
3.1764705882353
5.05882352941177
4.23529411764706
4.11764705882353
5.41176470588236
5.09803921568628
3.84313725490197
4.73411764705883
4.3921568627451
3.56862745098039
0.784313725490193
4.74509803921569
5.52941176470588
5.45098039215687
1.29411764705882
0.998039215686244
6.15254901960784
2.70588235294117
4.15686274509804
3.63607843137255
4.96941176470588
0.627450980392155
3.68627450980392
2.19607843137255
5.80392156862745
4.15686274509804
6.23529411764706
1.13725490196078
5.3956862745098
4.3921568627451
1.64705882352941
3.92156862745098
4.07843137254902
4
3.72549019607843
0.776470588235292
1.29411764705883
3.76470588235295
2.03921568627452
4.84392156862746
3.9607843137255
4.31372549019608
3.33333333333334
2.98039215686275
4.20156862745098
0.392156862745097
4.18509803921569
5.42039215686275
4.98039215686275
4.58823529411768
6.58823529411765
5.09803921568628
4.54274509803922
5.45098039215687
5.52941176470588
5.29411764705882
0.862745098039214
4.8235294117647
5.27333333333334
5.76470588235294
5.90549019607843
6.74509803921569
6.19607843137255
6.43137254901961
6.11764705882353
6.86274509803921
6.50980392156863
6.03921568627451
4.94117647058823
5.72039215686275
6.54901960784314
6.27450980392157
6.31372549019608
5.37254901960784
5.56862745098038
5.49921568627451
6.27450980392157
5.00196078431371
5.40078431372548
5.70235294117646
5.38549019607842
5.37254901960785
5.37254901960785
4.90196078431373
2.52313725490196
3.62509803921569
3.6486274509804
3.97803921568628
5.59411764705882
4.98039215686275
6.03921568627451
6.02823529411765
2.66666666666667
4.7843137254902
2.23529411764706
5.33333333333334
5.37254901960785
3.97333333333334
4.07254901960784
3.80392156862745
5.04784313725491
5.25490196078431
4.62745098039216
3.2156862745098
3.20470588235294
4.47058823529411
3.45098039215686
0.745098039215685
5.28313725490196
5.92156862745098
5.41176470588235
5.96078431372549
2.95450980392157
4.48509803921568
6.07843137254901
5.49019607843136
6.15686274509803
5.76470588235293
1.13725490196078
1.80392156862745
4.07843137254901
6.07647058823529
6.10666666666667
6.50980392156863
6.7450980392157
5.93803921568627
5.94274509803922
6.19607843137255
6.58823529411765
5.92156862745098
6.23529411764706
4.98039215686275
4.62745098039216
2.26352941176471
3.80392156862745
4.86274509803922
4.36705882352942
4.42352941176471
5.44
4.93019607843138
4.03921568627451
0.392156862745097
0.705882352941174
0.588235294117645
1.42509803921568
3.29411764705882
5.56862745098039
6.03921568627451
5.88235294117647
7.09803921568627
5.60392156862745
2.31372549019608
3.9607843137255
3.94980392156863
5.96078431372549
5.84313725490195
5.84313725490196
6.11764705882353
6.43137254901961
6.07843137254902
4.98039215686275
4.90196078431373
5.76588235294118
5.6078431372549
5.49019607843138
5.41176470588236
5.6078431372549
6.15686274509804
3.49019607843138
4.74509803921569
5.45098039215687
0.627450980392156
5.33333333333334
5.09803921568628
4.31372549019608
6.14588235294118
2.66666666666667
5.6078431372549
3.95058823529412
2.47058823529412
4.97607843137255
4.11764705882353
4.86274509803922
5.6078431372549
0.784313725490193
3.01960784313725
4
3.92156862745098
6.62745098039216
6.54901960784314
3.25490196078431
5.68627450980392
6.7843137254902
6.47058823529412
14.0862745098039
5.6078431372549
5.84313725490196
6.50980392156863
6
4.3921568627451
5.00862745098039
6.31372549019608
5.35058823529412
3.78039215686275
5.31725490196079
4.80549019607843
5.96078431372549
5.20470588235294
4.62745098039216
6
6.43137254901961
4.58823529411765
4.15686274509804
4.23529411764706
5.61137254901961
4.98039215686275
5.45098039215687
6.74509803921569
5.96078431372549
5.79294117647059
5.13725490196079
5.33333333333334
5.80392156862745
6.8235294117647
6.19607843137255
1.41176470588235
0.627450980392155
3.25490196078431
5.09803921568628
4.19607843137255
2.19607843137255
3.12156862745098
5.79294117647059
2.54901960784313
5.52941176470588
5.80392156862745
4.8235294117647
5.29411764705882
4.75843137254901
5.98901960784314
5.76470588235294
5.45098039215686
5.26862745098039
2.90196078431372
5.92156862745098
4.70470588235294
4.59176470588234
6.11764705882353
4.47058823529412
4.19607843137255
3.20470588235294
3.23058823529411
6.58823529411765
5.33333333333333
6.35294117647059
6.70588235294118
7.09960784313725
5.29137254901961
5.6078431372549
4.47058823529411
4.77333333333334
4.22549019607843
6.11764705882353
3.58588235294118
2.11764705882353
2.89098039215686
5.88235294117647
5.96078431372549
5.88235294117647
5.45098039215686
6.11764705882353
6.8235294117647
6.58078431372549
4.77333333333333
5.63764705882353
5.38078431372548
4.35294117647058
4.23529411764706
4.70588235294117
3.45098039215686
4.78431372549019
3.63607843137254
5.08705882352941
4.81254901960784
0.816862745098035
4.19607843137254
5.57098039215686
6.8513725490196
6.18823529411763
5.40392156862743
5.84313725490195
6.0392156862745
5.05882352941176
5.91058823529411
7.25490196078431
5.68627450980392
4.90196078431372
5.84313725490196
2.98039215686274
4.48235294117646
6.86274509803921
6.16078431372549
6.94117647058823
3.41176470588235
5.2156862745098
8.09215686274509
6.40941176470588
5.2156862745098
6.07843137254902
5.6078431372549
5.41176470588235
1.01960784313725
1.89333333333333
0.392156862745097
3.44
4.99607843137254
3.64705882352941
5.28313725490196
6.39215686274509
4.19607843137254
6.45764705882353
0.431372549019606
4.35729847494553
1.51686274509803
5.52941176470587
4.7513725490196
4.98039215686274
1.88313725490196
0.470588235294116
0.552156862745093
4.03921568627451
3.68627450980392
1.52941176470588
2.25960784313725
2.07843137254903
5.25490196078432
1.25490196078432
0.745098039215695
2.00745098039216
4.00000000000001
5.1764705882353
5.29411764705883
5.92156862745098
4.52313725490195
4.15686274509804
5.80392156862744
5.32235294117646
5.29411764705882
4.15686274509803
4.70588235294117
1.13725490196078
4.18313725490196
6.07843137254901
5.72549019607843
5.20470588235294
5.28313725490196
6.74509803921569
5.60784313725489
4.6113725490196
5.45098039215685
5.25490196078431
5.72549019607842
4.47058823529411
1.52745098039215
0.420392156862745
5.84313725490195
6.64901960784313
0.392156862745097
3.79333333333333
0.737254901960793
0.705882352941175
3.01960784313726
3.49450980392158
4.96039215686275
5.29411764705883
3.13176470588236
4.62745098039216
0.784313725490204
1.1764705882353
3.2043137254902
5.76470588235294
5.76470588235294
6.22
6.46039215686275
4.60522875816993
4.23529411764706
3.05882352941177
4.23529411764706
1.09803921568628
5.49607843137255
3.64705882352942
2.20980392156862
3.33333333333333
0.392156862745097
1.29411764705882
2.03921568627451
0.941176470588233
5.09803921568627
2.79999999999999
1.52941176470589
4.98588235294118
5.29411764705882
5.49019607843138
6.31372549019608
5.6078431372549
4.28627450980392
0.705882352941185
4.54901960784314
5.64705882352941
0.588235294117656
4.3921568627451
3.60784313725491
4.82352941176471
2.8862745098039
4.67607843137256
4.35294117647059
5.33333333333334
1.25490196078432
4.62745098039216
2.43137254901961
0.705882352941183
3.68627450980392
4.07843137254902
1.52941176470588
0.878039215686278
3.52941176470589
5.22196078431373
0.784313725490197
4.7843137254902
2.11764705882353
4.03921568627451
4.35294117647059
6.74509803921569
5.80392156862745
6
4.52941176470589
5.01960784313726
5.80392156862745
6.03921568627451
4.50980392156863
4.06745098039215
4.90196078431372
5.49019607843137
1.72549019607843
5.13725490196078
1.85019607843137
1.01764705882353
4.31725490196079
2.86274509803922
3.75182072829131
5.05882352941177
2.28196078431373
3.45098039215687
5.29411764705883
0.784313725490204
4.19607843137255
4.19607843137255
2.3529411764706
1.52941176470589
4.70588235294118
5.44
2.7843137254902
4.15686274509804
4.62745098039216
0.392156862745097
0.828627450980393
0.431372549019607
4.00000000000001
5.1764705882353
1.29411764705882
5.88235294117647
5.64705882352941
0.509803921568626
3.84313725490196
5.68627450980392
5.21568627450981
0.470588235294117
3.6078431372549
3.90901960784314
0.392156862745097
4.56313725490196
4.27450980392157
1.09803921568627
2.47058823529412
1.92156862745098
5.5156862745098
5.26
5.52941176470588
3.77529411764706
5.45098039215687
6.11764705882353
4.70588235294118
0.588235294117656
4.42039215686275
4.76588235294118
6.02823529411765
6.07843137254902
3.5086274509804
5.80392156862745
4.21411764705883
4.94117647058824
5.56862745098039
5.56862745098039
5.13725490196079
4.53333333333334
5.84313725490196
4.31372549019608
4.28148148148149
2.66666666666667
0.898823529411763
4.86274509803922
0.784313725490194
4.43137254901961
4.06745098039216
4.58823529411765
2.65568627450981
2.31372549019608
0.470588235294117
4.97098039215687
2.86274509803922
4.74509803921569
4.50980392156863
4.11764705882353
4.15686274509804
4.07843137254902
4.94117647058824
6.31372549019608
1.96078431372549
4.45568627450981
5.84313725490196
5.96078431372549
1.56862745098039
0.784313725490193
5.25490196078432
5.37254901960784
5.98666666666664
7.84313725490197
8.11764705882353
8.11764705882353
7.88235294117648
8.3921568627451
8.73411764705883
8.74509803921569
8.19607843137255
8.31372549019608
8.47058823529412
9.29411764705882
8.7843137254902
8.27450980392157
8.50980392156863
8.35294117647059
3.68627450980392
3.21568627450981
0.640784313725485
1.84313725490196
2.74509803921569
5.09333333333334
0.470588235294116
3.29411764705882
3.83098039215686
4.31372549019608
3.33333333333334
2.23176470588235
3.61411764705883
4.2156862745098
0.974901960784313
4.86274509803922
4.81019607843137
0.509803921568626
3.84313725490196
4.54901960784314
0.509803921568626
4.8235294117647
2.51921568627451
2.91019607843137
5.05882352941177
2.07843137254902
2.98666666666667
5.68627450980392
1.76470588235294
3.22901960784313
1.33333333333333
5.25490196078431
