24.5874509803922
23.2047058823529
23.8235294117647
21.8823529411765
14.2921568627451
27.4509803921569
24.6274509803922
24.9803921568627
23.6250980392157
26.3137254901961
22.8235294117647
25.518431372549
23.6360784313726
24.8517647058824
22.3850980392157
22.4423529411765
22.4203921568627
21.6078431372549
21.6564705882353
19.0647058823529
22.078431372549
23.1521568627451
21.1764705882353
21.2666666666667
24.0282352941176
20.1627450980392
22.7098039215686
23.8235294117647
26.2745098039216
26.7843137254902
21.7145098039216
20.958431372549
22.8125490196078
24.0901960784314
24.221568627451
25.5294117647059
25.3392156862745
22.4988235294118
24.8243137254902
24.2745098039216
22.1960784313726
21.361568627451
18.5098039215686
21.6862745098039
22.2862745098039
22.3921568627451
20.3137254901961
18.1960784313726
23.3564705882353
23.0588235294118
20.6164705882353
19.7647058823529
19.2156862745098
19.823137254902
18.5137254901961
19.5988235294118
21.221568627451
20.3811764705882
21.5858823529412
23.2607843137255
23.9607843137255
26.1176470588235
21.2156862745098
21.0196078431373
24.1960784313726
22.2352941176471
22.4176470588235
21.2576470588235
18.9411764705882
17.1411764705882
19.3670588235294
16.9113725490196
22.0843137254902
19.8823529411765
16.8909803921569
18.3529411764706
17.7203921568627
7.92431372549012
17.7254901960784
20.2352941176471
22.2352941176471
21.0196078431373
21.843137254902
18.5941176470588
22.2745098039216
22.7450980392157
24.6274509803922
23.6529411764706
19.2713725490196
19.596862745098
21.4509803921569
20.1627450980392
23.596862745098
23.2156862745098
25.6470588235294
25.4901960784314
24.4705882352941
23.4901960784314
21.8039215686275
21.4509803921569
23.4509803921569
24.1176470588235
22.6666666666667
23.2549019607843
20.0058823529412
22.9019607843137
22.078431372549
20.8082352941176
25.8882352941176
23.6117647058824
20.0674509803922
24
25.2549019607843
24.3529411764706
23.6137254901961
21.1250980392157
23.1764705882353
24.1176470588235
24.8235294117647
20.078431372549
21.2713725490196
17.678431372549
24.0282352941176
20.6
14.8294117647059
12.1176470588235
15.2549019607843
20.9019607843137
19.6376470588235
19.4007843137255
19.843137254902
20.6666666666667
18.9019607843137
19.8823529411765
24.8125490196078
22.4705882352941
18.5941176470588
20.0843137254902
20.0588235294118
11.0745098039216
20.2243137254902
19.8882352941177
22.5098039215686
24.5803921568628
23.2156862745098
18.7733333333333
21.2439215686275
28.078431372549
26.4705882352941
23.843137254902
22.9019607843137
25.8823529411765
25.2019607843137
23.6752941176471
22.9019607843137
23.5294117647059
23.4039215686274
23.5686274509804
22.0647058823529
25.2352941176471
21.7254901960784
19.6470588235294
21.7929411764706
13.0588235294118
15.3788235294118
17.9498039215686
18.4313725490196
18.1862745098039
14.4705882352941
17.3505882352941
20.4313725490196
22.4827450980392
19.0196078431373
22.6164705882353
21.3223529411765
17.9545098039216
21.921568627451
21.8882352941176
22.5380392156863
18.6666666666667
18.7254901960784
17.361568627451
21.4901960784314
22.4988235294118
23.0980392156863
21.8039215686275
22.4705882352941
23.5686274509804
17.4509803921569
20.8156862745098
21.0313725490196
20.8235294117647
23.6078431372549
22.2745098039216
25.3333333333333
21.6862745098039
24.5882352941176
25.8823529411765
25.4901960784314
24.6949019607843
18.9803921568627
21.4117647058824
23.921568627451
24.8235294117647
26.5490196078431
23.9607843137255
28.5490196078431
26.9666666666667
25.0588235294118
23.5686274509804
25.2196078431373
24.6556862745098
23.9498039215686
23.7647058823529
23.2156862745098
22.9890196078431
20.1039215686274
17.341568627451
20.0392156862745
19.4176470588235
23.5294117647059
22.6725490196078
24.9411764705882
22.2352941176471
25.1654901960784
24.1066666666667
22.2745098039216
24.2352941176471
22.2352941176471
18.3027450980392
25.1764705882353
25.1823529411765
23.3
23.1372549019608
25.7254901960784
23.8823529411765
25.8823529411765
26.2156862745098
25.443137254902
25.8039215686275
21.3333333333333
23.8823529411765
21.6470588235294
18.4705882352941
20.5882352941177
21.0980392156863
22.5882352941176
22.0317647058824
17.2941176470588
15.2588235294118
21.6078431372549
21.4901960784314
19.9498039215686
22.8627450980392
14.9019607843137
23.8125490196079
24.8745098039216
20.2023529411765
21.1823529411765
23.5294117647059
24.5098039215686
21.4901960784314
20.4705882352941
24.5772549019608
21.0196078431373
21.1764705882353
23.1372549019608
22.3529411764706
17.8823529411765
19.4117647058824
20.3639215686275
21.8823529411765
17.8823529411765
20.6274509803922
22.3921568627451
22.156862745098
22.2352941176471
24.3450980392157
24.2745098039216
26.1380392156863
23.1764705882353
27.2862745098039
24.1349019607843
22.8125490196078
22.5549019607843
23.8823529411765
22.9192156862745
20.8627450980392
15.6823529411765
20.078431372549
20.0392156862745
18.2219607843137
22.5882352941176
9.02549019607843
18.0058823529412
19.6470588235294
19.8823529411765
19.921568627451
19.5294117647059
20.6666666666667
19.2156862745098
18.9411764705882
13.9498039215686
17.3164705882353
21.2019607843137
23.6862745098039
21.4117647058824
24.0392156862745
19.3113725490196
20.3921568627451
20.3419607843137
23.9137254901961
23.3333333333333
19.2941176470588
18.0392156862745
19.1803921568627
15.7254901960784
16.7058823529412
16.1960784313725
14.156862745098
16.6274509803922
17.596862745098
17.1372549019608
17.2686274509804
20.2243137254902
17.8098039215686
18.5941176470588
25.5941176470588
23.6274509803922
24.2745098039216
22.7843137254902
19.9607843137255
24.4372549019608
22.6862745098039
19.921568627451
19.1764705882353
19.6078431372549
20.3419607843137
20.4964705882353
22.8290196078431
19.6
19.4662745098039
19.9607843137255
19.4117647058823
21.8823529411765
20.5882352941177
21.2439215686274
21.2549019607843
18.1066666666667
18.8517647058824
21.8078431372549
20.0392156862745
4.35294117647059
27.6666666666667
19.0196078431373
17.6470588235294
17.378431372549
18.3529411764706
19.9607843137255
21.143137254902
18.6666666666667
16.1176470588235
21.921568627451
9.34117647058824
17.1545098039216
24.5686274509804
20.9411764705882
22.9803921568627
17.2941176470588
16.5490196078431
16.4117647058824
14.7901960784314
16.8235294117647
15.7647058823529
19.4188235294118
23.0086274509804
20.4764705882353
22.5098039215686
20.4705882352941
17.4509803921569
18.9274509803922
18.5882352941176
19.7254901960784
22.1458823529412
14.8156862745098
17.0870588235294
20.156862745098
31.6862745098039
17.9607843137255
18.6164705882353
15.2549019607843
2.00392156862741
20.1960784313725
22.7058823529412
17.4509803921569
6.93019607843138
20.3921568627451
17.8101960784314
18.9976470588235
17.5062745098039
20.4819607843137
23.7450980392157
22.8235294117647
20.7619607843137
18.5098039215686
14.4313725490196
13.3301960784314
22.3921568627451
22.7058823529412
22.7843137254902
22.3741176470588
21.3333333333333
21.1823529411765
11.5349019607843
1.89529411764706
15.3725490196078
18.5098039215686
21.036862745098
17.921568627451
20.4764705882353
22.3058823529412
19.7494117647059
20.3419607843137
19.6278431372549
20.4705882352941
20.8403921568627
17.2227450980392
16.1960784313725
3.01960784313725
7.33333333333333
20.8627450980392
21.9192156862745
1.25490196078432
1.29411764705883
20.5772549019608
20.1066666666667
18.4313725490196
1.37254901960785
5.47921568627451
19.6862745098039
23.2164705882353
19.361568627451
25.6470588235294
23.6862745098039
22.1176470588235
22.5490196078431
19.6529411764706
21.8278431372549
19.9666666666667
19.0588235294118
17.4070588235294
15.3058823529412
14.6588235294118
20.078431372549
14.6749019607843
18.4705882352941
21.7254901960784
21.378431372549
19.44
19.5623529411765
18.2156862745098
16.8909803921569
20.1235294117647
18.1960784313725
24.118431372549
18.6705882352941
18.156862745098
16.9803921568627
18.196862745098
18.9803921568627
22.2352941176471
24.5380392156863
22.9450980392157
19.5686274509804
21.4650980392157
19.2607843137255
20.9803921568627
21.4117647058824
20.6666666666667
15.0980392156863
20.4372549019608
18.7733333333333
16.6333333333333
9.43098039215688
21.9137254901961
22.9411764705882
22.5098039215686
20.7058823529412
21.0705882352941
25.2156862745098
18.9607843137255
18.3137254901961
16.7843137254902
19.8713725490196
12.4988235294118
16.2352941176471
17.5294117647059
23.5294117647059
21.8823529411765
23.0196078431373
19.376862745098
22.6666666666667
19.4509803921569
16.6980392156863
20.078431372549
20.1960784313725
17.921568627451
17.1654901960784
11.6274509803922
12.1960784313726
16.156862745098
17.7066666666667
19.8713725490196
18.2635294117647
17.8035294117647
18.4596078431373
20.2803921568627
17.6662745098039
8.0819607843137
19.1901960784314
22
21.263137254902
18.9411764705882
24.1176470588235
22.0843137254902
20.2352941176471
21.4501960784314
21.1764705882353
19.8039215686275
13.7372549019608
20.5882352941176
22.6666666666667
23.6862745098039
23.2549019607843
23.7450980392157
24.156862745098
25.1764705882353
21.5294117647059
24.801568627451
24.4705882352941
21.8039215686275
20.9517647058824
23.6078431372549
24.0392156862745
23.1039215686274
24.3137254901961
21.8039215686274
23.3392156862745
24.4705882352941
23.6666666666667
22.9607843137255
22.7450980392157
22.6666666666667
22.88
21.0254901960784
20.3588235294118
18.7117647058824
19.843137254902
20.4878431372549
21.5294117647059
20.3529411764706
22.5490196078431
20.4705882352941
23.4509803921569
22.078431372549
19.8321568627451
18.1960784313725
17.1050980392157
20.9019607843137
21.1372549019608
18.2043137254902
18.2745098039216
18.4313725490196
20.256862745098
22.5250980392157
20.9411764705882
17.1262745098039
17.6078431372549
16.7121568627451
19.9670588235294
16.8627450980392
21.6862745098039
23.6862745098039
22.0454901960784
22.2745098039216
19.1803921568627
22.0392156862745
23.1627450980392
20.8235294117647
23.3333333333333
24.4313725490196
22.3137254901961
16.3811764705882
20.4596078431373
23.2078431372549
22.4372549019608
24.2352941176471
26.2745098039216
24.0956862745098
22.9694117647059
24.3921568627451
25.1372549019608
22.7058823529412
22.5098039215686
21.0588235294118
19.2156862745098
15.7145098039216
16.3023529411765
19.7647058823529
19.2094117647059
18.078431372549
20.3529411764706
20.2243137254902
17.7647058823529
10.7733333333333
10.3925490196078
2.85176470588235
15.5745098039216
16.4705882352941
21.4117647058824
21.7929411764706
21.0196078431373
23.0588235294118
21.5294117647059
17.1262745098039
18.9078431372549
18.4313725490196
22.121568627451
22.1235294117647
22.3027450980392
21.0980392156863
24
22.6392156862745
20.5772549019608
21.9333333333333
23.0980392156863
22.9803921568627
21.4627450980392
38.8235294117647
21.2156862745098
24
20.7450980392157
21.3333333333333
21.4176470588235
17.5686274509804
21.2156862745098
22.2745098039216
21.8627450980392
24.7058823529412
19.2941176470588
20.7509803921569
17.7254901960784
17.0349019607843
19.1572549019608
18.9411764705882
21.6752941176471
21.7254901960784
14.9588235294118
18.4117647058824
20.7843137254902
20.6164705882353
22.5882352941176
22.9078431372549
19.8356862745098
24.0039215686274
27.361568627451
24.9411764705882
25.9274509803922
22.9803921568627
23.6117647058823
23.3980392156863
21.8823529411765
22.003137254902
24.3019607843137
23.3392156862745
23.8941176470588
20.1372549019608
22.2745098039216
21.4117647058823
24.5882352941176
19.4176470588235
19.6137254901961
22.9019607843137
23.7313725490196
18.3137254901961
20.1176470588235
19.7427450980392
23.6862745098039
21.2941176470588
21.8882352941176
24.7843137254902
23.4901960784314
21.7254901960784
22
21.4509803921569
21.4039215686274
24.5545098039216
21.7254901960784
16.0960784313725
1.25490196078431
15.3333333333333
19.921568627451
16
17.7254901960784
16.4764705882353
22.2745098039216
19.3058823529412
21.1823529411765
22.1176470588235
20.1176470588235
20.6960784313725
20.7941176470588
21.921568627451
22.4313725490196
20.2352941176471
21.1262745098039
16.6917647058823
23.2156862745098
21.283137254902
20.4313725490196
22.7843137254902
20.9019607843137
18.2352941176471
18.8627450980392
23.3725490196078
24.3529411764706
20.4596078431373
22.9945098039216
25.518431372549
25.3725490196078
21.456862745098
23.3333333333333
17.7705882352941
18.0843137254902
19.6862745098039
24.3588235294118
20.3921568627451
19.3333333333333
18.7450980392157
24.6274509803922
23.9498039215686
25.4705882352941
21.1490196078431
23.921568627451
25.6078431372549
23.6901960784314
21.921568627451
21.3223529411765
21.4509803921569
19.6470588235294
19.5945098039216
18.2525490196078
17.5686274509804
18.8909803921569
18.6666666666667
21.7647058823529
20.8235294117647
15.6470588235294
18.7450980392157
24
25.5639215686274
23.4901960784314
21.2941176470588
20.7058823529412
20.5882352941176
19.1764705882353
21.2956862745098
25.083137254902
23.7647058823529
21.5745098039216
22.2745098039216
20.0282352941176
21.3929411764706
25.9137254901961
23.3333333333333
24.3137254901961
19.8039215686275
19.6862745098039
28.0050980392157
25.9607843137255
21.6078431372549
22.2803921568627
22.0843137254902
20
17.5352941176471
12.8686274509804
5.10196078431372
22.1960784313725
24.0392156862745
21.9498039215686
22.9803921568627
25.3137254901961
19.4372549019608
25.0478431372549
19.283137254902
18.6725490196078
16.7843137254902
21.2156862745098
20.5607843137255
21.0980392156863
12.8627450980392
2.98039215686275
10.9803921568627
19.1639215686275
17.9607843137255
15.6529411764706
15.5325490196078
17.6752941176471
20.9019607843137
9.52941176470588
2.07843137254902
14.8627450980392
19.4007843137255
21.5745098039216
21.596862745098
22.7843137254902
18.2352941176471
20.7341176470588
22.2352941176471
20.7482352941176
21.9862745098039
20.2019607843137
20.2745098039216
17.5494117647059
21.3333333333333
22.6274509803922
22.4203921568627
21.6674509803922
22.536862745098
24.8909803921569
23.0870588235294
21.1258823529412
21.7145098039216
20.6274509803922
22.921568627451
19.6388235294118
14.0392156862745
12.9411764705882
21.9607843137255
24.3137254901961
5.29019607843137
16.5772549019608
4.58823529411765
14.5949019607843
14.8517647058824
20.3196078431373
22.2164705882353
22.2372549019608
18.8192156862745
19.8039215686275
1.29411764705882
8.2392156862745
19.3764705882353
20.8627450980392
22.7450980392157
23.921568627451
26.078431372549
21.2549019607843
20.7313725490196
20.7066666666667
21.4117647058823
18.4203921568627
21.4607843137255
21.2156862745098
16.4941176470588
16.7058823529412
4.49803921568629
12.2227450980392
17.4686274509804
18.9019607843137
20.0282352941176
18.2243137254902
13.6470588235294
19.5050980392157
23.3725490196078
22.0392156862745
22.8125490196079
22.2352941176471
19.843137254902
15.7537254901961
18.681568627451
22.1607843137255
17.6301960784314
17.9890196078431
17.6862745098039
19.7901960784314
16.7843137254902
15.4117647058824
17.0988235294118
20.3529411764706
18
19.7239215686274
14.0392156862745
14.3027450980392
15.7254901960784
18.078431372549
14.3921568627451
14.2156862745098
16.3529411764706
21.6470588235294
18.9411764705882
22.6572549019608
20.5811764705882
19.4901960784314
22.8235294117647
25.0870588235294
23.0588235294118
22.0823529411765
20.3529411764706
21.3588235294118
21.921568627451
21.7509803921569
23.2941176470588
21.0588235294118
22.1235294117647
21.9274509803922
15.778431372549
20.7058823529412
17.9811764705882
15.1262745098039
19.8823529411765
18.6666666666667
19.0196078431373
22.5098039215686
19.843137254902
17.9607843137255
20.661568627451
17.0086274509804
18.5098039215686
20.1176470588235
14.5882352941176
13.843137254902
19.2941176470588
20.2745098039216
20.2352941176471
19.1329411764706
19.0196078431373
16.5921568627451
8.19607843137255
10.4705882352941
18.1898039215686
19.0588235294118
17.1713725490196
23.8490196078431
21.6078431372549
11.596862745098
18.078431372549
20.8235294117647
18.078431372549
14.4262745098039
18.1498039215686
20.3196078431373
1.76470588235294
20.7843137254902
17.6172549019608
6.47058823529412
13.2
15.2470588235294
20.3137254901961
22.3921568627451
22.9411764705882
18.9019607843137
22.3419607843137
24.3027450980392
21.2549019607843
19.4156862745098
17.4678431372549
19.2941176470588
24.8627450980392
26.8098039215686
19.3333333333333
22.1850980392157
20.7058823529412
20.9843137254902
21.1764705882353
21.3333333333333
20.7058823529412
19.5686274509804
22.9019607843137
19.7203921568627
18.7764705882353
14.3529411764706
15.6078431372549
20.5490196078431
19.8298039215686
19.6078431372549
22.5098039215686
20.7682352941176
16.503137254902
17.8490196078431
13.8039215686275
19.3333333333333
17.2156862745098
17.4960784313726
18.3529411764706
15.921568627451
16.9019607843137
21.1764705882353
20.9301960784314
25.418431372549
21.2690196078431
21.1764705882353
22.5490196078431
22.5490196078431
9.10392156862745
16.4988235294118
21.7705882352941
22.0392156862745
26.2352941176471
28.9803921568627
29.1764705882353
29.0196078431373
29.2941176470588
30.8235294117647
30.7509803921569
32.0956862745098
30.2156862745098
30.7450980392157
31.0254901960784
32.3254901960784
31.7356862745098
32.1176470588235
32
30.7450980392157
23.6513725490196
18.156862745098
5.94980392156863
15.3921568627451
16.9803921568627
22.4462745098039
3.73137254901961
17.2156862745098
16.9313725490196
18.156862745098
16.5388235294118
15.2156862745098
17.7705882352941
19.0588235294118
16.7058823529412
19.9666666666667
22.1176470588235
17.5294117647059
19.2549019607843
18.9411764705882
12.5490196078431
18.8835294117647
19.3137254901961
20.5411764705882
21.8823529411765
19.5466666666667
19.843137254902
23.0509803921569
18.9333333333333
14.1098039215686
14.0125490196078
20.3219607843137
