2.47058823529412
4.03921568627452
1.96078431372549
4.1713725490196
1.6078431372549
6.78431372549019
6.86274509803921
5.46235294117646
2.11333333333334
9.21568627450981
2.47058823529411
7.45098039215687
5.72549019607844
7.60078431372548
3.05098039215687
2.32000000000001
5.91058823529412
5.1764705882353
3.5686274509804
1.72549019607844
7.60784313725491
6.81176470588234
1.60784313725491
2.94117647058824
6.18509803921569
4.90196078431373
1.21568627450981
4.98039215686274
3.64705882352941
9.31764705882353
4.4313725490196
7.94980392156862
5.02901960784312
3.52941176470588
5.45176470588235
8.35058823529412
7.04000000000001
1.76470588235295
3.37254901960785
2.3921568627451
2.64470588235295
2.16823529411765
2.99176470588235
5.6078431372549
5.22705882352942
3.88235294117647
6.01137254901961
1.41568627450981
5.43960784313725
4.58823529411765
4.21490196078432
1.68627450980393
1.01960784313725
3.41411764705883
2.94117647058824
2.23529411764706
2.7843137254902
1.60784313725491
0.941176470588243
4.27450980392157
6.32509803921569
4.23529411764706
5.02588235294118
3.04784313725491
7.72549019607843
6.90196078431373
3.77803921568627
4.77333333333334
1.97803921568627
1.6078431372549
2.15686274509804
1.80392156862744
8.03921568627451
3.32235294117647
1.49019607843137
1.56862745098039
2.32509803921568
1.37254901960785
2.3921568627451
7.40039215686275
2.03921568627452
3.65137254901961
6.00000000000001
5.25490196078432
6.11764705882353
6
4.91372549019608
4.97882352941176
4.86274509803921
2.39215686274509
5.05882352941176
3.07411764705881
6.9756862745098
4.23529411764706
4.65019607843136
7.80392156862745
4.10117647058823
1.9807843137255
3.94509803921569
1.80039215686275
3.13294117647059
3.29411764705883
4.11764705882354
5.59686274509804
1.49019607843138
1.68627450980393
4.44274509803922
1.25490196078432
2.93019607843138
4.42666666666667
1.85450980392157
9.17647058823529
7.47921568627451
3.33372549019608
8.23764705882353
5.43647058823529
5.33333333333333
5.71764705882352
7.49058823529412
2.10666666666666
4.33098039215686
2.19607843137255
7.64705882352942
3.60784313725491
1.52941176470589
1.92156862745098
1.72549019607843
4.35294117647059
2.18509803921569
3.44
4
3.8321568627451
3.30078431372549
2.15686274509803
3.89372549019607
6.98039215686274
2.32509803921568
3.41411764705883
4.11764705882353
2.62745098039216
4.62745098039216
2.86274509803922
4.30901960784314
5.55764705882353
2.81568627450981
2.88549019607843
1.21568627450981
5.26039215686275
7.49019607843138
3.01960784313726
4.18509803921569
4.5364705882353
7.80392156862745
3.91058823529412
2
3.17647058823529
1.9235294117647
4.15686274509804
2.66666666666667
4.78431372549019
4.30588235294116
7.39450980392156
5.64705882352941
6.94117647058823
1.09803921568627
2.19607843137254
2.02823529411764
3.6078431372549
1.41176470588236
4.19607843137255
1.33333333333334
5.45098039215686
1.17647058823529
2.63882352941176
3.6078431372549
2
6
3.12862745098039
4.91921568627451
1.8678431372549
1.73019607843138
2.47058823529412
4.77333333333333
6.58823529411765
8.81254901960785
2.11764705882353
5.63529411764705
7.40392156862745
1.29411764705882
3.49019607843137
2.58823529411764
3.29411764705882
2.86274509803922
3.16
7.39450980392157
1.5686274509804
3.80392156862745
1.68627450980393
3.45098039215687
3.80392156862745
1.56862745098039
1.57411764705882
5.59725490196078
7.37254901960785
3.72549019607843
4.01294117647058
6.04
5.29333333333333
3.56470588235293
3.25490196078431
7.92156862745097
7.01960784313726
1.49019607843138
7.42313725490196
3.50745098039216
7.37254901960785
1.80392156862745
1.96078431372549
3.05882352941176
2.07843137254901
7.06274509803921
2.03921568627451
7.77607843137255
2.35294117647059
7.72549019607843
7.72549019607844
2.27450980392157
7.92039215686275
5.41176470588236
2.35294117647059
8.82352941176471
7.18980392156862
4.03921568627451
2.4313725490196
4.94117647058823
6.85490196078432
6.58823529411764
7.72549019607844
7.92156862745099
9.60784313725491
3.68627450980392
1.76470588235295
4.74509803921569
1.96941176470589
2.7078431372549
2.94117647058824
1.89372549019608
2.44705882352941
1.6078431372549
1.2156862745098
7.07647058823529
2.23529411764705
1.25490196078431
1.16901960784313
1.29411764705882
5.13725490196079
8.36549019607843
1.1764705882353
1.13725490196079
1.84313725490197
5.64705882352941
1.56862745098039
1.76470588235294
1.84313725490196
2.68705882352941
2.94117647058823
4.31372549019609
2.03921568627452
1.21568627450981
6.62745098039216
2.98039215686275
5.26745098039216
2.28588235294118
3.53490196078431
8.19607843137255
3.32
4.99176470588235
6.35294117647058
9.01176470588235
7.28627450980391
2.21450980392157
8.58823529411765
5.41176470588236
10.1960784313726
6.62156862745099
4.70588235294118
2.69490196078432
5.10941176470588
1.87137254901961
1.6078431372549
1.5686274509804
1.22705882352941
3.72274509803922
1.29411764705882
1.33333333333333
2.19607843137255
6.65568627450981
1.64705882352942
1.80588235294117
4.57725490196078
1.8243137254902
2.06745098039216
1.49019607843138
1.92156862745098
4.44470588235294
4.69490196078432
3.41098039215687
8.93019607843137
1.25490196078431
1.97215686274509
2.42039215686274
6.15568627450981
4.37019607843138
1.29411764705883
1.09803921568628
1.67529411764707
1.37254901960785
2.58823529411764
2.52941176470588
2.05254901960783
1.45098039215686
1.6078431372549
2.7956862745098
1.33333333333333
4.59960784313725
1.80392156862746
2.70588235294118
7.88235294117648
5.89294117647059
7.5686274509804
3.83843137254902
3.47921568627451
6.91058823529411
5.96078431372549
6.01137254901961
2.23529411764706
1.84313725490195
2.35294117647058
3.37254901960784
2.43999999999999
1.79294117647059
1.7992156862745
2.75647058823529
2.70588235294118
2.98039215686275
2.11764705882353
5.35294117647059
1.88235294117648
1.45098039215687
1.96078431372549
5.01490196078431
2.11764705882353
1.45098039215686
3.64705882352941
4.35294117647059
1.92156862745097
2.53803921568628
2.11764705882353
2.91921568627451
5.29411764705883
1.13725490196079
1.60784313725491
5.23294117647059
1.52941176470588
1.76470588235293
3.09333333333334
1.72549019607843
3.13725490196079
1.65843137254902
2.91529411764706
1.5686274509804
2.10666666666667
1.49019607843137
1.84313725490196
5.25490196078431
7.50745098039215
3.18039215686274
3.78509803921568
1.80392156862745
3.11647058823529
3.97098039215686
1.16549019607843
3.01098039215686
7.05882352941177
1.68627450980393
1.64705882352942
3.6643137254902
2.62745098039216
2.11764705882353
2.50980392156863
1.81529411764706
2.35294117647059
2.52509803921568
3.13725490196078
3.18313725490196
2.0392156862745
1.96078431372549
1.76470588235293
1.80392156862744
4.41490196078431
1.76470588235294
1.84313725490197
1.68627450980393
5.01960784313726
2.15686274509804
2.07843137254902
1.84313725490196
3.25490196078431
4.30509803921568
3.52941176470588
5.40078431372549
3.56352941176471
2.72313725490196
2.11764705882353
1.92156862745098
1.78745098039216
1.25490196078432
3.13725490196078
3.6078431372549
1.72549019607843
2.16078431372549
2.86274509803921
1.60784313725491
1.81490196078432
2.48196078431373
1.98901960784314
1.52941176470589
3.09803921568628
1.52941176470589
1.21568627450981
2
5.40549019607843
2.11764705882352
1.56862745098039
1.68627450980392
1.96078431372548
1.96078431372548
1.88235294117646
1.96078431372548
2.50980392156862
2.70588235294118
2.31372549019608
6.7843137254902
2.47058823529412
6.58823529411765
3.78196078431373
4.50980392156863
2.74509803921569
2.09529411764706
2.32509803921568
1.68627450980392
2.07843137254902
1.56862745098039
2.77333333333333
1.80392156862744
1.96078431372549
2.62745098039216
2
2.90196078431373
1.68627450980393
2.07843137254902
2.54901960784313
2.0392156862745
1.64705882352941
2.98039215686274
2.31372549019608
1.72549019607844
1.80392156862746
2.27450980392157
2.07843137254902
2.08980392156863
6.54901960784314
4.93529411764705
2.86274509803922
2.87411764705882
3.51843137254902
3.10196078431372
3.54666666666667
5.20470588235294
3.64705882352941
3.08705882352942
1.84
2.11764705882353
1.64705882352941
2.24862745098039
2.83686274509804
6.27450980392157
3.89490196078432
2.65568627450981
7.68627450980392
1.96078431372549
2.50980392156862
2.62745098039215
3.67686274509804
1.99999999999999
2.31372549019608
1.92156862745098
7.49019607843138
1.60784313725491
4.86941176470589
1.64705882352942
2.3921568627451
2.35294117647059
1.84313725490196
4.24862745098039
2.35294117647059
3.3356862745098
1.68627450980392
1.84313725490195
2.35294117647059
2.03921568627451
1.96078431372549
3.19411764705882
1.96078431372549
1.64705882352941
2.54901960784314
1.68627450980392
3.16549019607843
1.6078431372549
2.03921568627451
2.97254901960785
3.72549019607843
1.68627450980393
7.67529411764706
5.03294117647059
2.10666666666667
4.31372549019608
7.29411764705882
3.24392156862745
2.11764705882353
3.52941176470588
2.35294117647059
2.98039215686275
1.96078431372549
8.95647058823529
3.1764705882353
3.29411764705883
6.49333333333333
5.40705882352941
8.8235294117647
4.14039215686274
2.3921568627451
3.55764705882353
7.64705882352941
3.45098039215686
4.8235294117647
2.24666666666666
7.15058823529411
2.24862745098038
5.9227450980392
2.66666666666667
3.09803921568628
2.11764705882353
3.17019607843137
2.11764705882353
2.74509803921569
2.02823529411765
2.66666666666667
1.71450980392156
2.50980392156863
2.31372549019608
7.67529411764707
3.09803921568628
3.01960784313726
6.37019607843138
1.87764705882353
6.11764705882353
1.68627450980392
4.03921568627451
3.74274509803922
2.52117647058823
2.78431372549019
2.35294117647058
2.74509803921568
2.80156862745098
4.90196078431372
2.65882352941177
2.50980392156863
2.98039215686275
2.77333333333333
1.88235294117646
4.66666666666667
4.56627450980393
2.98039215686275
2.54901960784313
2.27450980392156
3.37254901960785
7.59843137254902
2.27450980392157
4.89098039215686
3.56862745098039
2.3921568627451
1.88235294117647
2.49882352941177
5.8321568627451
3.33333333333333
2.90196078431372
4.15686274509804
2.78431372549019
4.24666666666666
7.6078431372549
5.25490196078432
6.03921568627452
3.21568627450981
2.53803921568628
2.66666666666667
2.34196078431373
2.70588235294118
3.17176470588235
2.62745098039215
2.66666666666666
5.29411764705882
5.05882352941176
2.0392156862745
1.68627450980393
1.92156862745098
1.64705882352942
2.03921568627451
1.76470588235295
4.2243137254902
4.74509803921569
2.19607843137255
8.43137254901961
5.0886274509804
2.98039215686275
4.27450980392156
3.49019607843137
5.74274509803921
2.80156862745098
2.8235294117647
2.42039215686274
3.25490196078431
5.88235294117647
4.49882352941176
3.64705882352941
2.47058823529412
5.37254901960785
2.89098039215687
3.85450980392157
5.5686274509804
4.3921568627451
2.58823529411765
3.68627450980392
3.33333333333334
1.80392156862746
3.02039215686274
3.8321568627451
2.11764705882353
2.82352941176471
2.50901960784313
6.35921568627451
1.92156862745097
1.80392156862745
2.90196078431373
2.70588235294118
2.7843137254902
2.45960784313726
2.19607843137255
2.07843137254902
2.54901960784314
2.15686274509804
5.37254901960785
3.45098039215686
2.35294117647059
2.45960784313725
7.76470588235294
6.8235294117647
6.83686274509803
4.77843137254902
6.62745098039215
8.48196078431372
5.66039215686274
3.05098039215687
2.07843137254901
3.58196078431372
3.92156862745098
2.42039215686275
2.53803921568628
3.12627450980392
4.23529411764706
3.17647058823529
3.36156862745098
3.47921568627451
3.17647058823529
2.0392156862745
2.90196078431373
2.53803921568627
4.81882352941177
3.73176470588236
3.86039215686275
8.53647058823529
5.52941176470589
4.77333333333334
2.11764705882353
2.79764705882353
5.13725490196078
8.81254901960784
4.94117647058824
2.11764705882353
1.88235294117647
2.07843137254902
3.38509803921569
2.96941176470588
2.23529411764705
2.11764705882352
5.64705882352941
1.84313725490195
6.32000000000001
2.3921568627451
4.06745098039216
7.13725490196079
2.95254901960784
4.62745098039216
2.48196078431373
2.70588235294118
3.25490196078432
1.73058823529412
7.49019607843137
3.96078431372549
2.70588235294118
4.9756862745098
3.49019607843137
2.64078431372549
3.33333333333333
2.15686274509804
4.19607843137255
3.98901960784314
4.74509803921568
3.84941176470588
2.7529411764706
3.25490196078431
6.10666666666666
2.94117647058823
2.54901960784313
2.50980392156862
6.18509803921568
2.23529411764705
2.27450980392156
2.15686274509803
2.73411764705883
4.31372549019608
7.13725490196079
2.52313725490196
6.03921568627451
8.11764705882353
4.50980392156863
3.33333333333334
2.31372549019608
2.86274509803922
3.40705882352941
2.3921568627451
3.88235294117647
2.23529411764706
3.17647058823529
2.31372549019608
5.45098039215686
2.73725490196078
1.84313725490196
2.45960784313725
4.52117647058823
2.78431372549019
7.69764705882352
5.92156862745098
7.1678431372549
7.10431372549021
3.95450980392157
7.50156862745098
8.66666666666667
4.54901960784313
3.49960784313726
2.58823529411765
2.15686274509804
3.11529411764706
4.31372549019608
4.77333333333334
5.50156862745098
2.27450980392157
4.3643137254902
9.20470588235294
5.87137254901961
5.46431372549019
6.33098039215686
2.65568627450981
7.2156862745098
1.96078431372549
1.56862745098039
1.84313725490196
1.96078431372549
1.83529411764705
2.0392156862745
3.96078431372549
5.21411764705882
2.31372549019607
3.49019607843136
1.99999999999999
1.85450980392156
1.56862745098039
3.63607843137255
2.43137254901961
4.15686274509804
2.23529411764706
2.31372549019608
2.3921568627451
2.43137254901961
3.6078431372549
1.92156862745098
1.88235294117648
2.07843137254902
4.24862745098039
2.11764705882353
2.15686274509804
2.47058823529412
2.03921568627451
3.21568627450981
1.80392156862745
6.34823529411765
3.05882352941176
3.79921568627451
4.60156862745098
2.27843137254901
4.10666666666667
2.07843137254902
5.05882352941177
2.54901960784314
3.2156862745098
1.37254901960784
5.49019607843138
3.79294117647059
3.71450980392157
3.39529411764706
3.07921568627451
3.97921568627451
6.15686274509804
6.15686274509804
2.06196078431373
1.76470588235295
1.72549019607844
1.68627450980392
3.33333333333333
2.3921568627451
1.92156862745098
2.57725490196078
2.03921568627451
1.96078431372549
1.96078431372549
2.50980392156862
3.55764705882353
3.05882352941176
1.76470588235293
2.39215686274509
2.11764705882352
1.84313725490195
2.38117647058823
6.60156862745098
3.16549019607843
6.72313725490196
7.44509803921568
1.45098039215687
1.99999999999999
2.23529411764706
1.58
1.88235294117648
5.09803921568628
1.89372549019608
1.72549019607843
1.99999999999999
1.56862745098039
1.75372549019607
1.64705882352941
1.84313725490196
2.94117647058823
2.07843137254901
1.72549019607844
2.03921568627451
1.80392156862744
2.35294117647059
6.90196078431373
6.19607843137255
2.75647058823529
1.72549019607843
2.09568627450981
2
1.92156862745098
1.9607843137255
2.31372549019608
2.62745098039216
1.88235294117648
4.07843137254902
2.27450980392157
5.10941176470588
1.64705882352942
2.07843137254902
2.23529411764706
2
2.27450980392157
2.47058823529412
1.5686274509804
1.80392156862745
1.76470588235294
5.76470588235294
1.87450980392157
2.35294117647059
2.07843137254902
3.03294117647058
2.31372549019608
8
7.48862745098039
5.56862745098039
2.66666666666666
2.47058823529411
4.90196078431372
6.1192156862745
2.07843137254902
1.76470588235295
3.45098039215686
4.58823529411765
1.60784313725491
3.70352941176471
1.64705882352942
2.24666666666667
2.07843137254901
1.80392156862744
1.49019607843138
4.11764705882353
2.19607843137255
1.84313725490197
2.94117647058824
2.58823529411765
3.02588235294118
2.03921568627451
1.49019607843137
1.92156862745098
2.9956862745098
2.50980392156863
2.03921568627451
2.39215686274509
2.27450980392156
1.45098039215686
1.37254901960784
1.80392156862744
2.12901960784313
2.15686274509804
1.92156862745097
3.84313725490196
4.00627450980393
2
1.84313725490197
3.88235294117648
2.31372549019608
1.84313725490197
2.35294117647059
2.64549019607843
1.64705882352942
2.50980392156863
4.66666666666667
2.50980392156863
3.32235294117647
1.96078431372549
5.84549019607843
3.01960784313726
2.2635294117647
2.0392156862745
2.90196078431372
2.74313725490195
1.76470588235293
1.76470588235293
1.76470588235293
4.15686274509803
2.3921568627451
2.19607843137255
1.6078431372549
3.91058823529412
2.31372549019608
3.81529411764706
3.85647058823529
3.72549019607844
2.43137254901961
1.60784313725491
2.90196078431373
2.74509803921569
2.3643137254902
1.64705882352942
1.92156862745098
2.20941176470588
1.52941176470589
2.7843137254902
2.34823529411765
1.58196078431373
1.52941176470589
2.54901960784314
1.68627450980392
2.70588235294118
1.76470588235294
1.92156862745097
5.85647058823529
6.19607843137255
3.13725490196078
2.3921568627451
3.68627450980392
6.11764705882353
2.14901960784314
2.27450980392157
4.90196078431372
7.01960784313725
2.54901960784313
2.35294117647059
3.08705882352941
6.42039215686275
2.98039215686275
7.84313725490196
8.44274509803921
7.09960784313726
6.25803921568627
9.01960784313725
10.2156862745098
11.4117647058824
11.4117647058824
11.2156862745098
9.96705882352941
12.4313725490196
11.4007843137255
10.9411764705882
9.33333333333333
9.75372549019608
3.17647058823529
3.50156862745098
1.76470588235294
2.07843137254902
1.80392156862744
4.23529411764706
2
3.21568627450981
1.81529411764706
5.08705882352941
2.16823529411765
1.88235294117647
1.72549019607843
2.66666666666667
2.45960784313726
4.05215686274509
3.70470588235294
2.32509803921569
2.03921568627451
3.84313725490196
1.76470588235294
2.50980392156862
2.50980392156863
1.92156862745098
1.92156862745098
2.23529411764706
1.96078431372549
5.81529411764706
2.3921568627451
2.99176470588235
2.78431372549019
5.96078431372549
