1.05882352941176
1.09803921568627
0.862745098039213
1.01960784313725
1.17647058823529
1.01960784313725
1.37254901960784
1.45098039215686
1.5686274509804
1.37254901960784
1.13725490196078
1.29411764705882
1.01960784313725
1.09803921568627
1.09803921568627
1.09803921568627
1.41176470588235
1.17647058823529
1.05882352941176
1.45098039215687
1.2156862745098
1.45098039215687
1.17647058823529
1.49019607843138
1.41176470588236
1.25490196078432
1.1764705882353
1.29411764705883
1.13725490196079
1.72549019607844
1.60784313725491
1.88235294117648
1.1764705882353
1.05411764705883
1.01960784313726
1.64705882352942
1.15490196078431
1.6078431372549
1.28941176470588
1.2156862745098
1.17647058823529
1.29411764705882
0.901960784313722
1.96078431372548
1.60313725490196
0.941176470588232
1.17647058823529
0.823529411764703
1.21568627450981
0.849019607843144
1.1764705882353
0.784313725490193
0.784313725490193
1.17647058823529
0.819607843137251
1.5686274509804
1.5686274509804
1.18039215686274
1.01960784313725
1.45098039215687
1.21960784313725
1.45098039215687
0.901960784313722
1.5686274509804
1.45098039215687
1.26745098039216
0.941176470588243
1.45098039215687
1.1764705882353
1.05882352941177
1.21568627450981
1.52941176470589
1.22705882352942
1.21568627450981
1.09803921568628
1.25490196078431
1.05882352941176
1.2156862745098
1.33333333333333
1.33333333333333
1.01960784313725
1.01960784313725
1.07058823529411
1.41176470588235
1.13725490196078
1.45098039215686
1.33333333333333
1.13725490196078
1.05882352941176
1.76470588235295
1.56862745098039
1.56862745098039
1.17647058823529
1.1764705882353
1.37254901960784
1.09803921568627
1.68627450980393
0.862745098039224
1.1764705882353
0.705882352941174
1.05882352941176
0.980392156862742
0.986274509803917
1.41176470588236
1.09803921568628
1.41176470588236
1.25490196078432
1.05882352941177
0.862745098039224
1.41176470588236
1.13725490196079
1.5364705882353
1.57529411764706
0.965882352941184
0.784313725490204
1.21568627450981
0.980392156862747
1.17647058823529
1.09803921568628
1.33333333333333
0.980392156862742
1.33333333333333
1.17647058823529
1.2156862745098
1.05882352941176
1.6078431372549
1.76470588235293
1.76470588235293
1.45098039215686
1.45098039215686
1.46235294117646
1.84313725490197
1.25490196078432
1.3764705882353
1.60784313725491
1.45098039215687
1.21568627450981
1.36156862745099
1.6392156862745
2.03921568627451
1.52941176470589
1.01960784313726
1.33333333333334
1.33333333333334
0.941176470588243
0.784313725490193
1.05882352941176
1.05882352941176
1.09803921568627
0.915294117647052
0.915294117647052
1.25490196078432
1.14117647058825
1.1764705882353
0.784313725490204
0.941176470588243
0.784313725490204
1.40705882352942
1.13725490196079
1.25490196078431
0.87254901960784
0.980392156862743
1.05882352941176
1.45098039215686
0.784313725490193
1.17647058823529
0.980392156862742
1.17647058823529
1.04549019607843
0.823529411764703
1.09803921568627
0.784313725490193
1.17647058823529
1.41176470588236
1.52941176470589
1.26627450980393
0.941176470588243
1.21568627450981
1.01960784313726
1.45098039215687
1.01960784313726
1.33333333333333
1.33333333333333
1.49019607843137
1.52941176470588
1.56862745098039
1.25490196078431
2.07843137254901
1.21960784313724
0.901960784313722
0.980392156862742
1.17647058823529
1.05882352941177
0.823529411764703
1.1764705882353
1.09803921568628
0.980392156862753
1.01960784313726
1.28117647058824
1.60784313725491
1.1764705882353
0.784313725490204
1.09803921568628
1.45098039215687
0.784313725490193
1.2156862745098
1.2156862745098
1.29411764705882
1.01960784313725
0.901960784313722
1.17647058823529
1.76470588235294
0.901960784313722
1.13725490196078
1.17647058823529
1.45098039215686
1.17647058823529
1.25490196078432
1.41176470588236
1.33333333333334
1.21568627450981
1.45098039215686
1.80392156862746
1.80392156862746
1.64705882352941
1.6078431372549
1.33333333333333
1.38392156862744
1.17647058823529
1.13725490196078
1.6078431372549
1.25490196078431
1.33333333333333
1.17647058823529
1.33333333333333
1.69960784313726
1.69019607843138
1.45098039215687
1.4643137254902
1.37176470588234
1.1764705882353
0.784313725490204
0.784313725490204
0.784313725490204
1.09803921568628
0.825882352941182
1.36784313725491
1.80392156862746
1.17647058823529
1.17647058823529
1.05882352941177
1.5686274509804
1.14117647058823
0.784313725490193
1.29411764705882
1.70901960784313
1.33333333333333
0.784313725490193
1.13725490196078
1.68627450980392
0.980392156862742
1.29411764705883
1.33333333333334
1.2078431372549
1.61921568627451
1.21568627450981
1.29411764705882
0.722745098039211
1.10196078431372
1.45098039215686
1.37254901960784
1.45098039215686
1.17647058823529
1.56862745098039
0.941176470588232
1.49019607843137
0.784313725490193
1.56862745098039
1.51725490196078
1.17647058823529
0.862745098039213
1.53333333333333
1.09803921568628
1.5686274509804
1.33333333333334
1.29411764705883
1.1764705882353
1.25019607843138
1.1764705882353
1.13725490196079
1.1764705882353
0.784313725490204
0.941176470588243
0.901960784313733
1.01960784313726
1.84313725490197
1.41176470588235
1.33333333333333
1.13725490196078
1.56862745098039
1.10196078431372
1.05882352941176
1.01960784313725
1.53333333333332
1.17647058823529
1.09803921568627
0.784313725490193
1.96078431372549
1.1764705882353
1.09803921568628
1.1764705882353
1.09803921568628
1.25490196078431
0.784313725490193
1.17647058823529
1.05882352941176
1.05882352941176
1.25490196078431
1.2156862745098
1.2156862745098
1.09019607843137
1.45098039215687
1.49019607843138
1.09803921568627
1.09803921568628
1.29411764705883
1.41176470588236
1.33333333333334
1.49019607843138
1.29411764705883
0.823529411764704
1.6078431372549
1.80392156862745
1.22705882352941
1.33333333333333
1.33333333333333
1.33333333333333
1.29411764705882
1.41176470588235
1.25490196078431
1.09803921568627
1.41176470588235
1.41176470588235
1.72549019607843
1.2156862745098
1.60784313725491
1.36156862745098
1.68627450980392
1.01960784313725
1.33333333333333
1.37254901960784
1.5686274509804
1.21568627450981
1.13725490196079
1.13725490196079
1.5686274509804
1.20470588235295
1.37254901960784
1.25490196078431
1.49019607843137
1.13725490196078
1.29411764705882
1.05882352941176
1.17647058823529
1.17647058823529
2.19607843137255
1.52941176470589
1.88627450980392
0.862745098039224
1.68627450980393
1.29411764705883
1.29411764705883
0.980392156862747
1.37254901960784
1.2156862745098
1.49019607843137
1.17647058823529
1.09803921568627
0.862745098039213
1.68627450980392
1.17647058823529
1.09803921568627
1.25490196078431
1.41176470588235
1.33333333333333
1.41176470588235
1.64705882352941
1.33333333333333
1.41176470588235
1.68627450980392
1.76470588235293
1.80392156862744
1.37254901960785
1.29411764705883
1.33333333333334
1.72549019607844
1.1764705882353
1.21568627450981
1.18784313725491
1.5686274509804
0.941176470588236
1.13725490196078
1.17647058823529
1.56862745098039
1.05882352941176
1.37254901960784
1.25490196078431
1.41176470588235
1.13725490196078
1.41176470588235
1.29411764705883
1.25490196078432
1.33333333333334
1.37254901960785
1.1764705882353
1.25490196078432
0.823529411764704
1.52941176470588
1.41176470588235
1.37254901960784
0.784313725490193
1.17647058823529
1.56862745098039
1.29411764705882
1.14901960784313
1.49019607843137
1.25490196078431
1.60784313725491
1.52941176470589
1.09803921568627
1.49019607843138
1.72549019607844
1.45098039215687
0.941176470588243
1.05882352941177
1.45098039215687
1.68627450980393
1.29411764705883
1.41176470588236
1.84313725490197
1.80392156862744
1.76470588235293
1.64705882352941
2.03921568627451
1.41176470588235
1.37254901960784
1.45098039215686
1.77607843137254
1.06235294117646
0.823529411764703
1.56862745098039
1.88627450980392
0.862745098039213
1.50156862745098
1.13725490196078
1.33333333333334
1.20784313725491
1.45098039215687
1.25490196078431
0.980392156862747
1.37254901960784
1.96078431372549
1.41176470588235
1.25490196078431
1.25490196078431
1.96078431372548
1.33333333333333
1.33333333333333
1.13725490196078
1.41176470588236
1.68627450980393
1.13725490196079
1.45098039215687
1.45098039215687
0.941176470588243
1.5686274509804
1.33333333333334
1.37254901960785
1.37254901960785
1.60784313725491
1.6078431372549
1.2156862745098
1.33333333333333
1.13725490196078
1.52941176470588
1.68627450980392
1.52941176470588
1.92156862745097
1.92156862745098
1.92156862745098
1.2156862745098
1.96078431372549
1.68627450980393
1.76470588235295
1.49019607843138
1.80392156862746
1.49019607843138
1.49019607843138
1.33333333333334
1.76470588235295
1.41176470588236
1.25490196078432
1.5686274509804
1.25490196078431
1.64705882352941
1.37254901960784
1.37254901960784
1.25490196078431
1.13725490196078
1.88235294117648
1.64705882352942
1.5686274509804
1.41176470588236
1.52941176470589
1.49019607843138
1.49019607843138
1.1764705882353
1.5686274509804
1.09803921568627
1.13725490196078
1.4549019607843
1.92156862745097
1.37254901960784
1.69960784313725
1.33333333333333
1.33333333333333
1.44
1.84313725490195
1.68627450980392
1.72549019607843
1.92156862745098
1.84313725490197
1.49019607843138
1.49019607843138
1.76470588235295
1.68627450980393
1.89372549019607
1.88235294117646
1.76470588235294
1.96078431372549
1.49019607843137
1.76470588235294
1.45098039215686
1.84313725490196
1.41176470588235
1.76470588235293
1.49019607843137
1.88235294117646
1.84313725490195
1.68627450980392
1.6078431372549
1.49019607843137
1.37254901960784
1.76470588235295
1.68627450980393
1.45098039215687
1.37254901960785
2.02823529411765
1.45098039215687
1.80392156862745
1.45098039215686
1.37254901960784
1.52941176470588
1.45098039215686
1.26627450980392
1.2156862745098
1.37254901960784
1.60784313725491
1.30549019607843
1.17647058823529
1.49019607843138
1.41176470588236
1.41176470588236
1.13725490196078
0.980392156862742
1.72549019607844
1.84313725490197
1.8078431372549
1.96078431372549
1.45098039215686
1.29411764705882
2.0392156862745
1.96078431372548
1.96078431372548
1.76470588235294
1.76470588235294
1.41176470588235
1.72549019607844
1.68627450980393
2.19607843137255
1.80392156862746
1.52941176470589
1.37254901960785
1.37254901960785
1.80392156862746
1.33333333333334
1.52941176470589
1.76470588235294
1.72549019607844
1.45098039215687
1.72549019607844
1.64705882352941
1.76470588235293
1.25490196078431
1.6078431372549
1.88235294117646
1.41176470588235
1.80392156862744
1.29411764705882
1.64705882352942
1.37254901960785
1.37254901960785
1.18941176470589
1.5686274509804
1.29411764705883
1.5686274509804
1.09803921568628
1.22901960784314
1.37254901960784
1.17647058823529
1.68627450980393
1.37254901960785
1.37254901960785
2.11764705882353
2.00392156862745
2.03921568627451
1.76470588235294
1.72549019607843
1.72549019607843
2.11764705882353
1.76470588235294
1.84313725490196
2
1.88235294117648
1.52941176470588
1.88235294117647
1.72549019607843
1.76470588235294
1.45098039215686
1.76470588235293
1.64705882352941
1.49019607843137
1.37254901960784
1.6078431372549
1.37254901960784
1.68627450980392
1.72549019607843
1.76470588235295
1.37254901960784
1.68627450980393
1.81529411764706
1.49019607843138
1.41568627450981
2.07843137254902
1.56862745098039
1.56862745098039
1.60784313725491
1.52941176470589
1.57999999999999
1.52941176470588
1.37254901960784
1.41176470588235
1.33333333333333
1.25490196078431
1.17647058823529
1.33333333333333
1.33333333333333
1.13725490196078
1.45098039215686
1.4713725490196
1.52941176470588
1.56862745098039
1.68627450980393
1.71450980392157
1.96078431372549
2.00392156862746
1.45098039215687
1.84313725490197
1.96078431372549
1.92156862745098
2.23529411764705
1.84313725490195
1.52941176470589
1.68627450980393
1.68627450980393
1.69764705882353
1.5686274509804
1.37254901960785
1.68627450980392
1.64235294117647
1.8321568627451
1.58
1.88235294117647
1.56862745098039
1.80392156862745
1.64705882352941
1.68627450980392
1.92156862745098
1.56862745098039
1.49019607843137
1.25490196078431
1.49019607843137
1.33333333333333
1.72549019607843
1.52470588235294
1.52470588235294
1.49019607843137
1.92156862745098
1.72549019607844
1.64705882352942
1.42313725490197
1.49019607843138
1.5686274509804
1.45098039215687
1.60784313725491
1.41176470588236
1.37254901960785
1.37254901960785
1.41176470588236
1.5686274509804
1.96078431372549
1.72941176470588
1.88235294117646
1.64705882352941
1.88235294117646
1.96078431372548
1.72549019607843
1.99999999999999
2
1.6078431372549
1.52941176470588
1.88235294117646
1.96078431372548
1.84313725490195
1.29411764705882
1.92156862745098
1.64705882352942
1.54078431372548
1.45098039215686
1.49019607843138
1.5686274509804
1.80392156862746
1.76470588235295
1.41176470588236
1.45098039215687
1.76470588235295
1.54078431372549
1.41176470588236
1.41176470588236
1.80392156862746
1.5686274509804
1.96078431372549
1.49019607843137
1.25490196078432
1.45098039215687
1.84313725490197
1.37254901960784
1.41176470588236
1.33333333333333
1.33333333333333
1.41176470588235
1.25490196078431
1.56862745098039
1.49019607843137
1.6078431372549
1.06078431372548
1.68627450980392
2.03921568627451
2.07843137254902
1.52941176470588
1.64705882352941
1.68627450980392
1.72549019607844
1.76470588235294
1.56862745098039
1.76470588235294
1.64705882352942
1.56862745098039
2.11764705882353
1.72549019607843
2.19607843137255
1.84313725490197
1.76470588235294
1.68627450980392
1.56862745098039
1.29411764705882
1.52941176470588
1.41176470588235
1.33333333333333
1.41176470588235
1.64705882352941
1.68627450980392
1.45098039215686
1.96078431372549
1.49019607843137
1.33333333333333
1.33333333333333
1.52941176470588
1.76470588235293
1.72549019607843
1.45098039215686
1.84313725490195
1.64705882352941
2.0392156862745
1.72549019607843
1.33333333333333
1.17647058823529
1.56862745098039
1.33333333333333
1.37254901960784
1.45098039215686
2.19607843137255
1.33333333333334
0.980392156862742
1.17647058823529
1.25490196078431
1.80392156862746
1.45098039215687
1.52941176470589
1.49019607843138
1.56862745098039
1.6078431372549
1.56862745098039
1.84313725490197
0.952549019607843
1.09803921568628
1.17647058823529
1.92156862745098
1.88235294117648
2
1.45098039215686
1.76470588235295
1.5686274509804
1.52941176470588
1.25490196078431
1.41176470588236
1.41176470588236
1.49019607843138
1.33333333333333
1.76470588235295
1.41176470588236
1.80392156862746
1.52941176470589
1.60784313725491
1.52941176470589
1.80392156862746
1.84705882352942
1.84705882352942
1.29411764705883
1.64705882352942
1.68627450980393
1.29411764705883
1.60784313725491
1.60784313725491
1.5686274509804
1.5686274509804
1.37254901960785
0.941176470588236
1.33333333333334
1.68627450980393
1.1764705882353
1.13098039215687
1.11137254901961
1.10784313725491
0.980392156862742
1.25490196078431
1.09803921568628
1.01960784313726
0.980392156862753
1.13725490196079
1.1764705882353
1.1764705882353
1.17647058823529
1.09803921568627
0.941176470588243
1.6078431372549
1.49019607843137
1.45098039215686
1.13725490196079
1.49019607843137
1.17647058823529
1.25490196078431
1.41176470588235
1.13725490196078
1.41176470588235
1.76470588235294
1.49019607843137
1.64705882352941
1.52941176470588
1.52941176470588
1.01960784313725
1.45098039215686
1.33333333333333
1.6078431372549
1.76470588235293
1.72549019607843
1.2156862745098
1.09803921568627
1.2156862745098
1.56862745098039
1.41176470588235
1.73686274509803
1.41176470588235
1.25490196078431
1.71764705882352
1.49019607843137
1.84313725490195
1.84313725490195
1.58392156862745
1.45098039215686
1.6192156862745
1.76470588235293
1.17647058823529
0.784313725490193
1.45098039215686
1.17647058823529
0.901960784313722
1.41176470588235
1.25490196078431
1.6078431372549
1.13725490196078
1.49019607843137
0.941176470588232
1.80392156862744
1.01960784313725
1.09803921568627
1.37254901960784
1.68627450980392
1.01960784313725
0.901960784313722
0.941176470588232
1.17647058823529
1.25490196078431
1.37254901960784
1.37254901960784
0.980392156862742
0.901960784313722
1.01960784313725
1.05882352941176
1.56862745098039
1.17647058823529
1.5686274509804
1.41176470588235
1.80392156862746
1.49019607843138
1.29411764705883
1.60784313725491
1.52941176470589
1.17176470588236
1.33333333333334
1.37254901960785
1.33333333333334
1.13725490196079
1.41176470588236
1.41176470588236
1.80392156862746
1.68627450980393
1.30549019607844
1.52941176470589
1.68627450980393
1.76470588235295
1.41176470588235
1.49019607843137
1.17647058823529
1.2156862745098
1.2156862745098
1.17647058823529
1.2156862745098
1.41176470588236
1.72549019607844
1.33333333333333
1.72549019607844
1.60784313725491
1.64705882352942
1.17647058823529
1.52941176470589
1.13725490196079
1.1764705882353
1.1764705882353
1.1764705882353
1.21568627450981
1.01960784313726
1.62313725490197
1.13725490196079
1.05882352941177
1.80392156862746
1.21568627450981
1.09803921568628
1.05882352941177
1.72549019607844
1.5686274509804
1.33333333333334
1.13725490196079
1.41176470588235
1.68627450980393
1.64705882352942
0.941176470588236
1.72549019607843
1.64705882352941
1.6078431372549
1.25490196078431
1.64705882352941
1.84313725490195
1.76470588235293
1.6078431372549
1.52941176470588
1.64705882352941
1.96078431372548
1.84313725490197
1.84313725490197
1.92549019607843
1.60784313725491
1.37254901960785
1.77607843137255
1.8564705882353
1.83843137254902
1.96078431372548
1.64705882352941
1.72549019607844
1.80392156862746
1.76470588235294
1.6078431372549
1.52941176470589
2
1.45098039215687
1.49019607843138
1.29411764705882
1.25490196078431
1.17647058823529
1.17647058823529
1.29411764705882
1.33333333333333
1.37254901960784
1.76470588235293
1.09803921568627
1.13725490196078
1.17647058823529
1.84313725490195
1.73882352941176
1.84313725490195
1.29411764705882
1.64705882352941
1.41176470588235
1.49019607843137
1.41176470588235
1.84313725490197
1.80392156862746
1.29411764705883
1.37254901960785
1.76470588235295
1.64235294117648
2.07843137254902
1.5686274509804
1.95294117647059
1.80392156862746
1.80392156862746
