33.9333333333333
32.9694117647059
31.0588235294118
30.9411764705882
25.4388235294118
34.7450980392157
28.6078431372549
31.843137254902
33.5098039215686
38.5882352941177
31.7960784313725
33.9274509803922
32.7058823529412
33.7145098039216
31.221568627451
31.2411764705882
32.0980392156863
34.5894117647059
32.7243137254902
28.9019607843137
30.6870588235294
32.803137254902
28
31.7313725490196
34.8549019607843
26.3588235294118
32.1627450980392
32.3137254901961
32.6666666666667
35.6078431372549
27.678431372549
26.7450980392157
30.7647058823529
33.1235294117647
34.1960784313726
35.4117647058824
35.1152941176471
30.3137254901961
32.4486274509804
33.1235294117647
29.456862745098
28.0313725490196
27.7647058823529
29.5529411764706
33.0196078431373
29
28.5882352941176
25.1372549019608
26.9694117647059
30.2243137254902
34.8235294117647
27.6921568627451
28.7058823529412
31.8039215686275
31.8823529411765
33.5294117647059
26.8133333333333
31.5019607843137
32
28.7745098039216
33.6137254901961
41.2156862745098
30.5490196078431
34.1745098039216
37.5294117647059
31.0196078431373
28.883137254902
29.1121568627451
23.3137254901961
28.4364705882353
29.3058823529412
26.0843137254902
28.2803921568627
29.5686274509804
27.4960784313726
33.1764705882353
23.8745098039216
21.7313725490196
25.3333333333333
29.1764705882353
31.843137254902
31.4509803921569
32.4705882352941
23.9274509803922
30.3529411764706
31.0980392156863
31.3117647058823
30.6666666666667
23.5560784313725
26.9121568627451
29.1823529411765
32.9725490196078
34.2352941176471
31.4176470588235
33.036862745098
31.6078431372549
33.4156862745098
29.4007843137255
29.8882352941176
28.9411764705882
26.8627450980392
28.3764705882353
29.6862745098039
31.8039215686274
29.7705882352941
35.7764705882353
34.5380392156863
35.8078431372549
34.4960784313725
29.858431372549
24.3058823529412
34.156862745098
34.1176470588235
36
33.6674509803922
38.4494117647059
39.3333333333333
33.521568627451
32.7670588235294
28.9411764705882
29.5352941176471
27.7647058823529
28.9137254901961
27.5686274509804
27.4901960784314
20.7843137254902
26.078431372549
34.0596078431373
31.2941176470588
32.6666666666667
29.0196078431373
28
28.378431372549
29.7929411764706
30.6556862745098
30.7058823529412
27.8666666666667
29.3725490196078
24.6
22.7843137254902
27.4509803921569
28.1960784313725
31.921568627451
32.6725490196078
31.9666666666667
28.9862745098039
31.9666666666667
33.8294117647059
34.5098039215686
31.9862745098039
33.6078431372549
33.5686274509804
30.3529411764706
31.7647058823529
36.4705882352941
33.6921568627451
33.0478431372549
32.5882352941176
33.4960784313725
32.4372549019608
34.7058823529412
34.9411764705882
36.1352941176471
23.8549019607843
24.7450980392157
29.3247058823529
29.9780392156863
28.5490196078431
25.7960784313725
26.0823529411765
29.42
30.7254901960784
29.3023529411765
31.4117647058824
28.2411764705882
28.8294117647059
30.8517647058824
30.6274509803922
32.1745098039216
26.5078431372549
26.5270588235294
28.9803921568627
34.221568627451
32.9301960784314
28.3921568627451
28.9529411764706
31.0478431372549
29.4792156862745
29.118431372549
31.4627450980392
25.6674509803922
27.843137254902
29.9607843137255
28.4313725490196
30.6725490196078
28.7647058823529
33.8996078431373
35.5803921568627
31.843137254902
30.9411764705882
27.221568627451
28.0392156862745
32.2745098039216
33.7254901960784
35.156862745098
38.7843137254902
39.456862745098
35.4901960784314
33.1039215686274
35.0980392156863
33.5686274509804
29.7647058823529
31.7647058823529
35.6862745098039
33.3588235294118
34.4243137254902
27.5686274509804
31.221568627451
32.2254901960784
30.9694117647059
33.6752941176471
32.4988235294118
34.8627450980392
31.8686274509804
35.3843137254902
31.1960784313725
34.5156862745098
36.2745098039216
29.6470588235294
29.5686274509804
32.9803921568627
32.143137254902
33.7647058823529
34.2917647058824
38.2803921568627
30.4313725490196
36.156862745098
41.0588235294118
37.2941176470588
35.0027450980392
29.4117647058823
29.9105882352941
29.7254901960784
25.5576470588235
28.0980392156863
29.3921568627451
28.2156862745098
26.4705882352941
22.9803921568627
22.3133333333333
26.2745098039216
27.6078431372549
28.5882352941177
29.9498039215686
22.4882352941177
31.4572549019608
32.9803921568627
26.1176470588235
33.6062745098039
38.1372549019608
36.156862745098
29.1176470588235
31.6137254901961
35.2721568627451
33.0196078431373
35.2941176470588
35.3333333333333
30.8823529411765
29.6862745098039
31.9145098039216
26.6176470588235
28.2745098039216
29.6078431372549
28.9019607843137
32.5882352941177
29.8882352941176
28.678431372549
31.0450980392157
33.2607843137255
30.9803921568627
30.443137254902
33.921568627451
32.9019607843137
32.3890196078431
29.2439215686274
29.3517647058824
29.4372549019608
33.3223529411765
28.5882352941176
32.0878431372549
33.0086274509804
24.9301960784314
28
17.1372549019608
24.7556862745098
26.8235294117647
28.6
29.7313725490196
24.5721568627451
27.6862745098039
25.921568627451
26.0674509803922
19.7180392156863
21.5686274509804
27.1654901960784
28.7733333333333
29.5466666666667
32.8352941176471
28.3921568627451
30.876862745098
32.3592156862745
32.2352941176471
31.8039215686274
27.3654901960784
27.4007843137255
30.1960784313725
25.6011764705882
29.7254901960784
29.2666666666667
28
28.9411764705882
29.5686274509804
28.7058823529412
32.5098039215686
33.5686274509804
30.5490196078431
35.0705882352941
37.5745098039216
33.0450980392157
37.9666666666667
28.2635294117647
31.5686274509804
43.3898039215686
30.8627450980392
28.5552941176471
27.9666666666667
27.9807843137255
30.3137254901961
32.156862745098
31.7647058823529
32.7901960784314
29.921568627451
31.3
29.8039215686275
34.7886274509804
33.8882352941176
30.8039215686274
31.921568627451
26.756862745098
26.921568627451
34.0313725490196
30.4549019607843
19.0823529411765
26.3850980392157
23.2439215686274
23.7254901960784
24.7843137254902
27.8917647058824
28.5380392156863
28.156862745098
27.4901960784314
26.1960784313726
30.156862745098
26.7627450980392
28.4094117647059
28.2243137254902
28.1176470588235
33.0588235294118
25.5827450980392
23.8882352941176
24.1627450980392
23.2352941176471
27.8882352941176
30.156862745098
31.156862745098
32.5921568627451
30.8556862745098
33.4901960784314
31.1039215686275
28.8686274509804
30.7764705882353
32.0235294117647
32.1588235294118
30.3529411764706
21.843137254902
22.6635294117647
30.2019607843137
31.3725490196078
26.5882352941176
29.6309803921569
25.0705882352941
22.2803921568627
35.0627450980392
33.0254901960784
29.6078431372549
26.5098039215686
29.0266666666667
28.7647058823529
31.5294117647059
28.3298039215686
30.1752941176471
33.6470588235294
32.4705882352941
31.2019607843137
25.5686274509804
22.6835294117647
26.2364705882353
32.4596078431373
35.4901960784314
34.401568627451
33.3694117647059
32.4988235294118
28.7745098039216
17.3137254901961
12.8164705882353
26.3239215686274
29.843137254902
32.0737254901961
28.8435294117647
31.843137254902
31.7313725490196
28.943137254902
29.8250980392157
27.4992156862745
30.7278431372549
29.8823529411765
27.5686274509804
25.3588235294118
5.30823529411765
17.2109803921569
28.0996078431372
27.3505882352941
1.41176470588235
15.803137254902
32.1537254901961
31.6470588235294
28.7733333333333
2.66666666666667
12.4988235294118
35.2156862745098
33.2945098039216
27.921568627451
37.5294117647059
32.8627450980392
36.9411764705882
36.156862745098
32.1235294117647
33.5466666666667
31.7254901960784
29.9725490196078
25.9607843137255
27.2721568627451
28.3588235294118
30.7450980392157
27.9862745098039
29.7576470588235
32.0282352941176
30.921568627451
30.4313725490196
30.5101960784314
30.9301960784314
28.8294117647059
35.6862745098039
30.5945098039216
34.156862745098
29.1764705882353
31.4960784313725
28.0392156862745
28.9019607843137
29.0196078431372
35.9666666666667
38.9078431372549
36.7960784313725
34.2803921568627
35.2360784313725
31.6643137254902
32.2482352941176
30.2549019607843
34.2745098039216
25.0760784313726
25.8039215686275
28.3980392156863
23.4290196078431
26.2921568627451
33.0647058823529
32.7450980392157
33.8713725490196
32.5490196078431
34.6274509803922
35.4117647058824
29.6360784313725
28.3725490196078
24.6666666666667
27.3725490196078
20.6666666666667
28.0980392156863
31.5043137254902
34.9517647058824
34.3341176470588
34.043137254902
31.1764705882354
42.6949019607843
28.8125490196078
25.9513725490196
33.9498039215686
30.4705882352941
28.9411764705882
28.8980392156863
24.3137254901961
25.5686274509804
26.7058823529412
29.1086274509804
33.5874509803922
31.4235294117647
30.8627450980392
30.6274509803922
30.9078431372549
29.3223529411765
20.6
31.0372549019608
32.8039215686274
32.9019607843137
31.6529411764706
34.8627450980392
33.5686274509804
30.3803921568627
29.4117647058823
29.118431372549
26.6478431372549
25.843137254902
28.156862745098
30.4596078431373
32.3070588235294
27.1764705882353
28.835294117647
32.6980392156863
29.8490196078431
28.9862745098039
32.078431372549
29.843137254902
27.0254901960784
28.9411764705882
31.3450980392157
31.7647058823529
32.1490196078431
30.8627450980392
31.7976470588235
32.7450980392157
30.9411764705882
32.5098039215686
32.0392156862745
33.1592156862745
35.7509803921569
35.2941176470588
32.88
29.1372549019608
28.9803921568627
32.078431372549
31.1372549019608
31.3450980392157
31.8823529411765
31.6925490196078
31.7705882352941
34.1176470588235
33.0588235294118
24.521568627451
27.5686274509804
27.2549019607843
36.9274509803922
42.1062745098039
31.741568627451
29.5294117647059
30.1352941176471
33.1627450980392
31.7705882352941
26.7450980392157
25.6529411764706
25.6470588235294
22.3588235294118
23.3435294117647
24.1454901960784
34.078431372549
32.1235294117647
49.7650980392157
27.8823529411765
29.6007843137255
28.801568627451
31.0980392156863
30.0196078431373
30.7117647058823
32.078431372549
28.9019607843137
27.9666666666667
31.7705882352941
33.163137254902
30.5772549019608
31.2156862745098
33.1372549019608
31.6862745098039
29.9254901960784
32.7843137254902
30.3529411764706
32.3
28.4705882352941
29.4509803921569
30.3137254901961
27.6278431372549
26.2078431372549
30.0392156862745
29.6921568627451
26.835294117647
31.6274509803921
33.2156862745098
28.6862745098039
21.3509803921569
23.1941176470588
12.6058823529412
25.3
27.9078431372549
28.6666666666667
30.9862745098039
28.6666666666667
27.3505882352941
30.3529411764706
26.4156862745098
25.7929411764706
25.9803921568627
29.0196078431373
31.1490196078431
28.2988235294118
27.9549019607843
31.0980392156863
28.7509803921569
28.4705882352941
32.3309803921569
31.9411764705882
30.5301960784314
28.1960784313725
27.6862745098039
28.8827450980392
33.1764705882353
29.2941176470588
30.9803921568627
28.9301960784314
27.6196078431373
33.5490196078431
34.8039215686274
33.1917647058823
36.6494117647059
31.0980392156863
32.0392156862745
27.1411764705882
27.7145098039216
28.1066666666667
32
31.4901960784314
29.283137254902
20.8627450980392
29.6078431372549
30.5882352941176
29.4509803921569
25.7647058823529
29.0196078431373
30.843137254902
35.8882352941176
34.078431372549
35.1764705882353
36.6666666666667
35.1882352941176
29.921568627451
30.8686274509804
28.5
28.6333333333333
29.6666666666667
30.1850980392157
27.6470588235294
29.7705882352941
31.44
30.3352941176471
31.0588235294118
26.9019607843137
24.9803921568627
29.8823529411765
31.8603921568627
25.6643137254902
28.078431372549
30.1105882352941
35.2745098039216
30.8627450980392
34.8235294117647
34.0843137254902
34.356862745098
35.3333333333333
30.5941176470588
30.0901960784314
33.443137254902
31.7294117647059
27.921568627451
27.7882352941176
12.6164705882353
27.5745098039216
26.7623529411765
27.4682352941176
34.4627450980392
30.7117647058823
33.7858823529412
31.8823529411765
32.7901960784314
31.0870588235294
27.921568627451
30.9078431372549
28.9411764705882
46.9725490196078
31.6078431372549
27.521568627451
25.6078431372549
26.3137254901961
29.2156862745098
28.2019607843137
27.4094117647059
28.6274509803922
28.4313725490196
25.2941176470588
27.9890196078431
29.7035294117647
29.7843137254902
25.2047058823529
28.0392156862745
32.156862745098
30.6392156862745
27.0901960784314
29.1490196078431
21.8039215686275
25.8039215686275
26.2647058823529
26.9921568627451
28
25.7705882352941
38.0980392156863
39.8039215686274
38.9733333333333
37.2274509803921
27.0588235294118
33.7929411764706
35.8321568627451
31.7254901960784
29.1764705882353
28.5098039215686
29.221568627451
29.2156862745098
25.8101960784314
24.1960784313726
24.2137254901961
33.5294117647059
30.7901960784314
32.9803921568627
32.0509803921569
26.0172549019608
29.0239215686275
34.4439215686275
32.9392156862745
33.0313725490196
30.3529411764706
31.2745098039216
31.5686274509804
29.3725490196078
33.5352941176471
33.3725490196078
33.8823529411765
27.6643137254902
34.5882352941177
32.5490196078431
32.3921568627451
31.561568627451
31.143137254902
32.3811764705882
25.0023529411765
34.2352941176471
34.5294117647059
29.921568627451
31.1294117647059
32.6556862745098
32.1176470588235
31.6862745098039
25.8298039215686
18.4941176470588
24.2411764705882
36.1176470588235
36.5882352941176
35.1074509803922
36.3921568627451
34.2745098039216
29.4235294117647
37.0870588235294
24.483137254902
24.9588235294118
30.278431372549
36.2352941176471
30.7058823529412
30.156862745098
24.2745098039216
6.66274509803921
30.6666666666667
34.2549019607843
31.8882352941176
26.0392156862745
24.6588235294118
30.5941176470588
35.1960784313725
18.9803921568627
15.8058823529412
28.4313725490196
32.3419607843137
32.5098039215686
33.5098039215686
32.1176470588235
30.1678431372549
33.4050980392157
40.0058823529412
33.1498039215686
32.9019607843137
32.9019607843137
31.378431372549
24.2635294117647
29.4549019607843
34.8447058823529
28.7117647058824
32.156862745098
31.3003921568627
33.821568627451
35.7019607843137
32.4372549019608
33.221568627451
30.3588235294118
32.9019607843137
29.38
21.8823529411765
27.7647058823529
31.4176470588235
32.5098039215686
9.88823529411765
24.6
18.9803921568627
27.7537254901961
32.4705882352941
34.3937254901961
33.6470588235294
33.6752941176471
31.1823529411765
29.0980392156863
1.92745098039216
13.916862745098
32.7843137254902
36.958431372549
38.0901960784314
39.2666666666667
36.4619607843137
24.42
30.8909803921569
34.2917647058824
34.156862745098
34.9811764705882
36.078431372549
27.0980392156863
28.5098039215686
27.4509803921569
16.3050980392157
18.5098039215686
31.1333333333333
28.8839215686274
34.9411764705882
29.9498039215686
23.9890196078431
30.743137254902
35.4509803921569
33.843137254902
36.5294117647059
36.0282352941177
27.9737254901961
21.6752941176471
31.8427450980392
33.2156862745098
26.0392156862745
28.3137254901961
30.2411764705882
32.6666666666667
28.9137254901961
30.7254901960784
28.3529411764706
29.4431372549019
28.9333333333333
30.3588235294118
27.1764705882353
26.2549019607843
27.1960784313726
30
26.0392156862745
25.6470588235294
27.3333333333333
33.9274509803922
28.5490196078431
34.438431372549
30.5156862745098
31.0588235294118
36.7490196078431
37.9647058823529
39.0392156862745
36.9301960784314
33.221568627451
33.2274509803921
34.2470588235294
34.1458823529412
33.7145098039216
32.9078431372549
35.1937254901961
35.9274509803922
26.5098039215686
30.3529411764706
23.4901960784314
22.7058823529412
26.8235294117647
30.6164705882353
26.7058823529412
33.8882352941176
33.2156862745098
32.5882352941176
29.9803921568627
27.8392156862745
34.1176470588235
35.7549019607843
20.1839215686274
23.8156862745098
31.0254901960784
32.5380392156863
30.3658823529412
28.4490196078431
29.0478431372549
21.2549019607843
19.4509803921569
28.2745098039216
35.8098039215686
31.5294117647059
35.3725490196078
37.456862745098
30.9301960784314
18.9411764705882
26.3039215686274
31.0309803921569
28.2352941176471
31.4745098039216
35.3992156862745
32.9019607843137
18.8164705882353
30.5564705882353
29.5294117647059
14.3137254901961
24.2635294117647
28.156862745098
28.3137254901961
31.4509803921569
32.8133333333333
31.2329411764706
30.4705882352941
33.2086274509804
29.9674509803922
27.1545098039216
28.2803921568627
27.4509803921569
30.1890196078431
38.3811764705882
31.4509803921569
32.7843137254902
32.5772549019608
37.221568627451
29.7929411764706
33.0980392156863
36.6666666666667
30.156862745098
33.6450980392157
26.4313725490196
30.8933333333333
25.221568627451
29.8294117647059
30.8235294117647
25.6717647058823
34.4705882352941
48.5019607843137
39.4117647058823
24.5772549019608
30.3137254901961
25.4117647058823
28.3980392156863
24.3419607843137
28.7254901960784
32.4203921568627
28.4352941176471
26.2274509803922
32.9980392156863
34.8352941176471
37.4960784313725
31.7176470588235
33.3137254901961
34.0058823529412
31.843137254902
15.4725490196078
27.7254901960784
33.44
35.4117647058824
40.8470588235294
36.6
37.1294117647059
37.4901960784314
37.7313725490196
38.8627450980392
37.8490196078431
38.7843137254902
38.3921568627451
37.2941176470588
40.7341176470588
40.1960784313725
40.1176470588235
40.8823529411765
40.156862745098
38.6666666666667
26.078431372549
28.221568627451
21.8352941176471
27.2478431372549
30.5803921568627
35.456862745098
21.1756862745098
27.5686274509804
26.5490196078431
27.0313725490196
24.9870588235294
30.5823529411764
27.5294117647059
29.4176470588235
26.1960784313726
29.9137254901961
33.8823529411765
29.7647058823529
32.8039215686274
29.1654901960784
24.4705882352941
32.7917647058824
32.1458823529412
30.8156862745098
32.1850980392157
30.3392156862745
31.5349019607843
32.6274509803922
22.1235294117647
22.078431372549
25.8549019607843
30.8549019607843
