0.768627450980392
0.772549019607843
0.772549019607843
0.772549019607843
0.776470588235294
0.772549019607843
0.772549019607843
0.772549019607843
0.764705882352941
0.768627450980392
0.772549019607843
0.772549019607843
0.772549019607843
0.772549019607843
0.772549019607843
0.768627450980392
0.768627450980392
0.768627450980392
0.768627450980392
0.764705882352941
0.764705882352941
0.764705882352941
0.764705882352941
0.76078431372549
0.76078431372549
0.76078431372549
0.76078431372549
0.756862745098039
0.756862745098039
0.752941176470588
0.752941176470588
0.749019607843137
0.749019607843137
0.752941176470588
0.749019607843137
0.745098039215686
0.745098039215686
0.745098039215686
0.745098039215686
0.741176470588235
0.741176470588235
0.741176470588235
0.741176470588235
0.733333333333333
0.733333333333333
0.733333333333333
0.737254901960784
0.737254901960784
0.764705882352941
0.768627450980392
0.768627450980392
0.768627450980392
0.772549019607843
0.772549019607843
0.772549019607843
0.764705882352941
0.764705882352941
0.768627450980392
0.768627450980392
0.764705882352941
0.764705882352941
0.764705882352941
0.764705882352941
0.76078431372549
0.76078431372549
0.764705882352941
0.764705882352941
0.756862745098039
0.756862745098039
0.756862745098039
0.756862745098039
0.752941176470588
0.752941176470588
0.752941176470588
0.752941176470588
0.752941176470588
0.749019607843137
0.745098039215686
0.745098039215686
0.741176470588235
0.741176470588235
0.741176470588235
0.741176470588235
0.741176470588235
0.737254901960784
0.737254901960784
0.737254901960784
0.733333333333333
0.733333333333333
0.729411764705882
0.729411764705882
0.729411764705882
0.729411764705882
0.725490196078431
0.729411764705882
0.729411764705882
0.764705882352941
0.768627450980392
0.768627450980392
0.768627450980392
0.768627450980392
0.768627450980392
0.768627450980392
0.764705882352941
0.764705882352941
0.764705882352941
0.768627450980392
0.761254901960784
0.764705882352941
0.76078431372549
0.76078431372549
0.756862745098039
0.752941176470588
0.756862745098039
0.756862745098039
0.752941176470588
0.752941176470588
0.752941176470588
0.752941176470588
0.745098039215686
0.745450980392157
0.745098039215686
0.745098039215686
0.741176470588235
0.741176470588235
0.733333333333333
0.733333333333333
0.733333333333333
0.729411764705882
0.733333333333333
0.733333333333333
0.729411764705882
0.729411764705882
0.725490196078431
0.725490196078431
0.725490196078431
0.725490196078431
0.72156862745098
0.72156862745098
0.717647058823529
0.717647058823529
0.717647058823529
0.717647058823529
0.717647058823529
0.764705882352941
0.772549019607843
0.768627450980392
0.768627450980392
0.768627450980392
0.768627450980392
0.768627450980392
0.764705882352941
0.76078431372549
0.76078431372549
0.764705882352941
0.76078431372549
0.76078431372549
0.757333333333333
0.756862745098039
0.752941176470588
0.752941176470588
0.752941176470588
0.752941176470588
0.749019607843137
0.749019607843137
0.745098039215686
0.745098039215686
0.745098039215686
0.745098039215686
0.741176470588235
0.737254901960784
0.737254901960784
0.737254901960784
0.729411764705882
0.729411764705882
0.729411764705882
0.729411764705882
0.725490196078431
0.725490196078431
0.72156862745098
0.72156862745098
0.717647058823529
0.713725490196078
0.713725490196078
0.713725490196078
0.709803921568627
0.709803921568627
0.705882352941177
0.705882352941177
0.705882352941177
0.705882352941177
0.705882352941177
0.768627450980392
0.772549019607843
0.768627450980392
0.768627450980392
0.768627450980392
0.764705882352941
0.764705882352941
0.764705882352941
0.76078431372549
0.76078431372549
0.76078431372549
0.756862745098039
0.753411764705882
0.752941176470588
0.752941176470588
0.752941176470588
0.749019607843137
0.749019607843137
0.749019607843137
0.745098039215686
0.745098039215686
0.737254901960784
0.737254901960784
0.737254901960784
0.737254901960784
0.733333333333333
0.729411764705882
0.729411764705882
0.725490196078431
0.72156862745098
0.717647058823529
0.717647058823529
0.717647058823529
0.714196078431373
0.713725490196078
0.713725490196078
0.713725490196078
0.709803921568627
0.705882352941177
0.705882352941177
0.705882352941177
0.701960784313725
0.701960784313725
0.698039215686274
0.698039215686274
0.698039215686274
0.698039215686274
0.698039215686274
0.764705882352941
0.768627450980392
0.768627450980392
0.768627450980392
0.764705882352941
0.764705882352941
0.768627450980392
0.76078431372549
0.756862745098039
0.756862745098039
0.76078431372549
0.756862745098039
0.752941176470588
0.752941176470588
0.752941176470588
0.745098039215686
0.741176470588235
0.741176470588235
0.745098039215686
0.737254901960784
0.737254901960784
0.737254901960784
0.733803921568628
0.729411764705882
0.725490196078431
0.725490196078431
0.72156862745098
0.72156862745098
0.72156862745098
0.713725490196078
0.709803921568627
0.713725490196078
0.713725490196078
0.709803921568627
0.705882352941177
0.709803921568627
0.706352941176471
0.701960784313725
0.701960784313725
0.698980392156863
0.701960784313725
0.694117647058824
0.694117647058824
0.690196078431373
0.690196078431373
0.694117647058824
0.694117647058824
0.694117647058824
0.76078431372549
0.76078431372549
0.76078431372549
0.764705882352941
0.764705882352941
0.76078431372549
0.76078431372549
0.756862745098039
0.749019607843137
0.749019607843137
0.756862745098039
0.749019607843137
0.749019607843137
0.745098039215686
0.745098039215686
0.741176470588235
0.741176470588235
0.741176470588235
0.741176470588235
0.733333333333333
0.733333333333333
0.729411764705882
0.729411764705882
0.72156862745098
0.721921568627451
0.717647058823529
0.717647058823529
0.717647058823529
0.713725490196078
0.705882352941177
0.705882352941177
0.705882352941177
0.705882352941177
0.698039215686274
0.698039215686274
0.701960784313725
0.698039215686274
0.694117647058824
0.694117647058824
0.694117647058824
0.694117647058824
0.690196078431373
0.690196078431373
0.682352941176471
0.682352941176471
0.686274509803922
0.686274509803922
0.686274509803922
0.752941176470588
0.756862745098039
0.756862745098039
0.752941176470588
0.756862745098039
0.752941176470588
0.752941176470588
0.749019607843137
0.741176470588235
0.737254901960784
0.749019607843137
0.745098039215686
0.741176470588235
0.737254901960784
0.737254901960784
0.733333333333333
0.733333333333333
0.733333333333333
0.733333333333333
0.725490196078431
0.725490196078431
0.72156862745098
0.72156862745098
0.717647058823529
0.717647058823529
0.713725490196078
0.713725490196078
0.709803921568627
0.709803921568627
0.698039215686274
0.698039215686274
0.698039215686274
0.698039215686274
0.694117647058824
0.690196078431373
0.690196078431373
0.690196078431373
0.686745098039216
0.686274509803922
0.682352941176471
0.682352941176471
0.682352941176471
0.682352941176471
0.674509803921569
0.674509803921569
0.67843137254902
0.67843137254902
0.674509803921569
0.745098039215686
0.745098039215686
0.745098039215686
0.745098039215686
0.749019607843137
0.745098039215686
0.745098039215686
0.741176470588235
0.729411764705882
0.729411764705882
0.737254901960784
0.733333333333333
0.733333333333333
0.733333333333333
0.733333333333333
0.725960784313725
0.725490196078431
0.72156862745098
0.72156862745098
0.717647058823529
0.717647058823529
0.713725490196078
0.713725490196078
0.709803921568627
0.709803921568627
0.705882352941177
0.701960784313725
0.701960784313725
0.701960784313725
0.694117647058824
0.690196078431373
0.694117647058824
0.694117647058824
0.686274509803922
0.682352941176471
0.682352941176471
0.682352941176471
0.682352941176471
0.674509803921569
0.674509803921569
0.674509803921569
0.674509803921569
0.674509803921569
0.666666666666667
0.666666666666667
0.670588235294118
0.670588235294118
0.666666666666667
0.729411764705882
0.733333333333333
0.733333333333333
0.733333333333333
0.733333333333333
0.733333333333333
0.733333333333333
0.729411764705882
0.713725490196078
0.717647058823529
0.729411764705882
0.72156862745098
0.72156862745098
0.72156862745098
0.72156862745098
0.717647058823529
0.717647058823529
0.713725490196078
0.713725490196078
0.709803921568627
0.709803921568627
0.705882352941177
0.705882352941177
0.701960784313725
0.701960784313725
0.694117647058824
0.694117647058824
0.694117647058824
0.694117647058824
0.682352941176471
0.682352941176471
0.682352941176471
0.682352941176471
0.67843137254902
0.674509803921569
0.674509803921569
0.674509803921569
0.670588235294118
0.662745098039216
0.662745098039216
0.666666666666667
0.662745098039216
0.662745098039216
0.658823529411765
0.658823529411765
0.662745098039216
0.658823529411765
0.654901960784314
0.717647058823529
0.72156862745098
0.718
0.717647058823529
0.72156862745098
0.717647058823529
0.72156862745098
0.713725490196078
0.701960784313725
0.701960784313725
0.713725490196078
0.709803921568627
0.709803921568627
0.709803921568627
0.705882352941177
0.701960784313725
0.701960784313725
0.701960784313725
0.701960784313725
0.698039215686274
0.698039215686274
0.698039215686274
0.694117647058824
0.694117647058824
0.694117647058824
0.686274509803922
0.686274509803922
0.686274509803922
0.682352941176471
0.674509803921569
0.674509803921569
0.670588235294118
0.674509803921569
0.670588235294118
0.666666666666667
0.662745098039216
0.662745098039216
0.658823529411765
0.655254901960784
0.654901960784314
0.654901960784314
0.650980392156863
0.650980392156863
0.647058823529412
0.647058823529412
0.650980392156863
0.650980392156863
0.647058823529412
0.698039215686274
0.701960784313725
0.701960784313725
0.701960784313725
0.705882352941177
0.705882352941177
0.701960784313725
0.701960784313725
0.682352941176471
0.682352941176471
0.698039215686274
0.694117647058824
0.694117647058824
0.690196078431373
0.690196078431373
0.690196078431373
0.690196078431373
0.686745098039216
0.686274509803922
0.682352941176471
0.682352941176471
0.682352941176471
0.682352941176471
0.67843137254902
0.67843137254902
0.674509803921569
0.670588235294118
0.670588235294118
0.670588235294118
0.662745098039216
0.662745098039216
0.654901960784314
0.654901960784314
0.654901960784314
0.650980392156863
0.650980392156863
0.650980392156863
0.650980392156863
0.647058823529412
0.643137254901961
0.643137254901961
0.643137254901961
0.643137254901961
0.63921568627451
0.63921568627451
0.643137254901961
0.643137254901961
0.635294117647059
0.67843137254902
0.682352941176471
0.682352941176471
0.686274509803922
0.690196078431373
0.682352941176471
0.682352941176471
0.682352941176471
0.662745098039216
0.666666666666667
0.682352941176471
0.67843137254902
0.67843137254902
0.674509803921569
0.674509803921569
0.670588235294118
0.670588235294118
0.670588235294118
0.670588235294118
0.670588235294118
0.670588235294118
0.666666666666667
0.666666666666667
0.662745098039216
0.666666666666667
0.658823529411765
0.658823529411765
0.658823529411765
0.658823529411765
0.650980392156863
0.650980392156863
0.647058823529412
0.647058823529412
0.643137254901961
0.643137254901961
0.63921568627451
0.63921568627451
0.63921568627451
0.635294117647059
0.631372549019608
0.631372549019608
0.631372549019608
0.631372549019608
0.627450980392157
0.627450980392157
0.631372549019608
0.631372549019608
0.627450980392157
0.662745098039216
0.66321568627451
0.662745098039216
0.662745098039216
0.670588235294118
0.666666666666667
0.666666666666667
0.662745098039216
0.643137254901961
0.647058823529412
0.666666666666667
0.658823529411765
0.658823529411765
0.658823529411765
0.658823529411765
0.654901960784314
0.654901960784314
0.654901960784314
0.654901960784314
0.650980392156863
0.654901960784314
0.650980392156863
0.650980392156863
0.647058823529412
0.647058823529412
0.643137254901961
0.643137254901961
0.643137254901961
0.643137254901961
0.635294117647059
0.631372549019608
0.631372549019608
0.631372549019608
0.631372549019608
0.627450980392157
0.627450980392157
0.627450980392157
0.627450980392157
0.623529411764706
0.619607843137255
0.619607843137255
0.623529411764706
0.623529411764706
0.619607843137255
0.619607843137255
0.619607843137255
0.615686274509804
0.615686274509804
0.63921568627451
0.647058823529412
0.643137254901961
0.643137254901961
0.650980392156863
0.647058823529412
0.647058823529412
0.643137254901961
0.623529411764706
0.627450980392157
0.647058823529412
0.63921568627451
0.63921568627451
0.63921568627451
0.63921568627451
0.63921568627451
0.63921568627451
0.635294117647059
0.635294117647059
0.635294117647059
0.635294117647059
0.635294117647059
0.631372549019608
0.631372549019608
0.631372549019608
0.627450980392157
0.627450980392157
0.627450980392157
0.627450980392157
0.623529411764706
0.619607843137255
0.615686274509804
0.615686274509804
0.615686274509804
0.615686274509804
0.615686274509804
0.615686274509804
0.612235294117647
0.611764705882353
0.607843137254902
0.607843137254902
0.607843137254902
0.607843137254902
0.607843137254902
0.607843137254902
0.607843137254902
0.607843137254902
0.607843137254902
0.623529411764706
0.627450980392157
0.623529411764706
0.623529411764706
0.631372549019608
0.627450980392157
0.627450980392157
0.623529411764706
0.603921568627451
0.611764705882353
0.627450980392157
0.623529411764706
0.623529411764706
0.623529411764706
0.623529411764706
0.619607843137255
0.619607843137255
0.619607843137255
0.623529411764706
0.615686274509804
0.615686274509804
0.619607843137255
0.619607843137255
0.615686274509804
0.615686274509804
0.611764705882353
0.611764705882353
0.611764705882353
0.611764705882353
0.607843137254902
0.607843137254902
0.6
0.6
0.603921568627451
0.603921568627451
0.603921568627451
0.6
0.603921568627451
0.6
0.6
0.6
0.596078431372549
0.6
0.596078431372549
0.592156862745098
0.592156862745098
0.592156862745098
0.592156862745098
0.603921568627451
0.607843137254902
0.607843137254902
0.607843137254902
0.611764705882353
0.611764705882353
0.607843137254902
0.607843137254902
0.592156862745098
0.596078431372549
0.607843137254902
0.603921568627451
0.603921568627451
0.607843137254902
0.607843137254902
0.603921568627451
0.603921568627451
0.607843137254902
0.607843137254902
0.603921568627451
0.603921568627451
0.603921568627451
0.603921568627451
0.6
0.6
0.6
0.6
0.596549019607843
0.596078431372549
0.592156862745098
0.592156862745098
0.588235294117647
0.588235294117647
0.588235294117647
0.588235294117647
0.592156862745098
0.592156862745098
0.588235294117647
0.588235294117647
0.584313725490196
0.584313725490196
0.584313725490196
0.584313725490196
0.580392156862745
0.580392156862745
0.584313725490196
0.584313725490196
0.584313725490196
0.588235294117647
0.592156862745098
0.592156862745098
0.592156862745098
0.596078431372549
0.596078431372549
0.596078431372549
0.592156862745098
0.584313725490196
0.584313725490196
0.596078431372549
0.592156862745098
0.592156862745098
0.592156862745098
0.592156862745098
0.588235294117647
0.588235294117647
0.592156862745098
0.592156862745098
0.588235294117647
0.588235294117647
0.588235294117647
0.588235294117647
0.588235294117647
0.588235294117647
0.584313725490196
0.584313725490196
0.584313725490196
0.584313725490196
0.580392156862745
0.580392156862745
0.580392156862745
0.580392156862745
0.576470588235294
0.576470588235294
0.580392156862745
0.576470588235294
0.576470588235294
0.576470588235294
0.576470588235294
0.576470588235294
0.576470588235294
0.576470588235294
0.572549019607843
0.572549019607843
0.572549019607843
0.572549019607843
0.572549019607843
0.580392156862745
0.584313725490196
0.584313725490196
0.584313725490196
0.588235294117647
0.588235294117647
0.588235294117647
0.584313725490196
0.572549019607843
0.576470588235294
0.584313725490196
0.580392156862745
0.580392156862745
0.580392156862745
0.580392156862745
0.580392156862745
0.576470588235294
0.580392156862745
0.580392156862745
0.576470588235294
0.572549019607843
0.572549019607843
0.580392156862745
0.576470588235294
0.572549019607843
0.572549019607843
0.572549019607843
0.572549019607843
0.572549019607843
0.568627450980392
0.568627450980392
0.568627450980392
0.568627450980392
0.564705882352941
0.564705882352941
0.568627450980392
0.565176470588235
0.56078431372549
0.56078431372549
0.561137254901961
0.564705882352941
0.556862745098039
0.556862745098039
0.56078431372549
0.56078431372549
0.556862745098039
0.556862745098039
0.56078431372549
0.572549019607843
0.576470588235294
0.576470588235294
0.576470588235294
0.580392156862745
0.580392156862745
0.580392156862745
0.572549019607843
0.568627450980392
0.568627450980392
0.576470588235294
0.568627450980392
0.568627450980392
0.572549019607843
0.572549019607843
0.568627450980392
0.568627450980392
0.568627450980392
0.568627450980392
0.564705882352941
0.564705882352941
0.565176470588235
0.568627450980392
0.564705882352941
0.564705882352941
0.564705882352941
0.564705882352941
0.56078431372549
0.56078431372549
0.556862745098039
0.556862745098039
0.556862745098039
0.552941176470588
0.552941176470588
0.552941176470588
0.556862745098039
0.556862745098039
0.549019607843137
0.552941176470588
0.552941176470588
0.552941176470588
0.549019607843137
0.549019607843137
0.545098039215686
0.545098039215686
0.545450980392157
0.549019607843137
0.545098039215686
0.564705882352941
0.568627450980392
0.572549019607843
0.572549019607843
0.572549019607843
0.572549019607843
0.572549019607843
0.568627450980392
0.556862745098039
0.552941176470588
0.568627450980392
0.56078431372549
0.56078431372549
0.564705882352941
0.564705882352941
0.56078431372549
0.56078431372549
0.56078431372549
0.56078431372549
0.56078431372549
0.556862745098039
0.556862745098039
0.556862745098039
0.556862745098039
0.556862745098039
0.552941176470588
0.552941176470588
0.556862745098039
0.552941176470588
0.545098039215686
0.545098039215686
0.549019607843137
0.549019607843137
0.545098039215686
0.545098039215686
0.545098039215686
0.545098039215686
0.541176470588235
0.537254901960784
0.537254901960784
0.537254901960784
0.537254901960784
0.537254901960784
0.533333333333333
0.533333333333333
0.533333333333333
0.533333333333333
0.529411764705882
0.556862745098039
0.556862745098039
0.556862745098039
0.556862745098039
0.56078431372549
0.556862745098039
0.556862745098039
0.556862745098039
0.537254901960784
0.537254901960784
0.552941176470588
0.549019607843137
0.549019607843137
0.549019607843137
0.549019607843137
0.549019607843137
0.549019607843137
0.549019607843137
0.549019607843137
0.549019607843137
0.549019607843137
0.549019607843137
0.549019607843137
0.545098039215686
0.545098039215686
0.541176470588235
0.541176470588235
0.545098039215686
0.545098039215686
0.533333333333333
0.533333333333333
0.533803921568627
0.537254901960784
0.533333333333333
0.529411764705882
0.529411764705882
0.529411764705882
0.525490196078431
0.52156862745098
0.52156862745098
0.525490196078431
0.52156862745098
0.52156862745098
0.517647058823529
0.517647058823529
0.517647058823529
0.517647058823529
0.517647058823529
