0.866666666666667
0.870588235294118
0.870588235294118
0.870588235294118
0.870588235294118
0.870588235294118
0.870588235294118
0.870588235294118
0.866666666666667
0.866666666666667
0.867137254901961
0.870588235294118
0.866666666666667
0.866666666666667
0.870588235294118
0.866666666666667
0.866666666666667
0.866666666666667
0.866666666666667
0.866666666666667
0.866666666666667
0.866666666666667
0.866666666666667
0.862745098039216
0.862745098039216
0.866666666666667
0.866666666666667
0.862745098039216
0.862745098039216
0.862745098039216
0.862745098039216
0.858823529411765
0.858823529411765
0.858823529411765
0.858823529411765
0.858823529411765
0.858823529411765
0.858823529411765
0.858823529411765
0.854901960784314
0.854901960784314
0.854901960784314
0.854901960784314
0.854901960784314
0.854901960784314
0.854901960784314
0.854901960784314
0.854901960784314
0.866666666666667
0.866666666666667
0.866666666666667
0.866666666666667
0.870588235294118
0.866666666666667
0.870588235294118
0.866666666666667
0.866666666666667
0.866666666666667
0.866666666666667
0.866666666666667
0.866666666666667
0.866666666666667
0.866666666666667
0.862745098039216
0.862745098039216
0.866666666666667
0.866666666666667
0.862745098039216
0.862745098039216
0.862745098039216
0.862745098039216
0.858823529411765
0.862745098039216
0.862745098039216
0.862745098039216
0.858823529411765
0.858823529411765
0.858823529411765
0.858823529411765
0.854901960784314
0.854901960784314
0.854901960784314
0.854901960784314
0.854901960784314
0.854901960784314
0.854901960784314
0.854901960784314
0.850980392156863
0.850980392156863
0.850980392156863
0.850980392156863
0.850980392156863
0.850980392156863
0.850980392156863
0.850980392156863
0.850980392156863
0.866666666666667
0.866666666666667
0.866666666666667
0.866666666666667
0.866666666666667
0.866666666666667
0.866666666666667
0.866666666666667
0.866666666666667
0.862745098039216
0.866666666666667
0.862745098039216
0.86321568627451
0.862745098039216
0.862745098039216
0.862745098039216
0.862745098039216
0.862745098039216
0.862745098039216
0.858823529411765
0.859294117647059
0.858823529411765
0.862745098039216
0.858823529411765
0.858823529411765
0.858823529411765
0.858823529411765
0.854901960784314
0.854901960784314
0.851450980392157
0.851450980392157
0.850980392156863
0.850980392156863
0.850980392156863
0.850980392156863
0.850980392156863
0.850980392156863
0.850980392156863
0.850980392156863
0.847058823529412
0.847058823529412
0.847058823529412
0.847058823529412
0.847058823529412
0.847058823529412
0.847058823529412
0.847058823529412
0.847058823529412
0.866666666666667
0.866666666666667
0.866666666666667
0.866666666666667
0.866666666666667
0.866666666666667
0.866666666666667
0.862745098039216
0.862745098039216
0.862745098039216
0.866666666666667
0.862745098039216
0.862745098039216
0.862745098039216
0.862745098039216
0.858823529411765
0.858823529411765
0.858823529411765
0.858823529411765
0.858823529411765
0.858823529411765
0.858823529411765
0.858823529411765
0.855372549019608
0.858823529411765
0.854901960784314
0.854901960784314
0.854901960784314
0.850980392156863
0.850980392156863
0.850980392156863
0.850980392156863
0.850980392156863
0.850980392156863
0.847058823529412
0.847058823529412
0.847058823529412
0.847058823529412
0.847058823529412
0.843137254901961
0.843137254901961
0.843137254901961
0.843137254901961
0.83921568627451
0.83921568627451
0.83921568627451
0.83921568627451
0.843137254901961
0.866666666666667
0.866666666666667
0.866666666666667
0.866666666666667
0.866666666666667
0.866666666666667
0.866666666666667
0.866666666666667
0.862745098039216
0.862745098039216
0.862745098039216
0.862745098039216
0.862745098039216
0.862745098039216
0.858823529411765
0.858823529411765
0.858823529411765
0.858823529411765
0.858823529411765
0.858823529411765
0.858823529411765
0.854901960784314
0.854901960784314
0.854901960784314
0.854901960784314
0.850980392156863
0.850980392156863
0.850980392156863
0.850980392156863
0.847058823529412
0.847058823529412
0.847058823529412
0.847058823529412
0.843137254901961
0.843137254901961
0.843137254901961
0.843137254901961
0.843137254901961
0.83921568627451
0.83921568627451
0.843137254901961
0.83921568627451
0.83921568627451
0.835294117647059
0.835294117647059
0.83921568627451
0.83921568627451
0.835294117647059
0.866666666666667
0.866666666666667
0.866666666666667
0.866666666666667
0.866666666666667
0.866666666666667
0.866666666666667
0.862745098039216
0.862745098039216
0.862745098039216
0.86321568627451
0.862745098039216
0.862745098039216
0.859294117647059
0.858823529411765
0.858823529411765
0.854901960784314
0.854901960784314
0.858823529411765
0.854901960784314
0.854901960784314
0.854901960784314
0.851450980392157
0.850980392156863
0.850980392156863
0.847058823529412
0.847058823529412
0.847058823529412
0.847058823529412
0.843137254901961
0.843137254901961
0.843137254901961
0.843137254901961
0.843137254901961
0.843137254901961
0.843137254901961
0.843137254901961
0.83921568627451
0.83921568627451
0.83921568627451
0.83921568627451
0.835294117647059
0.835294117647059
0.835294117647059
0.835294117647059
0.835294117647059
0.835294117647059
0.835294117647059
0.86321568627451
0.866666666666667
0.866666666666667
0.866666666666667
0.866666666666667
0.866666666666667
0.866666666666667
0.862745098039216
0.858823529411765
0.858823529411765
0.862745098039216
0.858823529411765
0.858823529411765
0.858823529411765
0.858823529411765
0.854901960784314
0.854901960784314
0.854901960784314
0.854901960784314
0.850980392156863
0.850980392156863
0.850980392156863
0.850980392156863
0.847058823529412
0.847058823529412
0.847058823529412
0.847058823529412
0.847058823529412
0.847058823529412
0.843137254901961
0.843137254901961
0.843137254901961
0.83921568627451
0.83921568627451
0.83921568627451
0.83921568627451
0.83921568627451
0.835294117647059
0.835294117647059
0.835294117647059
0.835294117647059
0.831843137254902
0.835294117647059
0.831372549019608
0.831372549019608
0.831372549019608
0.831372549019608
0.831372549019608
0.862745098039216
0.862745098039216
0.862745098039216
0.862745098039216
0.862745098039216
0.862745098039216
0.862745098039216
0.858823529411765
0.858823529411765
0.854901960784314
0.858823529411765
0.858823529411765
0.858823529411765
0.854901960784314
0.854901960784314
0.854901960784314
0.850980392156863
0.850980392156863
0.854901960784314
0.850980392156863
0.850980392156863
0.847058823529412
0.847058823529412
0.847058823529412
0.847058823529412
0.843137254901961
0.843137254901961
0.843137254901961
0.843137254901961
0.83921568627451
0.83921568627451
0.83921568627451
0.83921568627451
0.835294117647059
0.835294117647059
0.835294117647059
0.835294117647059
0.835294117647059
0.831372549019608
0.831372549019608
0.831372549019608
0.831372549019608
0.831372549019608
0.827450980392157
0.827450980392157
0.831372549019608
0.831372549019608
0.827450980392157
0.858823529411765
0.858823529411765
0.858823529411765
0.858823529411765
0.858823529411765
0.858823529411765
0.858823529411765
0.858823529411765
0.854901960784314
0.850980392156863
0.854901960784314
0.854901960784314
0.854901960784314
0.854901960784314
0.854901960784314
0.850980392156863
0.850980392156863
0.850980392156863
0.850980392156863
0.847058823529412
0.847058823529412
0.847058823529412
0.847058823529412
0.843137254901961
0.843137254901961
0.843137254901961
0.83921568627451
0.83921568627451
0.83921568627451
0.835294117647059
0.835294117647059
0.835294117647059
0.835294117647059
0.835294117647059
0.831372549019608
0.831372549019608
0.831372549019608
0.831372549019608
0.827450980392157
0.827450980392157
0.827450980392157
0.827450980392157
0.827450980392157
0.823529411764706
0.827450980392157
0.827450980392157
0.827450980392157
0.824
0.854901960784314
0.854901960784314
0.854901960784314
0.854901960784314
0.854901960784314
0.854901960784314
0.854901960784314
0.850980392156863
0.847058823529412
0.847058823529412
0.850980392156863
0.850980392156863
0.850980392156863
0.847058823529412
0.847058823529412
0.847058823529412
0.847058823529412
0.847058823529412
0.847058823529412
0.843137254901961
0.843137254901961
0.843137254901961
0.843137254901961
0.83921568627451
0.83921568627451
0.83921568627451
0.83921568627451
0.835294117647059
0.835294117647059
0.831372549019608
0.831372549019608
0.831372549019608
0.831372549019608
0.831372549019608
0.827450980392157
0.827450980392157
0.827450980392157
0.827450980392157
0.823529411764706
0.823529411764706
0.823529411764706
0.823529411764706
0.823529411764706
0.823529411764706
0.823529411764706
0.823529411764706
0.823529411764706
0.823529411764706
0.847058823529412
0.850980392156863
0.847058823529412
0.847058823529412
0.850980392156863
0.850980392156863
0.850980392156863
0.847058823529412
0.843137254901961
0.843137254901961
0.847058823529412
0.843137254901961
0.843137254901961
0.843137254901961
0.843137254901961
0.843137254901961
0.843137254901961
0.843137254901961
0.83921568627451
0.83921568627451
0.83921568627451
0.83921568627451
0.83921568627451
0.83921568627451
0.83921568627451
0.835294117647059
0.835294117647059
0.835294117647059
0.831843137254902
0.827450980392157
0.827450980392157
0.827450980392157
0.827921568627451
0.827450980392157
0.823529411764706
0.823529411764706
0.823529411764706
0.823529411764706
0.823529411764706
0.819607843137255
0.823529411764706
0.819607843137255
0.819607843137255
0.819607843137255
0.819607843137255
0.819607843137255
0.819607843137255
0.815686274509804
0.83921568627451
0.843137254901961
0.843137254901961
0.843137254901961
0.843137254901961
0.843137254901961
0.843137254901961
0.843137254901961
0.835294117647059
0.835294117647059
0.83921568627451
0.83921568627451
0.83921568627451
0.83921568627451
0.83921568627451
0.835294117647059
0.835294117647059
0.835294117647059
0.835294117647059
0.835294117647059
0.835294117647059
0.835294117647059
0.835294117647059
0.831372549019608
0.831372549019608
0.831372549019608
0.827450980392157
0.827450980392157
0.827450980392157
0.823529411764706
0.823529411764706
0.823529411764706
0.823529411764706
0.823529411764706
0.819607843137255
0.819607843137255
0.819607843137255
0.819607843137255
0.819607843137255
0.815686274509804
0.815686274509804
0.815686274509804
0.815686274509804
0.815686274509804
0.815686274509804
0.815686274509804
0.815686274509804
0.815686274509804
0.835294117647059
0.835294117647059
0.835294117647059
0.835294117647059
0.83921568627451
0.835294117647059
0.835294117647059
0.835294117647059
0.827450980392157
0.827450980392157
0.835294117647059
0.831372549019608
0.831372549019608
0.831372549019608
0.831372549019608
0.831372549019608
0.831372549019608
0.831372549019608
0.831372549019608
0.827450980392157
0.827450980392157
0.827450980392157
0.827450980392157
0.827450980392157
0.827450980392157
0.823529411764706
0.823529411764706
0.823529411764706
0.823529411764706
0.819607843137255
0.819607843137255
0.819607843137255
0.819607843137255
0.819607843137255
0.816156862745098
0.815686274509804
0.815686274509804
0.815686274509804
0.815686274509804
0.811764705882353
0.811764705882353
0.811764705882353
0.811764705882353
0.811764705882353
0.811764705882353
0.811764705882353
0.811764705882353
0.811764705882353
0.827450980392157
0.827450980392157
0.827450980392157
0.827450980392157
0.831372549019608
0.827450980392157
0.827450980392157
0.827450980392157
0.819607843137255
0.819607843137255
0.827450980392157
0.827450980392157
0.827450980392157
0.823529411764706
0.823529411764706
0.823529411764706
0.823529411764706
0.823529411764706
0.823529411764706
0.823529411764706
0.823529411764706
0.823529411764706
0.823529411764706
0.819607843137255
0.819607843137255
0.819607843137255
0.819607843137255
0.819607843137255
0.819607843137255
0.815686274509804
0.815686274509804
0.815686274509804
0.815686274509804
0.811764705882353
0.811764705882353
0.811764705882353
0.811764705882353
0.811764705882353
0.811764705882353
0.807843137254902
0.807843137254902
0.811764705882353
0.811764705882353
0.728156862745098
0.807843137254902
0.807843137254902
0.807843137254902
0.807843137254902
0.819607843137255
0.819607843137255
0.819607843137255
0.819607843137255
0.823529411764706
0.823529411764706
0.823529411764706
0.819607843137255
0.811764705882353
0.815686274509804
0.819607843137255
0.819607843137255
0.819607843137255
0.819607843137255
0.819607843137255
0.819607843137255
0.815686274509804
0.815686274509804
0.815686274509804
0.815686274509804
0.815686274509804
0.815686274509804
0.815686274509804
0.815686274509804
0.815686274509804
0.811764705882353
0.811764705882353
0.811764705882353
0.811764705882353
0.811764705882353
0.811764705882353
0.807843137254902
0.807843137254902
0.807843137254902
0.807843137254902
0.807843137254902
0.807843137254902
0.807843137254902
0.807843137254902
0.803921568627451
0.803921568627451
0.803921568627451
0.803921568627451
0.803921568627451
0.803921568627451
0.803921568627451
0.803921568627451
0.803921568627451
0.811764705882353
0.815686274509804
0.811764705882353
0.811764705882353
0.815686274509804
0.815686274509804
0.815686274509804
0.811764705882353
0.807843137254902
0.807843137254902
0.815686274509804
0.811764705882353
0.811764705882353
0.811764705882353
0.811764705882353
0.811764705882353
0.811764705882353
0.811764705882353
0.811764705882353
0.807843137254902
0.811764705882353
0.811764705882353
0.807843137254902
0.807843137254902
0.807843137254902
0.807843137254902
0.807843137254902
0.807843137254902
0.807843137254902
0.803921568627451
0.803921568627451
0.803921568627451
0.803921568627451
0.803921568627451
0.803921568627451
0.803921568627451
0.803921568627451
0.803921568627451
0.803921568627451
0.803921568627451
0.803921568627451
0.800470588235294
0.800470588235294
0.8
0.8
0.8
0.8
0.8
0.803921568627451
0.807843137254902
0.807843137254902
0.807843137254902
0.807843137254902
0.807843137254902
0.807843137254902
0.807843137254902
0.8
0.803921568627451
0.807843137254902
0.807843137254902
0.807843137254902
0.807843137254902
0.807843137254902
0.803921568627451
0.803921568627451
0.807843137254902
0.807843137254902
0.803921568627451
0.803921568627451
0.803921568627451
0.803921568627451
0.803921568627451
0.803921568627451
0.803921568627451
0.803921568627451
0.803921568627451
0.803921568627451
0.8
0.8
0.8
0.8
0.8
0.8
0.8
0.8
0.8
0.8
0.796078431372549
0.796078431372549
0.796078431372549
0.796078431372549
0.796078431372549
0.796078431372549
0.796078431372549
0.796078431372549
0.796078431372549
0.8
0.803921568627451
0.8
0.8
0.803921568627451
0.803921568627451
0.803921568627451
0.8
0.8
0.8
0.803921568627451
0.8
0.8
0.8
0.8
0.8
0.8
0.8
0.8
0.8
0.8
0.8
0.8
0.8
0.8
0.8
0.796549019607843
0.8
0.796078431372549
0.796078431372549
0.796078431372549
0.796078431372549
0.796078431372549
0.796078431372549
0.792156862745098
0.796078431372549
0.796078431372549
0.796078431372549
0.796078431372549
0.796078431372549
0.796078431372549
0.796078431372549
0.796078431372549
0.792156862745098
0.792156862745098
0.792156862745098
0.792156862745098
0.792156862745098
0.8
0.8
0.8
0.8
0.8
0.8
0.8
0.8
0.796078431372549
0.796078431372549
0.8
0.796078431372549
0.796078431372549
0.796078431372549
0.8
0.796078431372549
0.796078431372549
0.796078431372549
0.796078431372549
0.796078431372549
0.796078431372549
0.796078431372549
0.796078431372549
0.796078431372549
0.796078431372549
0.796078431372549
0.796078431372549
0.796078431372549
0.792156862745098
0.792156862745098
0.792156862745098
0.792156862745098
0.792156862745098
0.792156862745098
0.792156862745098
0.792156862745098
0.792156862745098
0.788235294117647
0.788235294117647
0.792156862745098
0.792156862745098
0.788235294117647
0.788235294117647
0.788235294117647
0.788235294117647
0.788235294117647
0.788235294117647
0.788235294117647
0.796078431372549
0.8
0.8
0.8
0.8
0.8
0.8
0.796078431372549
0.796078431372549
0.796078431372549
0.8
0.796078431372549
0.796078431372549
0.796078431372549
0.796078431372549
0.792156862745098
0.792156862745098
0.796078431372549
0.796078431372549
0.792156862745098
0.792156862745098
0.792156862745098
0.792156862745098
0.792156862745098
0.792156862745098
0.792156862745098
0.792156862745098
0.792156862745098
0.792156862745098
0.788235294117647
0.788235294117647
0.788235294117647
0.788235294117647
0.788235294117647
0.788235294117647
0.788235294117647
0.788235294117647
0.788235294117647
0.788235294117647
0.788235294117647
0.788235294117647
0.784313725490196
0.784313725490196
0.784313725490196
0.784313725490196
0.784313725490196
0.784901960784314
0.784313725490196
0.796078431372549
0.796078431372549
0.796078431372549
0.796078431372549
0.796078431372549
0.796078431372549
0.796078431372549
0.796078431372549
0.792156862745098
0.792156862745098
0.796078431372549
0.792156862745098
0.792156862745098
0.792156862745098
0.796078431372549
0.792156862745098
0.792156862745098
0.792156862745098
0.792156862745098
0.792156862745098
0.792156862745098
0.792156862745098
0.792156862745098
0.792156862745098
0.788235294117647
0.788235294117647
0.788235294117647
0.788235294117647
0.788235294117647
0.788235294117647
0.788235294117647
0.784313725490196
0.784313725490196
0.784313725490196
0.788235294117647
0.784313725490196
0.788235294117647
0.784313725490196
0.784313725490196
0.784313725490196
0.784313725490196
0.784313725490196
0.780392156862745
0.780392156862745
0.780392156862745
0.780392156862745
0.780392156862745
0.780392156862745
0.792156862745098
0.792156862745098
0.792156862745098
0.792156862745098
0.792156862745098
0.792156862745098
0.792156862745098
0.792156862745098
0.788235294117647
0.784313725490196
0.792156862745098
0.788235294117647
0.792156862745098
0.792156862745098
0.788235294117647
0.788235294117647
0.788235294117647
0.788235294117647
0.788235294117647
0.788235294117647
0.788235294117647
0.788235294117647
0.788235294117647
0.788235294117647
0.788235294117647
0.788235294117647
0.788235294117647
0.788235294117647
0.788235294117647
0.784313725490196
0.784313725490196
0.784313725490196
0.784313725490196
0.784313725490196
0.780392156862745
0.780392156862745
0.780392156862745
0.780392156862745
0.776941176470588
0.780392156862745
0.780392156862745
0.780392156862745
0.776470588235294
0.776470588235294
0.776470588235294
0.776470588235294
0.776470588235294
0.776470588235294
