0.921921568627451
0.925490196078431
0.929411764705882
0.925490196078431
0.92156862745098
0.929411764705882
0.925490196078431
0.925490196078431
0.92156862745098
0.92156862745098
0.92156862745098
0.925490196078431
0.925490196078431
0.925490196078431
0.92156862745098
0.92156862745098
0.92156862745098
0.917647058823529
0.913725490196078
0.913725490196078
0.913725490196078
0.909803921568627
0.909803921568627
0.914196078431373
0.913725490196078
0.909803921568627
0.909803921568627
0.909803921568627
0.901960784313726
0.905882352941176
0.898039215686275
0.901960784313726
0.901960784313726
0.898039215686275
0.894117647058824
0.898039215686275
0.890549019607843
0.890666666666667
0.886274509803922
0.886274509803922
0.886274509803922
0.882705882352941
0.87843137254902
0.87843137254902
0.87843137254902
0.882352941176471
0.882352941176471
0.882352941176471
0.914078431372549
0.917647058823529
0.925490196078431
0.925490196078431
0.92156862745098
0.922039215686274
0.913725490196078
0.92156862745098
0.917647058823529
0.913725490196078
0.913725490196078
0.917647058823529
0.917647058823529
0.917647058823529
0.909803921568627
0.917647058823529
0.913725490196078
0.913725490196078
0.905882352941176
0.909803921568627
0.905882352941176
0.901960784313726
0.901960784313726
0.905882352941176
0.901960784313726
0.898039215686275
0.898039215686275
0.894117647058824
0.890196078431372
0.894117647058824
0.890196078431372
0.890196078431372
0.890196078431372
0.886274509803922
0.882352941176471
0.882352941176471
0.882352941176471
0.874980392156863
0.874509803921569
0.870588235294118
0.870588235294118
0.874509803921569
0.870588235294118
0.870588235294118
0.870588235294118
0.870588235294118
0.871058823529412
0.874509803921569
0.917647058823529
0.917647058823529
0.917647058823529
0.92156862745098
0.917647058823529
0.92156862745098
0.913725490196078
0.917647058823529
0.913725490196078
0.909803921568627
0.910156862745098
0.913725490196078
0.909803921568627
0.909803921568627
0.898039215686275
0.905882352941176
0.905882352941176
0.905882352941176
0.898039215686275
0.901960784313726
0.901960784313726
0.894117647058824
0.894117647058824
0.890666666666667
0.890196078431372
0.886274509803922
0.886274509803922
0.886274509803922
0.87843137254902
0.882352941176471
0.874509803921569
0.87843137254902
0.87843137254902
0.874509803921569
0.870588235294118
0.870588235294118
0.866666666666667
0.866666666666667
0.862745098039216
0.858823529411765
0.858823529411765
0.862745098039216
0.854901960784314
0.854901960784314
0.854901960784314
0.858823529411765
0.854901960784314
0.854901960784314
0.92156862745098
0.92156862745098
0.92156862745098
0.917647058823529
0.917647058823529
0.92156862745098
0.913725490196078
0.913725490196078
0.905882352941176
0.905882352941176
0.909803921568627
0.905882352941176
0.905882352941176
0.905882352941176
0.898039215686275
0.898039215686275
0.898039215686275
0.898039215686275
0.894117647058824
0.894117647058824
0.894117647058824
0.886274509803922
0.886274509803922
0.886274509803922
0.882352941176471
0.87843137254902
0.882352941176471
0.87843137254902
0.870588235294118
0.870588235294118
0.870588235294118
0.866666666666667
0.862745098039216
0.862745098039216
0.858823529411765
0.854901960784314
0.854901960784314
0.850980392156863
0.847058823529412
0.843137254901961
0.843137254901961
0.847058823529412
0.835294117647059
0.83921568627451
0.83921568627451
0.83921568627451
0.83921568627451
0.83921568627451
0.917647058823529
0.913725490196078
0.917647058823529
0.913725490196078
0.913725490196078
0.917647058823529
0.909803921568627
0.909803921568627
0.905882352941176
0.905882352941176
0.901960784313726
0.901960784313726
0.898039215686275
0.901960784313726
0.894117647058824
0.894117647058824
0.890196078431372
0.894117647058824
0.886274509803922
0.882352941176471
0.87878431372549
0.87843137254902
0.87843137254902
0.874509803921569
0.870588235294118
0.866666666666667
0.866666666666667
0.862745098039216
0.854901960784314
0.855254901960784
0.850980392156863
0.850980392156863
0.850980392156863
0.850980392156863
0.847058823529412
0.843137254901961
0.843137254901961
0.83921568627451
0.83921568627451
0.835294117647059
0.831725490196078
0.827450980392157
0.823529411764706
0.827450980392157
0.827450980392157
0.827921568627451
0.823529411764706
0.823529411764706
0.909803921568627
0.914078431372549
0.913725490196078
0.909803921568627
0.913725490196078
0.917647058823529
0.905882352941176
0.905882352941176
0.898039215686275
0.894117647058824
0.898039215686275
0.894117647058824
0.894117647058824
0.890196078431372
0.886274509803922
0.882352941176471
0.886274509803922
0.882352941176471
0.874862745098039
0.874509803921569
0.874509803921569
0.866666666666667
0.866666666666667
0.858823529411765
0.858823529411765
0.854901960784314
0.854901960784314
0.847529411764706
0.843137254901961
0.847058823529412
0.843137254901961
0.83956862745098
0.83921568627451
0.83921568627451
0.83921568627451
0.835294117647059
0.831372549019608
0.831372549019608
0.827450980392157
0.827450980392157
0.819607843137255
0.819607843137255
0.815686274509804
0.823529411764706
0.815686274509804
0.819607843137255
0.815686274509804
0.815686274509804
0.901960784313726
0.905882352941176
0.905882352941176
0.905882352941176
0.905882352941176
0.905882352941176
0.898039215686275
0.898039215686275
0.882352941176471
0.882352941176471
0.886274509803922
0.890196078431372
0.886274509803922
0.886274509803922
0.87843137254902
0.87843137254902
0.87843137254902
0.874509803921569
0.866666666666667
0.863098039215686
0.862745098039216
0.862745098039216
0.854901960784314
0.850980392156863
0.850980392156863
0.847058823529412
0.847058823529412
0.843137254901961
0.831372549019608
0.83921568627451
0.835294117647059
0.831372549019608
0.823529411764706
0.827450980392157
0.827450980392157
0.827450980392157
0.819607843137255
0.815686274509804
0.815686274509804
0.811764705882353
0.811764705882353
0.807843137254902
0.803921568627451
0.807843137254902
0.807843137254902
0.807843137254902
0.803921568627451
0.803921568627451
0.894117647058824
0.894117647058824
0.898039215686275
0.894117647058824
0.890196078431372
0.894117647058824
0.886274509803922
0.886274509803922
0.866666666666667
0.866666666666667
0.87843137254902
0.87843137254902
0.870588235294118
0.874509803921569
0.866666666666667
0.862745098039216
0.862745098039216
0.858823529411765
0.854901960784314
0.854901960784314
0.850980392156863
0.847058823529412
0.847058823529412
0.843137254901961
0.83921568627451
0.83921568627451
0.835294117647059
0.835294117647059
0.823529411764706
0.823529411764706
0.819607843137255
0.823529411764706
0.811764705882353
0.811764705882353
0.808196078431373
0.811764705882353
0.807843137254902
0.8
0.8
0.803921568627451
0.8
0.796078431372549
0.792156862745098
0.796078431372549
0.796078431372549
0.796078431372549
0.788235294117647
0.788235294117647
0.874509803921569
0.874509803921569
0.882352941176471
0.87843137254902
0.874509803921569
0.87843137254902
0.874509803921569
0.874509803921569
0.850980392156863
0.850980392156863
0.862745098039216
0.862745098039216
0.862745098039216
0.862745098039216
0.854901960784314
0.854901960784314
0.847058823529412
0.850980392156863
0.843137254901961
0.83921568627451
0.83921568627451
0.835294117647059
0.835294117647059
0.831372549019608
0.827450980392157
0.823529411764706
0.823882352941176
0.823529411764706
0.811764705882353
0.811764705882353
0.811764705882353
0.807843137254902
0.8
0.796549019607843
0.8
0.796078431372549
0.792156862745098
0.788235294117647
0.788235294117647
0.788235294117647
0.784313725490196
0.780392156862745
0.776470588235294
0.784313725490196
0.780392156862745
0.780392156862745
0.776470588235294
0.776470588235294
0.858823529411765
0.858823529411765
0.858823529411765
0.858823529411765
0.858823529411765
0.858823529411765
0.854901960784314
0.854901960784314
0.835294117647059
0.827450980392157
0.843137254901961
0.847058823529412
0.843137254901961
0.843137254901961
0.83921568627451
0.835294117647059
0.835294117647059
0.831725490196078
0.831372549019608
0.823529411764706
0.823529411764706
0.823529411764706
0.819607843137255
0.815686274509804
0.811764705882353
0.807843137254902
0.807843137254902
0.807843137254902
0.796078431372549
0.796078431372549
0.796078431372549
0.796078431372549
0.780745098039216
0.780392156862745
0.784313725490196
0.780392156862745
0.776470588235294
0.768627450980392
0.772549019607843
0.772549019607843
0.768627450980392
0.768627450980392
0.764705882352941
0.768627450980392
0.764705882352941
0.76078431372549
0.756862745098039
0.757333333333333
0.83921568627451
0.83921568627451
0.83921568627451
0.843137254901961
0.835294117647059
0.835294117647059
0.831372549019608
0.83921568627451
0.807843137254902
0.8
0.823529411764706
0.823529411764706
0.823529411764706
0.819607843137255
0.815686274509804
0.819607843137255
0.815686274509804
0.815686274509804
0.811764705882353
0.808313725490196
0.807843137254902
0.807843137254902
0.803921568627451
0.8
0.796078431372549
0.792156862745098
0.792156862745098
0.784313725490196
0.780392156862745
0.780392156862745
0.780392156862745
0.776470588235294
0.768627450980392
0.768627450980392
0.768627450980392
0.761254901960784
0.76078431372549
0.756862745098039
0.756862745098039
0.752941176470588
0.749019607843137
0.749019607843137
0.745098039215686
0.749019607843137
0.749019607843137
0.749019607843137
0.741176470588235
0.741647058823529
0.804274509803922
0.807843137254902
0.811764705882353
0.815686274509804
0.811764705882353
0.811764705882353
0.808196078431373
0.811764705882353
0.776470588235294
0.776470588235294
0.8
0.803921568627451
0.8
0.796078431372549
0.792156862745098
0.796078431372549
0.792156862745098
0.788235294117647
0.788235294117647
0.78478431372549
0.784313725490196
0.784313725490196
0.780392156862745
0.776470588235294
0.776470588235294
0.768627450980392
0.772549019607843
0.768627450980392
0.756862745098039
0.756862745098039
0.752941176470588
0.756862745098039
0.749019607843137
0.749019607843137
0.745098039215686
0.745098039215686
0.745098039215686
0.737254901960784
0.733333333333333
0.733333333333333
0.729411764705882
0.733333333333333
0.729411764705882
0.729411764705882
0.733333333333333
0.729411764705882
0.72156862745098
0.72156862745098
0.776470588235294
0.780392156862745
0.788235294117647
0.788235294117647
0.780392156862745
0.784313725490196
0.780392156862745
0.784313725490196
0.749019607843137
0.749019607843137
0.772549019607843
0.776470588235294
0.768627450980392
0.768627450980392
0.768627450980392
0.768627450980392
0.765058823529412
0.764705882352941
0.764705882352941
0.76078431372549
0.76078431372549
0.756862745098039
0.756862745098039
0.752941176470588
0.752941176470588
0.749019607843137
0.749019607843137
0.745098039215686
0.737254901960784
0.737254901960784
0.733333333333333
0.737254901960784
0.729411764705882
0.729411764705882
0.725490196078431
0.725490196078431
0.72156862745098
0.717647058823529
0.713725490196078
0.713725490196078
0.713725490196078
0.713725490196078
0.709803921568627
0.713725490196078
0.713725490196078
0.713725490196078
0.705882352941177
0.705882352941177
0.749019607843137
0.752941176470588
0.756862745098039
0.752941176470588
0.752941176470588
0.749019607843137
0.749019607843137
0.756862745098039
0.72156862745098
0.717647058823529
0.745098039215686
0.749019607843137
0.741176470588235
0.741176470588235
0.741176470588235
0.737254901960784
0.733686274509804
0.737254901960784
0.737254901960784
0.737254901960784
0.733333333333333
0.729411764705882
0.729411764705882
0.729411764705882
0.725490196078431
0.72156862745098
0.725490196078431
0.721921568627451
0.709803921568627
0.713725490196078
0.709803921568627
0.709803921568627
0.705882352941177
0.705882352941177
0.705882352941177
0.705882352941177
0.705882352941177
0.698039215686274
0.698039215686274
0.694470588235294
0.698039215686274
0.694117647058824
0.690196078431373
0.694117647058824
0.694117647058824
0.694117647058824
0.690196078431373
0.694117647058824
0.717647058823529
0.717647058823529
0.725490196078431
0.725490196078431
0.72156862745098
0.725843137254902
0.72156862745098
0.725490196078431
0.690196078431373
0.686274509803922
0.713725490196078
0.717647058823529
0.713725490196078
0.713725490196078
0.713725490196078
0.709803921568627
0.705882352941177
0.709803921568627
0.709803921568627
0.705882352941177
0.705882352941177
0.701960784313725
0.701960784313725
0.701960784313725
0.698039215686274
0.698039215686274
0.698039215686274
0.698039215686274
0.694117647058824
0.690196078431373
0.686274509803922
0.686274509803922
0.686274509803922
0.686274509803922
0.67878431372549
0.67843137254902
0.67843137254902
0.682352941176471
0.674509803921569
0.67843137254902
0.674509803921569
0.674509803921569
0.670588235294118
0.670588235294118
0.670588235294118
0.674509803921569
0.666666666666667
0.670588235294118
0.690196078431373
0.686274509803922
0.694117647058824
0.694117647058824
0.690196078431373
0.690196078431373
0.686274509803922
0.694117647058824
0.662745098039216
0.658823529411765
0.682352941176471
0.690196078431373
0.686274509803922
0.686274509803922
0.682352941176471
0.682352941176471
0.682352941176471
0.67843137254902
0.67843137254902
0.67843137254902
0.67843137254902
0.674509803921569
0.674509803921569
0.67843137254902
0.674509803921569
0.670588235294118
0.670588235294118
0.670588235294118
0.666666666666667
0.667137254901961
0.654901960784314
0.666666666666667
0.662745098039216
0.662745098039216
0.658823529411765
0.658823529411765
0.658823529411765
0.655254901960784
0.658823529411765
0.654901960784314
0.654901960784314
0.654901960784314
0.650980392156863
0.647411764705882
0.650980392156863
0.647058823529412
0.647058823529412
0.647058823529412
0.658823529411765
0.658823529411765
0.662745098039216
0.662745098039216
0.658823529411765
0.662745098039216
0.654901960784314
0.662745098039216
0.635294117647059
0.635294117647059
0.658823529411765
0.658823529411765
0.658823529411765
0.658823529411765
0.654901960784314
0.654901960784314
0.658823529411765
0.654901960784314
0.654901960784314
0.654901960784314
0.654901960784314
0.647058823529412
0.647058823529412
0.654901960784314
0.647058823529412
0.647058823529412
0.647058823529412
0.647058823529412
0.63921568627451
0.643137254901961
0.635294117647059
0.643137254901961
0.635294117647059
0.63921568627451
0.635294117647059
0.635294117647059
0.635294117647059
0.63921568627451
0.631372549019608
0.631372549019608
0.631372549019608
0.631372549019608
0.623529411764706
0.627450980392157
0.627450980392157
0.627450980392157
0.627450980392157
0.627450980392157
0.627450980392157
0.631372549019608
0.635294117647059
0.63921568627451
0.635294117647059
0.635294117647059
0.627921568627451
0.635294117647059
0.615686274509804
0.615686274509804
0.627450980392157
0.631372549019608
0.627450980392157
0.635294117647059
0.627450980392157
0.631372549019608
0.631372549019608
0.631372549019608
0.627450980392157
0.627803921568627
0.627450980392157
0.623529411764706
0.627450980392157
0.627450980392157
0.619960784313726
0.619607843137255
0.623529411764706
0.623529411764706
0.615686274509804
0.619607843137255
0.615686274509804
0.619607843137255
0.612235294117647
0.615686274509804
0.615686274509804
0.615686274509804
0.615686274509804
0.611764705882353
0.611764705882353
0.611764705882353
0.611764705882353
0.611764705882353
0.607843137254902
0.607843137254902
0.607843137254902
0.607843137254902
0.607843137254902
0.607843137254902
0.611764705882353
0.611764705882353
0.619607843137255
0.615686274509804
0.619607843137255
0.619607843137255
0.611764705882353
0.611764705882353
0.596078431372549
0.596078431372549
0.607843137254902
0.607843137254902
0.607843137254902
0.611764705882353
0.607843137254902
0.607843137254902
0.607843137254902
0.611764705882353
0.607843137254902
0.6
0.6
0.603921568627451
0.603921568627451
0.603921568627451
0.6
0.603921568627451
0.6
0.596078431372549
0.592156862745098
0.6
0.596078431372549
0.596078431372549
0.592156862745098
0.592156862745098
0.596078431372549
0.588235294117647
0.584313725490196
0.588235294117647
0.588235294117647
0.584313725490196
0.580392156862745
0.588235294117647
0.584313725490196
0.588235294117647
0.580392156862745
0.584313725490196
0.580392156862745
0.584313725490196
0.596078431372549
0.596078431372549
0.6
0.6
0.6
0.6
0.592156862745098
0.596078431372549
0.576470588235294
0.576470588235294
0.584313725490196
0.592156862745098
0.588235294117647
0.592156862745098
0.584313725490196
0.584313725490196
0.588235294117647
0.588588235294118
0.584313725490196
0.580392156862745
0.588235294117647
0.584313725490196
0.580392156862745
0.580862745098039
0.584313725490196
0.584313725490196
0.580392156862745
0.576470588235294
0.572549019607843
0.576470588235294
0.568627450980392
0.576470588235294
0.572549019607843
0.572549019607843
0.572549019607843
0.568627450980392
0.564705882352941
0.564705882352941
0.564705882352941
0.564705882352941
0.56078431372549
0.56078431372549
0.556862745098039
0.56078431372549
0.56078431372549
0.56078431372549
0.556862745098039
0.556862745098039
0.580392156862745
0.580392156862745
0.584313725490196
0.580745098039216
0.580392156862745
0.584313725490196
0.580392156862745
0.576470588235294
0.552941176470588
0.552941176470588
0.568627450980392
0.572549019607843
0.572549019607843
0.572549019607843
0.568627450980392
0.568627450980392
0.568627450980392
0.568627450980392
0.568627450980392
0.568627450980392
0.568627450980392
0.56078431372549
0.56078431372549
0.564705882352941
0.56078431372549
0.56078431372549
0.564705882352941
0.56078431372549
0.552941176470588
0.56078431372549
0.552941176470588
0.556862745098039
0.549019607843137
0.552941176470588
0.552941176470588
0.549019607843137
0.545098039215686
0.541647058823529
0.537254901960784
0.541176470588235
0.537254901960784
0.541176470588235
0.537254901960784
0.541176470588235
0.537254901960784
0.537254901960784
0.533333333333333
0.533333333333333
0.552941176470588
0.556862745098039
0.56078431372549
0.556862745098039
0.552941176470588
0.556862745098039
0.552941176470588
0.556862745098039
0.52156862745098
0.52156862745098
0.545098039215686
0.552941176470588
0.549019607843137
0.549019607843137
0.545098039215686
0.545098039215686
0.545098039215686
0.549019607843137
0.549019607843137
0.54556862745098
0.545098039215686
0.541176470588235
0.541176470588235
0.541176470588235
0.541176470588235
0.541176470588235
0.541176470588235
0.537254901960784
0.525490196078431
0.533333333333333
0.529411764705882
0.533333333333333
0.525490196078431
0.52156862745098
0.52156862745098
0.52156862745098
0.517647058823529
0.513725490196078
0.513725490196078
0.517647058823529
0.509803921568627
0.505882352941176
0.505882352941176
0.509803921568627
0.502313725490196
0.505882352941176
0.501960784313725
0.501960784313725
