0.588235294117647
0.596078431372549
0.596078431372549
0.596078431372549
0.6
0.6
0.6
0.592156862745098
0.588235294117647
0.596078431372549
0.6
0.596078431372549
0.596078431372549
0.596078431372549
0.596078431372549
0.596078431372549
0.592156862745098
0.592156862745098
0.592156862745098
0.588235294117647
0.588235294117647
0.588235294117647
0.588823529411765
0.584313725490196
0.588235294117647
0.588235294117647
0.588235294117647
0.584313725490196
0.584313725490196
0.537450980392157
0.576470588235294
0.576470588235294
0.576470588235294
0.576470588235294
0.576470588235294
0.572549019607843
0.576470588235294
0.56921568627451
0.568627450980392
0.568627450980392
0.568627450980392
0.564705882352941
0.564705882352941
0.56078431372549
0.56078431372549
0.56078431372549
0.56078431372549
0.56078431372549
0.584313725490196
0.592156862745098
0.592156862745098
0.592156862745098
0.596078431372549
0.596078431372549
0.596078431372549
0.588235294117647
0.588235294117647
0.592156862745098
0.596078431372549
0.592156862745098
0.592156862745098
0.592156862745098
0.592156862745098
0.588235294117647
0.584313725490196
0.588235294117647
0.588235294117647
0.584313725490196
0.584313725490196
0.584313725490196
0.580980392156863
0.580392156862745
0.580392156862745
0.580392156862745
0.577058823529412
0.576470588235294
0.572549019607843
0.568627450980392
0.568627450980392
0.564705882352941
0.564705882352941
0.568627450980392
0.568627450980392
0.564705882352941
0.556862745098039
0.56078431372549
0.56078431372549
0.556862745098039
0.557450980392157
0.552941176470588
0.556862745098039
0.552941176470588
0.552941176470588
0.552941176470588
0.552941176470588
0.556862745098039
0.592156862745098
0.596078431372549
0.592745098039216
0.596078431372549
0.596078431372549
0.6
0.596666666666667
0.588235294117647
0.588235294117647
0.588235294117647
0.592156862745098
0.580392156862745
0.588235294117647
0.584313725490196
0.584313725490196
0.580392156862745
0.584313725490196
0.584313725490196
0.584313725490196
0.580392156862745
0.580392156862745
0.576470588235294
0.580392156862745
0.572549019607843
0.572549019607843
0.576470588235294
0.568627450980392
0.568627450980392
0.568627450980392
0.56078431372549
0.56078431372549
0.556862745098039
0.556862745098039
0.556862745098039
0.556862745098039
0.552941176470588
0.552941176470588
0.552941176470588
0.549019607843137
0.549019607843137
0.545098039215686
0.545098039215686
0.545098039215686
0.541176470588235
0.541176470588235
0.541176470588235
0.541176470588235
0.541176470588235
0.592156862745098
0.596078431372549
0.596078431372549
0.596078431372549
0.596078431372549
0.592156862745098
0.592156862745098
0.588235294117647
0.588235294117647
0.588235294117647
0.588235294117647
0.265411764705882
0.580980392156863
0.584313725490196
0.584313725490196
0.580392156862745
0.576470588235294
0.576470588235294
0.576470588235294
0.572549019607843
0.572549019607843
0.572549019607843
0.572549019607843
0.568627450980392
0.565294117647059
0.564705882352941
0.56078431372549
0.561372549019608
0.56078431372549
0.556862745098039
0.552941176470588
0.553529411764706
0.553529411764706
0.552941176470588
0.549019607843137
0.545098039215686
0.545098039215686
0.537254901960784
0.545098039215686
0.537254901960784
0.537254901960784
0.533333333333333
0.537254901960784
0.529411764705882
0.529411764705882
0.533333333333333
0.529411764705882
0.529411764705882
0.592156862745098
0.592156862745098
0.592156862745098
0.592156862745098
0.592156862745098
0.592156862745098
0.592156862745098
0.588235294117647
0.584313725490196
0.584313725490196
0.588235294117647
0.580392156862745
0.580392156862745
0.576470588235294
0.580392156862745
0.576470588235294
0.576470588235294
0.572549019607843
0.572549019607843
0.568627450980392
0.572549019607843
0.564705882352941
0.564705882352941
0.56078431372549
0.56078431372549
0.557450980392157
0.552941176470588
0.552941176470588
0.549019607843137
0.541176470588235
0.541176470588235
0.541176470588235
0.541176470588235
0.537254901960784
0.537254901960784
0.537254901960784
0.537254901960784
0.533333333333333
0.533333333333333
0.533333333333333
0.537254901960784
0.525490196078431
0.525490196078431
0.517647058823529
0.525490196078431
0.52156862745098
0.52156862745098
0.52156862745098
0.588235294117647
0.592156862745098
0.592156862745098
0.592156862745098
0.588235294117647
0.588235294117647
0.596078431372549
0.584313725490196
0.580980392156863
0.580392156862745
0.588235294117647
0.580392156862745
0.576470588235294
0.576470588235294
0.576470588235294
0.568627450980392
0.568627450980392
0.568627450980392
0.568627450980392
0.56078431372549
0.56078431372549
0.556862745098039
0.56078431372549
0.56078431372549
0.552941176470588
0.549019607843137
0.549019607843137
0.541764705882353
0.545098039215686
0.533333333333333
0.533333333333333
0.537254901960784
0.537254901960784
0.533333333333333
0.422745098039216
0.529411764705882
0.533333333333333
0.525490196078431
0.525490196078431
0.525490196078431
0.525490196078431
0.525490196078431
0.525490196078431
0.514313725490196
0.517647058823529
0.513725490196078
0.517647058823529
0.513725490196078
0.580862745098039
0.584313725490196
0.584313725490196
0.584313725490196
0.588235294117647
0.584313725490196
0.584313725490196
0.580392156862745
0.572549019607843
0.56921568627451
0.580392156862745
0.572549019607843
0.572549019607843
0.568627450980392
0.568627450980392
0.564705882352941
0.564705882352941
0.56078431372549
0.561254901960784
0.549607843137255
0.552941176470588
0.552941176470588
0.552941176470588
0.545098039215686
0.545098039215686
0.541176470588235
0.537254901960784
0.541176470588235
0.537843137254902
0.525490196078431
0.525490196078431
0.525490196078431
0.526078431372549
0.52156862745098
0.52156862745098
0.525490196078431
0.52156862745098
0.517647058823529
0.513725490196078
0.513725490196078
0.513725490196078
0.513725490196078
0.513725490196078
0.505882352941176
0.505882352941176
0.505882352941176
0.49078431372549
0.505882352941176
0.554901960784314
0.576470588235294
0.576470588235294
0.572549019607843
0.576470588235294
0.573137254901961
0.576470588235294
0.572549019607843
0.564705882352941
0.56078431372549
0.568627450980392
0.564705882352941
0.564705882352941
0.56078431372549
0.56078431372549
0.556862745098039
0.556862745098039
0.552941176470588
0.556862745098039
0.545098039215686
0.549019607843137
0.541176470588235
0.545098039215686
0.541176470588235
0.541176470588235
0.533921568627451
0.533333333333333
0.533333333333333
0.533333333333333
0.517647058823529
0.518235294117647
0.517647058823529
0.52156862745098
0.517647058823529
0.509803921568627
0.513725490196078
0.513725490196078
0.509803921568627
0.505882352941176
0.505882352941176
0.505882352941176
0.505882352941176
0.503137254901961
0.498039215686275
0.498039215686275
0.494117647058824
0.501960784313725
0.498039215686275
0.564705882352941
0.564705882352941
0.564705882352941
0.564705882352941
0.568627450980392
0.561372549019608
0.564705882352941
0.561372549019608
0.552941176470588
0.549019607843137
0.56078431372549
0.556862745098039
0.556862745098039
0.552941176470588
0.552941176470588
0.549019607843137
0.549019607843137
0.541176470588235
0.545098039215686
0.537254901960784
0.541176470588235
0.533333333333333
0.537254901960784
0.529411764705882
0.529411764705882
0.525490196078431
0.525490196078431
0.525490196078431
0.52156862745098
0.513725490196078
0.513725490196078
0.513725490196078
0.513725490196078
0.505882352941176
0.501960784313725
0.501960784313725
0.50243137254902
0.501960784313725
0.494117647058824
0.494117647058824
0.494705882352941
0.494117647058824
0.490196078431373
0.486274509803922
0.486274509803922
0.490196078431373
0.490196078431373
0.486274509803922
0.552941176470588
0.552941176470588
0.552941176470588
0.552941176470588
0.552941176470588
0.552941176470588
0.552941176470588
0.549019607843137
0.533333333333333
0.537254901960784
0.549019607843137
0.541176470588235
0.545098039215686
0.541176470588235
0.541176470588235
0.533333333333333
0.537254901960784
0.533333333333333
0.533333333333333
0.529411764705882
0.525960784313726
0.525490196078431
0.525490196078431
0.52156862745098
0.52156862745098
0.517647058823529
0.517647058823529
0.513725490196078
0.513725490196078
0.501960784313725
0.501960784313725
0.501960784313725
0.505882352941176
0.494117647058824
0.494117647058824
0.490196078431373
0.490196078431373
0.486274509803922
0.486274509803922
0.486274509803922
0.486274509803922
0.482352941176471
0.482352941176471
0.474509803921569
0.47843137254902
0.47843137254902
0.474509803921569
0.471176470588235
0.533333333333333
0.537254901960784
0.537254901960784
0.537254901960784
0.537725490196078
0.537254901960784
0.537254901960784
0.533333333333333
0.517647058823529
0.517647058823529
0.533333333333333
0.525490196078431
0.525490196078431
0.522745098039216
0.525490196078431
0.52156862745098
0.52156862745098
0.52156862745098
0.52156862745098
0.517647058823529
0.517647058823529
0.517647058823529
0.509803921568627
0.509803921568627
0.509803921568627
0.505882352941176
0.505882352941176
0.501960784313725
0.498039215686275
0.490196078431373
0.494117647058824
0.490196078431373
0.490196078431373
0.482941176470588
0.482352941176471
0.482352941176471
0.482352941176471
0.47843137254902
0.474509803921569
0.470588235294118
0.474509803921569
0.466666666666667
0.466666666666667
0.456470588235294
0.466666666666667
0.462745098039216
0.466666666666667
0.462745098039216
0.513725490196078
0.517647058823529
0.514313725490196
0.517647058823529
0.52156862745098
0.52156862745098
0.52156862745098
0.517647058823529
0.498039215686275
0.498039215686275
0.517647058823529
0.509803921568627
0.513725490196078
0.509803921568627
0.509803921568627
0.505882352941176
0.505882352941176
0.505882352941176
0.505882352941176
0.501960784313725
0.501960784313725
0.498039215686275
0.501960784313725
0.494117647058824
0.494117647058824
0.490196078431373
0.490196078431373
0.486274509803922
0.486274509803922
0.47843137254902
0.47843137254902
0.470588235294118
0.470588235294118
0.470588235294118
0.466666666666667
0.466666666666667
0.466666666666667
0.466666666666667
0.462745098039216
0.454901960784314
0.458823529411765
0.458823529411765
0.458823529411765
0.454901960784314
0.454901960784314
0.458823529411765
0.454901960784314
0.450980392156863
0.494117647058824
0.498039215686275
0.498039215686275
0.501960784313725
0.505882352941176
0.498039215686275
0.498039215686275
0.498039215686275
0.47843137254902
0.47843137254902
0.498039215686275
0.494117647058824
0.494117647058824
0.490196078431373
0.490196078431373
0.486274509803922
0.490196078431373
0.486274509803922
0.482352941176471
0.482941176470588
0.482941176470588
0.482352941176471
0.47843137254902
0.47843137254902
0.47843137254902
0.474509803921569
0.470588235294118
0.470588235294118
0.470588235294118
0.462745098039216
0.462745098039216
0.462745098039216
0.462745098039216
0.458823529411765
0.454901960784314
0.454901960784314
0.454901960784314
0.450980392156863
0.450980392156863
0.443137254901961
0.447058823529412
0.447058823529412
0.443137254901961
0.443137254901961
0.443137254901961
0.447058823529412
0.443137254901961
0.435294117647059
0.474980392156863
0.474509803921569
0.47843137254902
0.47843137254902
0.479019607843137
0.47843137254902
0.47843137254902
0.47843137254902
0.455490196078431
0.458823529411765
0.47843137254902
0.470588235294118
0.474509803921569
0.470588235294118
0.470588235294118
0.470588235294118
0.470588235294118
0.466666666666667
0.466666666666667
0.462745098039216
0.363725490196078
0.462745098039216
0.462745098039216
0.462745098039216
0.462745098039216
0.454901960784314
0.454901960784314
0.458823529411765
0.454901960784314
0.443137254901961
0.443137254901961
0.403921568627451
0.447058823529412
0.443137254901961
0.43921568627451
0.435882352941176
0.43921568627451
0.43921568627451
0.435294117647059
0.431372549019608
0.435294117647059
0.435294117647059
0.431372549019608
0.431372549019608
0.431372549019608
0.431372549019608
0.431372549019608
0.427450980392157
0.454901960784314
0.454901960784314
0.454901960784314
0.454901960784314
0.458823529411765
0.458823529411765
0.458823529411765
0.454901960784314
0.435294117647059
0.435294117647059
0.454901960784314
0.450980392156863
0.450980392156863
0.450980392156863
0.450980392156863
0.450980392156863
0.447058823529412
0.447058823529412
0.447058823529412
0.447058823529412
0.443725490196078
0.443137254901961
0.443137254901961
0.43921568627451
0.443137254901961
0.43921568627451
0.43921568627451
0.43921568627451
0.43921568627451
0.431960784313725
0.431372549019608
0.427450980392157
0.431372549019608
0.427450980392157
0.427450980392157
0.423529411764706
0.427450980392157
0.423529411764706
0.423529411764706
0.419607843137255
0.419607843137255
0.419607843137255
0.415686274509804
0.415686274509804
0.419607843137255
0.415686274509804
0.415686274509804
0.416274509803922
0.431372549019608
0.435294117647059
0.435294117647059
0.435294117647059
0.43921568627451
0.43921568627451
0.43921568627451
0.431372549019608
0.411764705882353
0.415686274509804
0.435294117647059
0.431372549019608
0.431372549019608
0.435294117647059
0.431372549019608
0.431372549019608
0.427450980392157
0.427450980392157
0.431372549019608
0.427450980392157
0.427450980392157
0.427450980392157
0.427450980392157
0.423529411764706
0.423529411764706
0.419607843137255
0.419607843137255
0.419607843137255
0.419607843137255
0.415686274509804
0.415686274509804
0.411764705882353
0.411764705882353
0.411764705882353
0.415686274509804
0.411764705882353
0.407843137254902
0.411764705882353
0.407843137254902
0.407843137254902
0.407843137254902
0.403921568627451
0.407843137254902
0.403921568627451
0.4
0.4
0.4
0.4
0.412352941176471
0.415686274509804
0.411764705882353
0.415686274509804
0.419607843137255
0.419607843137255
0.415686274509804
0.411764705882353
0.396078431372549
0.4
0.411764705882353
0.411764705882353
0.415686274509804
0.411764705882353
0.415686274509804
0.411764705882353
0.411764705882353
0.415686274509804
0.412352941176471
0.407843137254902
0.411764705882353
0.411764705882353
0.411764705882353
0.403921568627451
0.407843137254902
0.403921568627451
0.403921568627451
0.403921568627451
0.403921568627451
0.4
0.4
0.396078431372549
0.396666666666667
0.396078431372549
0.396078431372549
0.396078431372549
0.392156862745098
0.396078431372549
0.396078431372549
0.392156862745098
0.388235294117647
0.392156862745098
0.392156862745098
0.384313725490196
0.388235294117647
0.388235294117647
0.392156862745098
0.388235294117647
0.396078431372549
0.396078431372549
0.396078431372549
0.396078431372549
0.400588235294118
0.4
0.4
0.396078431372549
0.38478431372549
0.388235294117647
0.403921568627451
0.396078431372549
0.396078431372549
0.396078431372549
0.396078431372549
0.396078431372549
0.392156862745098
0.396078431372549
0.396078431372549
0.392156862745098
0.392156862745098
0.392156862745098
0.396078431372549
0.392156862745098
0.392156862745098
0.388235294117647
0.388235294117647
0.388235294117647
0.388235294117647
0.373725490196078
0.384313725490196
0.384313725490196
0.384313725490196
0.380392156862745
0.380392156862745
0.384313725490196
0.380392156862745
0.380392156862745
0.376470588235294
0.380392156862745
0.380392156862745
0.380392156862745
0.380392156862745
0.376470588235294
0.376470588235294
0.376470588235294
0.376470588235294
0.376470588235294
0.384313725490196
0.388235294117647
0.388235294117647
0.388235294117647
0.392156862745098
0.392156862745098
0.392156862745098
0.384313725490196
0.372549019607843
0.376470588235294
0.388235294117647
0.384313725490196
0.384313725490196
0.380392156862745
0.384313725490196
0.380392156862745
0.380392156862745
0.376941176470588
0.380392156862745
0.380392156862745
0.376470588235294
0.380392156862745
0.380392156862745
0.376470588235294
0.376941176470588
0.376470588235294
0.376470588235294
0.376470588235294
0.372549019607843
0.368627450980392
0.368627450980392
0.368627450980392
0.372549019607843
0.365294117647059
0.337254901960784
0.368627450980392
0.368627450980392
0.364705882352941
0.364705882352941
0.364705882352941
0.36078431372549
0.36078431372549
0.364705882352941
0.36078431372549
0.361372549019608
0.357333333333333
0.36078431372549
0.36078431372549
0.376470588235294
0.376470588235294
0.376470588235294
0.376470588235294
0.380392156862745
0.380980392156863
0.380392156862745
0.372549019607843
0.365294117647059
0.364705882352941
0.376470588235294
0.368627450980392
0.364705882352941
0.372549019607843
0.376470588235294
0.368627450980392
0.368627450980392
0.368627450980392
0.368627450980392
0.364705882352941
0.364705882352941
0.368627450980392
0.368627450980392
0.364705882352941
0.364705882352941
0.364705882352941
0.364705882352941
0.36078431372549
0.36078431372549
0.356862745098039
0.357450980392157
0.352941176470588
0.356862745098039
0.352941176470588
0.356862745098039
0.356862745098039
0.352941176470588
0.349019607843137
0.349019607843137
0.349607843137255
0.349019607843137
0.345098039215686
0.349019607843137
0.345098039215686
0.345098039215686
0.345098039215686
0.349019607843137
0.341176470588235
0.364705882352941
0.368627450980392
0.368627450980392
0.368627450980392
0.368627450980392
0.368627450980392
0.372549019607843
0.368627450980392
0.352941176470588
0.349019607843137
0.364705882352941
0.361372549019608
0.36078431372549
0.364705882352941
0.364705882352941
0.361254901960784
0.36078431372549
0.357450980392157
0.356862745098039
0.356862745098039
0.356862745098039
0.356862745098039
0.356862745098039
0.352941176470588
0.352941176470588
0.349019607843137
0.349607843137255
0.352941176470588
0.349607843137255
0.345098039215686
0.345098039215686
0.345098039215686
0.349019607843137
0.341176470588235
0.345098039215686
0.341176470588235
0.345098039215686
0.337254901960784
0.333333333333333
0.333333333333333
0.337254901960784
0.333333333333333
0.333333333333333
0.329411764705882
0.333333333333333
0.329411764705882
0.329411764705882
0.325490196078431
0.352941176470588
0.352941176470588
0.352941176470588
0.352941176470588
0.349019607843137
0.349019607843137
0.352941176470588
0.352941176470588
0.329411764705882
0.329411764705882
0.349019607843137
0.349019607843137
0.349019607843137
0.345098039215686
0.352941176470588
0.345098039215686
0.345098039215686
0.345098039215686
0.345098039215686
0.349019607843137
0.341176470588235
0.341176470588235
0.345098039215686
0.341176470588235
0.341176470588235
0.337254901960784
0.337254901960784
0.337254901960784
0.337254901960784
0.329411764705882
0.329411764705882
0.329411764705882
0.333333333333333
0.329411764705882
0.325490196078431
0.325490196078431
0.325490196078431
0.32156862745098
0.317647058823529
0.317647058823529
0.317647058823529
0.317647058823529
0.317647058823529
0.253803921568627
0.313725490196078
0.309803921568627
0.309803921568627
0.309803921568627
