0.552941176470588
0.552941176470588
0.552941176470588
0.556862745098039
0.556862745098039
0.556862745098039
0.556862745098039
0.556862745098039
0.545098039215686
0.552941176470588
0.556862745098039
0.552941176470588
0.552941176470588
0.552941176470588
0.552941176470588
0.552941176470588
0.549019607843137
0.549490196078431
0.549019607843137
0.545098039215686
0.545098039215686
0.545098039215686
0.545098039215686
0.541176470588235
0.545098039215686
0.545098039215686
0.541176470588235
0.537254901960784
0.537254901960784
0.533333333333333
0.53
0.529411764705882
0.529411764705882
0.533333333333333
0.529411764705882
0.525490196078431
0.529411764705882
0.522980392156863
0.525490196078431
0.52156862745098
0.52156862745098
0.514313725490196
0.517647058823529
0.513725490196078
0.513725490196078
0.513725490196078
0.513725490196078
0.514313725490196
0.541176470588235
0.549019607843137
0.549607843137255
0.552941176470588
0.556862745098039
0.552941176470588
0.552941176470588
0.545098039215686
0.545098039215686
0.549019607843137
0.552941176470588
0.545686274509804
0.54556862745098
0.549019607843137
0.549019607843137
0.541176470588235
0.541176470588235
0.545098039215686
0.545098039215686
0.537254901960784
0.537254901960784
0.541176470588235
0.537843137254902
0.533333333333333
0.533921568627451
0.533333333333333
0.533333333333333
0.533333333333333
0.529411764705882
0.52156862745098
0.52156862745098
0.52156862745098
0.52156862745098
0.52156862745098
0.52156862745098
0.517647058823529
0.517647058823529
0.513725490196078
0.513725490196078
0.509803921568627
0.509803921568627
0.505882352941176
0.509803921568627
0.501960784313725
0.505882352941176
0.501960784313725
0.505882352941176
0.505882352941176
0.545098039215686
0.552941176470588
0.552941176470588
0.552941176470588
0.556862745098039
0.556862745098039
0.556862745098039
0.545098039215686
0.54556862745098
0.545098039215686
0.549019607843137
0.545098039215686
0.545098039215686
0.545098039215686
0.541176470588235
0.537254901960784
0.537254901960784
0.541176470588235
0.541176470588235
0.533333333333333
0.537254901960784
0.533333333333333
0.533333333333333
0.525490196078431
0.529411764705882
0.525490196078431
0.525490196078431
0.518235294117647
0.52156862745098
0.513725490196078
0.513725490196078
0.509803921568627
0.509803921568627
0.509803921568627
0.509803921568627
0.505882352941176
0.505882352941176
0.501960784313725
0.501960784313725
0.498039215686275
0.498039215686275
0.494117647058824
0.494705882352941
0.486274509803922
0.490196078431373
0.490196078431373
0.490196078431373
0.494117647058824
0.549019607843137
0.552941176470588
0.552941176470588
0.552941176470588
0.552941176470588
0.552941176470588
0.552941176470588
0.541176470588235
0.549019607843137
0.545098039215686
0.545098039215686
0.534509803921569
0.541176470588235
0.541176470588235
0.541176470588235
0.519411764705882
0.533333333333333
0.533333333333333
0.533333333333333
0.529411764705882
0.529411764705882
0.525490196078431
0.503333333333333
0.52156862745098
0.52156862745098
0.517647058823529
0.517647058823529
0.513725490196078
0.513725490196078
0.505882352941176
0.509803921568627
0.505882352941176
0.505882352941176
0.501960784313725
0.501960784313725
0.498039215686275
0.494117647058824
0.490196078431373
0.490196078431373
0.486274509803922
0.486274509803922
0.482352941176471
0.486274509803922
0.474509803921569
0.47843137254902
0.47843137254902
0.47843137254902
0.47843137254902
0.545098039215686
0.550196078431373
0.549019607843137
0.549019607843137
0.549019607843137
0.545098039215686
0.545098039215686
0.545098039215686
0.541176470588235
0.541176470588235
0.541176470588235
0.537254901960784
0.537254901960784
0.533333333333333
0.537254901960784
0.529411764705882
0.529411764705882
0.525490196078431
0.525490196078431
0.525490196078431
0.52156862745098
0.513725490196078
0.517647058823529
0.513725490196078
0.513725490196078
0.509803921568627
0.505882352941176
0.505882352941176
0.501960784313725
0.494117647058824
0.494117647058824
0.490196078431373
0.494117647058824
0.490196078431373
0.486274509803922
0.486274509803922
0.486745098039216
0.482352941176471
0.47843137254902
0.47843137254902
0.47843137254902
0.474509803921569
0.474509803921569
0.466666666666667
0.470588235294118
0.466666666666667
0.466666666666667
0.466666666666667
0.549019607843137
0.545686274509804
0.549019607843137
0.549019607843137
0.549019607843137
0.549019607843137
0.552941176470588
0.541176470588235
0.541176470588235
0.533921568627451
0.545098039215686
0.537254901960784
0.533333333333333
0.53
0.533333333333333
0.525490196078431
0.52156862745098
0.52156862745098
0.525490196078431
0.517647058823529
0.513725490196078
0.509803921568627
0.509803921568627
0.505882352941176
0.501960784313725
0.498039215686275
0.498039215686275
0.498039215686275
0.498039215686275
0.486274509803922
0.482941176470588
0.486274509803922
0.486274509803922
0.482352941176471
0.482352941176471
0.47843137254902
0.482352941176471
0.474509803921569
0.474509803921569
0.470588235294118
0.474509803921569
0.466666666666667
0.466666666666667
0.458823529411765
0.462745098039216
0.459411764705882
0.462745098039216
0.458823529411765
0.537843137254902
0.541176470588235
0.537843137254902
0.541764705882353
0.541764705882353
0.545098039215686
0.545098039215686
0.537254901960784
0.529411764705882
0.525490196078431
0.537254901960784
0.525490196078431
0.529411764705882
0.525490196078431
0.525490196078431
0.517647058823529
0.517647058823529
0.513725490196078
0.513725490196078
0.505882352941176
0.505882352941176
0.505882352941176
0.505882352941176
0.498039215686275
0.498039215686275
0.494117647058824
0.494117647058824
0.490196078431373
0.486274509803922
0.47843137254902
0.47843137254902
0.47843137254902
0.474509803921569
0.470588235294118
0.470588235294118
0.470588235294118
0.470588235294118
0.462745098039216
0.46321568627451
0.462745098039216
0.462745098039216
0.454901960784314
0.458823529411765
0.447647058823529
0.450980392156863
0.450980392156863
0.454901960784314
0.454901960784314
0.533333333333333
0.533333333333333
0.521176470588235
0.533333333333333
0.537254901960784
0.529411764705882
0.529411764705882
0.525490196078431
0.517647058823529
0.513725490196078
0.525490196078431
0.517647058823529
0.514313725490196
0.513725490196078
0.513725490196078
0.509803921568627
0.509803921568627
0.505882352941176
0.505882352941176
0.498627450980392
0.498039215686275
0.494117647058824
0.498039215686275
0.490196078431373
0.490196078431373
0.482941176470588
0.486274509803922
0.482352941176471
0.482352941176471
0.470588235294118
0.470588235294118
0.466666666666667
0.470588235294118
0.462745098039216
0.462745098039216
0.458823529411765
0.458823529411765
0.454901960784314
0.450980392156863
0.450980392156863
0.450980392156863
0.44643137254902
0.447058823529412
0.43921568627451
0.443137254901961
0.443137254901961
0.443137254901961
0.43921568627451
0.52156862745098
0.517647058823529
0.517647058823529
0.52156862745098
0.525490196078431
0.52156862745098
0.52156862745098
0.517647058823529
0.505882352941176
0.501960784313725
0.513725490196078
0.509803921568627
0.509803921568627
0.505882352941176
0.505882352941176
0.501960784313725
0.501960784313725
0.494117647058824
0.494117647058824
0.490196078431373
0.494117647058824
0.486274509803922
0.486274509803922
0.482352941176471
0.47843137254902
0.474509803921569
0.474509803921569
0.470588235294118
0.470588235294118
0.462745098039216
0.458823529411765
0.458823529411765
0.458823529411765
0.450980392156863
0.447058823529412
0.447058823529412
0.450980392156863
0.443137254901961
0.43921568627451
0.43921568627451
0.443137254901961
0.435294117647059
0.435294117647059
0.427450980392157
0.431372549019608
0.435294117647059
0.431372549019608
0.427450980392157
0.505882352941176
0.505882352941176
0.505882352941176
0.505882352941176
0.505882352941176
0.505882352941176
0.505882352941176
0.501960784313725
0.486274509803922
0.486274509803922
0.501960784313725
0.494117647058824
0.494117647058824
0.494117647058824
0.494117647058824
0.486274509803922
0.486274509803922
0.482352941176471
0.482352941176471
0.47843137254902
0.47843137254902
0.474509803921569
0.474509803921569
0.470588235294118
0.470588235294118
0.462745098039216
0.462745098039216
0.462745098039216
0.458823529411765
0.450980392156863
0.450980392156863
0.447058823529412
0.447058823529412
0.43921568627451
0.43921568627451
0.435294117647059
0.435294117647059
0.431372549019608
0.423529411764706
0.427450980392157
0.427450980392157
0.423529411764706
0.423529411764706
0.415686274509804
0.419607843137255
0.419607843137255
0.419607843137255
0.411764705882353
0.486274509803922
0.490196078431373
0.486862745098039
0.486745098039216
0.494117647058824
0.490196078431373
0.490196078431373
0.486274509803922
0.466666666666667
0.466666666666667
0.482352941176471
0.474509803921569
0.475098039215686
0.474509803921569
0.474509803921569
0.470588235294118
0.470588235294118
0.470588235294118
0.470588235294118
0.462745098039216
0.466666666666667
0.462745098039216
0.458823529411765
0.458823529411765
0.454901960784314
0.450980392156863
0.450980392156863
0.450980392156863
0.443137254901961
0.435294117647059
0.435294117647059
0.435294117647059
0.435294117647059
0.427450980392157
0.427450980392157
0.423529411764706
0.423529411764706
0.419607843137255
0.415686274509804
0.411764705882353
0.415686274509804
0.407843137254902
0.407843137254902
0.403921568627451
0.407843137254902
0.407843137254902
0.407843137254902
0.4
0.462745098039216
0.466666666666667
0.466666666666667
0.466666666666667
0.278823529411765
0.470588235294118
0.470588235294118
0.466666666666667
0.443137254901961
0.443137254901961
0.462745098039216
0.458823529411765
0.458823529411765
0.454901960784314
0.454901960784314
0.450980392156863
0.454901960784314
0.450980392156863
0.450980392156863
0.443137254901961
0.447058823529412
0.443137254901961
0.443137254901961
0.43921568627451
0.443137254901961
0.431843137254902
0.435294117647059
0.431372549019608
0.431372549019608
0.423529411764706
0.423529411764706
0.412352941176471
0.415686274509804
0.411764705882353
0.407843137254902
0.407843137254902
0.407843137254902
0.407843137254902
0.403921568627451
0.24956862745098
0.4
0.396078431372549
0.396078431372549
0.392156862745098
0.392156862745098
0.335529411764706
0.396078431372549
0.388235294117647
0.43921568627451
0.443137254901961
0.443137254901961
0.447058823529412
0.450980392156863
0.443137254901961
0.443137254901961
0.443137254901961
0.419607843137255
0.423529411764706
0.443137254901961
0.435294117647059
0.435294117647059
0.435294117647059
0.431372549019608
0.431372549019608
0.427450980392157
0.431372549019608
0.431372549019608
0.431372549019608
0.427450980392157
0.423529411764706
0.423529411764706
0.419607843137255
0.423529411764706
0.415686274509804
0.411764705882353
0.411764705882353
0.411764705882353
0.403921568627451
0.403921568627451
0.396666666666667
0.403921568627451
0.4
0.396078431372549
0.392156862745098
0.392745098039216
0.392156862745098
0.388235294117647
0.380392156862745
0.384313725490196
0.384313725490196
0.380392156862745
0.380392156862745
0.380392156862745
0.384313725490196
0.380392156862745
0.372549019607843
0.419607843137255
0.419607843137255
0.419607843137255
0.419607843137255
0.427450980392157
0.423529411764706
0.423529411764706
0.419607843137255
0.396078431372549
0.396078431372549
0.419607843137255
0.415686274509804
0.415686274509804
0.411764705882353
0.415686274509804
0.40843137254902
0.411764705882353
0.407843137254902
0.407843137254902
0.407843137254902
0.407843137254902
0.403921568627451
0.403921568627451
0.403921568627451
0.403921568627451
0.396078431372549
0.396078431372549
0.396078431372549
0.396078431372549
0.384313725490196
0.384313725490196
0.380392156862745
0.384313725490196
0.380392156862745
0.376470588235294
0.376470588235294
0.376470588235294
0.376470588235294
0.372549019607843
0.368627450980392
0.368627450980392
0.36921568627451
0.368627450980392
0.364705882352941
0.368627450980392
0.368627450980392
0.364705882352941
0.36078431372549
0.392745098039216
0.396078431372549
0.396078431372549
0.396078431372549
0.4
0.4
0.4
0.392156862745098
0.372549019607843
0.373137254901961
0.4
0.392156862745098
0.392156862745098
0.392156862745098
0.392156862745098
0.388235294117647
0.388235294117647
0.384313725490196
0.384313725490196
0.388235294117647
0.384313725490196
0.384313725490196
0.380392156862745
0.380392156862745
0.380862745098039
0.376470588235294
0.376470588235294
0.376470588235294
0.372549019607843
0.368627450980392
0.368627450980392
0.364705882352941
0.364705882352941
0.364705882352941
0.364705882352941
0.36078431372549
0.36078431372549
0.356862745098039
0.356862745098039
0.352941176470588
0.352941176470588
0.349019607843137
0.352941176470588
0.349019607843137
0.352941176470588
0.349019607843137
0.349019607843137
0.349019607843137
0.368627450980392
0.372549019607843
0.372549019607843
0.372549019607843
0.376470588235294
0.376470588235294
0.376470588235294
0.368627450980392
0.349019607843137
0.352941176470588
0.376470588235294
0.368627450980392
0.368627450980392
0.368627450980392
0.372549019607843
0.364705882352941
0.364705882352941
0.364705882352941
0.368627450980392
0.36078431372549
0.364705882352941
0.364705882352941
0.36078431372549
0.36078431372549
0.36078431372549
0.356862745098039
0.356862745098039
0.352941176470588
0.356862745098039
0.349019607843137
0.349019607843137
0.341176470588235
0.341176470588235
0.349019607843137
0.349019607843137
0.345098039215686
0.341176470588235
0.345098039215686
0.341176470588235
0.341176470588235
0.341176470588235
0.337254901960784
0.337254901960784
0.333333333333333
0.333333333333333
0.333333333333333
0.333333333333333
0.329411764705882
0.345098039215686
0.349019607843137
0.349019607843137
0.349019607843137
0.352941176470588
0.352941176470588
0.352941176470588
0.349019607843137
0.329411764705882
0.333333333333333
0.349019607843137
0.345098039215686
0.345098039215686
0.349019607843137
0.349019607843137
0.345098039215686
0.345098039215686
0.349019607843137
0.345098039215686
0.345098039215686
0.345098039215686
0.345098039215686
0.345098039215686
0.341176470588235
0.341176470588235
0.337254901960784
0.337254901960784
0.337254901960784
0.337254901960784
0.329411764705882
0.333333333333333
0.329411764705882
0.329411764705882
0.329411764705882
0.329411764705882
0.325960784313726
0.325490196078431
0.325490196078431
0.329411764705882
0.32156862745098
0.32156862745098
0.317647058823529
0.32156862745098
0.313725490196078
0.313725490196078
0.317647058823529
0.32156862745098
0.317647058823529
0.329411764705882
0.329411764705882
0.329411764705882
0.329411764705882
0.333333333333333
0.333333333333333
0.333333333333333
0.329411764705882
0.317647058823529
0.318235294117647
0.337254901960784
0.329411764705882
0.329411764705882
0.325490196078431
0.329882352941176
0.325490196078431
0.325490196078431
0.325490196078431
0.325490196078431
0.325490196078431
0.325490196078431
0.325490196078431
0.325490196078431
0.325490196078431
0.32156862745098
0.317647058823529
0.32156862745098
0.32156862745098
0.317647058823529
0.310392156862745
0.313725490196078
0.313725490196078
0.313725490196078
0.309803921568627
0.309803921568627
0.313725490196078
0.309803921568627
0.309803921568627
0.309803921568627
0.309803921568627
0.309803921568627
0.305882352941176
0.305882352941176
0.301960784313725
0.301960784313725
0.301960784313725
0.305882352941176
0.263686274509804
0.313725490196078
0.317647058823529
0.317647058823529
0.317647058823529
0.32156862745098
0.32156862745098
0.32156862745098
0.317647058823529
0.301960784313725
0.305882352941176
0.32156862745098
0.313725490196078
0.313725490196078
0.313725490196078
0.313725490196078
0.310274509803922
0.309803921568627
0.313725490196078
0.313725490196078
0.309803921568627
0.305882352941176
0.313725490196078
0.305882352941176
0.305882352941176
0.305882352941176
0.305882352941176
0.305882352941176
0.305882352941176
0.301960784313725
0.298039215686275
0.298039215686275
0.298039215686275
0.298039215686275
0.298039215686275
0.298039215686275
0.294117647058824
0.298039215686275
0.290196078431373
0.290196078431373
0.294117647058824
0.290196078431373
0.286274509803922
0.286274509803922
0.286274509803922
0.286274509803922
0.286274509803922
0.286274509803922
0.286274509803922
0.305882352941176
0.305882352941176
0.305882352941176
0.305882352941176
0.313725490196078
0.309803921568627
0.309803921568627
0.301960784313725
0.294117647058824
0.294117647058824
0.309803921568627
0.298039215686275
0.301960784313725
0.301960784313725
0.301960784313725
0.294117647058824
0.294117647058824
0.298039215686275
0.298039215686275
0.294117647058824
0.294117647058824
0.294117647058824
0.294588235294118
0.294117647058824
0.294117647058824
0.290196078431373
0.294117647058824
0.290196078431373
0.290196078431373
0.282352941176471
0.286274509803922
0.27843137254902
0.282352941176471
0.27843137254902
0.282352941176471
0.282352941176471
0.27843137254902
0.274509803921569
0.274509803921569
0.274509803921569
0.274509803921569
0.270588235294118
0.270588235294118
0.267254901960784
0.270588235294118
0.270588235294118
0.271176470588235
0.266666666666667
0.294117647058824
0.298039215686275
0.298039215686275
0.298039215686275
0.298039215686275
0.301960784313725
0.301960784313725
0.294117647058824
0.282352941176471
0.274509803921569
0.290196078431373
0.290196078431373
0.290196078431373
0.288039215686274
0.294117647058824
0.286274509803922
0.286274509803922
0.230196078431373
0.286274509803922
0.282352941176471
0.282352941176471
0.282352941176471
0.282352941176471
0.27843137254902
0.27843137254902
0.27843137254902
0.27843137254902
0.27843137254902
0.27843137254902
0.266666666666667
0.266666666666667
0.266666666666667
0.270588235294118
0.266666666666667
0.266666666666667
0.266666666666667
0.266666666666667
0.258823529411765
0.258823529411765
0.254901960784314
0.258823529411765
0.250980392156863
0.250980392156863
0.250980392156863
0.250980392156863
0.250980392156863
0.250980392156863
0.247058823529412
0.274509803921569
0.27843137254902
0.27843137254902
0.279019607843137
0.282352941176471
0.275098039215686
0.27843137254902
0.27843137254902
0.254901960784314
0.250980392156863
0.274509803921569
0.270588235294118
0.270588235294118
0.270588235294118
0.270588235294118
0.266666666666667
0.270588235294118
0.266666666666667
0.266666666666667
0.270588235294118
0.270588235294118
0.266666666666667
0.266666666666667
0.266666666666667
0.262745098039216
0.258823529411765
0.259294117647059
0.262745098039216
0.262745098039216
0.250980392156863
0.250980392156863
0.254901960784314
0.254901960784314
0.250980392156863
0.247058823529412
0.247058823529412
0.247058823529412
0.23921568627451
0.235294117647059
0.23921568627451
0.23921568627451
0.235294117647059
0.235294117647059
0.227450980392157
0.231372549019608
0.231372549019608
0.227450980392157
0.227450980392157
