0.533333333333333
0.537254901960784
0.537254901960784
0.537254901960784
0.541176470588235
0.537254901960784
0.537843137254902
0.537254901960784
0.529411764705882
0.533333333333333
0.537725490196078
0.533333333333333
0.537254901960784
0.537254901960784
0.533333333333333
0.533333333333333
0.533333333333333
0.533333333333333
0.533333333333333
0.525490196078431
0.525960784313726
0.525490196078431
0.529411764705882
0.525490196078431
0.525960784313726
0.525490196078431
0.525490196078431
0.52156862745098
0.52156862745098
0.513725490196078
0.514196078431372
0.509803921568627
0.513725490196078
0.513725490196078
0.513725490196078
0.505882352941176
0.509803921568627
0.505882352941176
0.505882352941176
0.498627450980392
0.501960784313725
0.498039215686275
0.498039215686275
0.494117647058824
0.494117647058824
0.494117647058824
0.498039215686275
0.498039215686275
0.525490196078431
0.533333333333333
0.533333333333333
0.533333333333333
0.537254901960784
0.537254901960784
0.537254901960784
0.52156862745098
0.533333333333333
0.533333333333333
0.533333333333333
0.525490196078431
0.533333333333333
0.529411764705882
0.529411764705882
0.525490196078431
0.525490196078431
0.525490196078431
0.525960784313726
0.52156862745098
0.522156862745098
0.52156862745098
0.517647058823529
0.517647058823529
0.517647058823529
0.517647058823529
0.513725490196078
0.466666666666667
0.506352941176471
0.501960784313725
0.501960784313725
0.501960784313725
0.501960784313725
0.501960784313725
0.501960784313725
0.498039215686275
0.498039215686275
0.494117647058824
0.494117647058824
0.494117647058824
0.490196078431373
0.486274509803922
0.490196078431373
0.478901960784314
0.486274509803922
0.486274509803922
0.486274509803922
0.486274509803922
0.529411764705882
0.533333333333333
0.533333333333333
0.533333333333333
0.537254901960784
0.537254901960784
0.533333333333333
0.529411764705882
0.529411764705882
0.525490196078431
0.529411764705882
0.501960784313725
0.522156862745098
0.525490196078431
0.522039215686275
0.509803921568627
0.517647058823529
0.52156862745098
0.518117647058824
0.517647058823529
0.517647058823529
0.510274509803922
0.517647058823529
0.509803921568627
0.509803921568627
0.509803921568627
0.505882352941176
0.498039215686275
0.501960784313725
0.490196078431373
0.494117647058824
0.486745098039216
0.494117647058824
0.490196078431373
0.490196078431373
0.486274509803922
0.482941176470588
0.482352941176471
0.482352941176471
0.47843137254902
0.47843137254902
0.47843137254902
0.47843137254902
0.470588235294118
0.470588235294118
0.470588235294118
0.470588235294118
0.474509803921569
0.529411764705882
0.533333333333333
0.533333333333333
0.533921568627451
0.533333333333333
0.533333333333333
0.533333333333333
0.525490196078431
0.529411764705882
0.525490196078431
0.52156862745098
0.52156862745098
0.52156862745098
0.52156862745098
0.52156862745098
0.513725490196078
0.513725490196078
0.513725490196078
0.517647058823529
0.509803921568627
0.513725490196078
0.505882352941176
0.505882352941176
0.501960784313725
0.50243137254902
0.498039215686275
0.498039215686275
0.494705882352941
0.49078431372549
0.486274509803922
0.486274509803922
0.482352941176471
0.486274509803922
0.482352941176471
0.482352941176471
0.47843137254902
0.470588235294118
0.470588235294118
0.463333333333333
0.466666666666667
0.466666666666667
0.462745098039216
0.466666666666667
0.454901960784314
0.458823529411765
0.458823529411765
0.459294117647059
0.454901960784314
0.529411764705882
0.533333333333333
0.529411764705882
0.53
0.529411764705882
0.525490196078431
0.533333333333333
0.529411764705882
0.52156862745098
0.52156862745098
0.525490196078431
0.52156862745098
0.518235294117647
0.513725490196078
0.517647058823529
0.513725490196078
0.509803921568627
0.505882352941176
0.509803921568627
0.501960784313725
0.501960784313725
0.494117647058824
0.498627450980392
0.494117647058824
0.494117647058824
0.490196078431373
0.486274509803922
0.482352941176471
0.47843137254902
0.462745098039216
0.474509803921569
0.470588235294118
0.474509803921569
0.467254901960784
0.466666666666667
0.466666666666667
0.462745098039216
0.462745098039216
0.458823529411765
0.458823529411765
0.458823529411765
0.454901960784314
0.450980392156863
0.443137254901961
0.450980392156863
0.447058823529412
0.447058823529412
0.443137254901961
0.52156862745098
0.529411764705882
0.529411764705882
0.529411764705882
0.529411764705882
0.522156862745098
0.529411764705882
0.517647058823529
0.52156862745098
0.517647058823529
0.529411764705882
0.513725490196078
0.509803921568627
0.509803921568627
0.513725490196078
0.498039215686275
0.498039215686275
0.501960784313725
0.505882352941176
0.490196078431373
0.490196078431373
0.490196078431373
0.494117647058824
0.486274509803922
0.482352941176471
0.47843137254902
0.47843137254902
0.470588235294118
0.474509803921569
0.462745098039216
0.462745098039216
0.462745098039216
0.466666666666667
0.458823529411765
0.458823529411765
0.458823529411765
0.458823529411765
0.450980392156863
0.454901960784314
0.450980392156863
0.454901960784314
0.443137254901961
0.447058823529412
0.43921568627451
0.443137254901961
0.43921568627451
0.439803921568627
0.435294117647059
0.52156862745098
0.518117647058824
0.52156862745098
0.513725490196078
0.52156862745098
0.525490196078431
0.525490196078431
0.517647058823529
0.505882352941176
0.498039215686275
0.517647058823529
0.509803921568627
0.509803921568627
0.501960784313725
0.505882352941176
0.498039215686275
0.498039215686275
0.494117647058824
0.494117647058824
0.47843137254902
0.486274509803922
0.482352941176471
0.482352941176471
0.474509803921569
0.47843137254902
0.470588235294118
0.470588235294118
0.466666666666667
0.466666666666667
0.454901960784314
0.454901960784314
0.454901960784314
0.454901960784314
0.447058823529412
0.447058823529412
0.450980392156863
0.447058823529412
0.443137254901961
0.443137254901961
0.443137254901961
0.43921568627451
0.431372549019608
0.43921568627451
0.423529411764706
0.389019607843137
0.431372549019608
0.411137254901961
0.423529411764706
0.513725490196078
0.513725490196078
0.500392156862745
0.513725490196078
0.513725490196078
0.509803921568627
0.513725490196078
0.505882352941176
0.498039215686275
0.494117647058824
0.505882352941176
0.498039215686275
0.498039215686275
0.490196078431373
0.490666666666667
0.486274509803922
0.486274509803922
0.486274509803922
0.486274509803922
0.47843137254902
0.47843137254902
0.471058823529412
0.474509803921569
0.474509803921569
0.470588235294118
0.462745098039216
0.462745098039216
0.454901960784314
0.458823529411765
0.447058823529412
0.447058823529412
0.443137254901961
0.447058823529412
0.43921568627451
0.43921568627451
0.435882352941176
0.43921568627451
0.431372549019608
0.427450980392157
0.427450980392157
0.431372549019608
0.427450980392157
0.423529411764706
0.419607843137255
0.420078431372549
0.423529411764706
0.423529411764706
0.419607843137255
0.501960784313725
0.501960784313725
0.501960784313725
0.501960784313725
0.501960784313725
0.498039215686275
0.498039215686275
0.498039215686275
0.482352941176471
0.47843137254902
0.494117647058824
0.490196078431373
0.486274509803922
0.482352941176471
0.486274509803922
0.482352941176471
0.482352941176471
0.474509803921569
0.474509803921569
0.466666666666667
0.470588235294118
0.466666666666667
0.466666666666667
0.458823529411765
0.458823529411765
0.451450980392157
0.448941176470588
0.447058823529412
0.447058823529412
0.435882352941176
0.43921568627451
0.435294117647059
0.43921568627451
0.427450980392157
0.427450980392157
0.427450980392157
0.427450980392157
0.423529411764706
0.409607843137255
0.415686274509804
0.419607843137255
0.415686274509804
0.411764705882353
0.407843137254902
0.407843137254902
0.411764705882353
0.407843137254902
0.403921568627451
0.486274509803922
0.473882352941176
0.482352941176471
0.482352941176471
0.486274509803922
0.486274509803922
0.486274509803922
0.47843137254902
0.467254901960784
0.466666666666667
0.47843137254902
0.471176470588235
0.470588235294118
0.470588235294118
0.470588235294118
0.466666666666667
0.466666666666667
0.458823529411765
0.458823529411765
0.458823529411765
0.454901960784314
0.450980392156863
0.450980392156863
0.447058823529412
0.447058823529412
0.443137254901961
0.43921568627451
0.43921568627451
0.435294117647059
0.427450980392157
0.427450980392157
0.419607843137255
0.427450980392157
0.419607843137255
0.415686274509804
0.415686274509804
0.415686274509804
0.407843137254902
0.403921568627451
0.403921568627451
0.403921568627451
0.4
0.400470588235294
0.392156862745098
0.396078431372549
0.396666666666667
0.396078431372549
0.392156862745098
0.462745098039216
0.466666666666667
0.466666666666667
0.466666666666667
0.470588235294118
0.466666666666667
0.466666666666667
0.462745098039216
0.435294117647059
0.443137254901961
0.462745098039216
0.45156862745098
0.454901960784314
0.450980392156863
0.454901960784314
0.447647058823529
0.450980392156863
0.447058823529412
0.447529411764706
0.443137254901961
0.443137254901961
0.351372549019608
0.43921568627451
0.427450980392157
0.435294117647059
0.431372549019608
0.427450980392157
0.427450980392157
0.423529411764706
0.411764705882353
0.415686274509804
0.411764705882353
0.411764705882353
0.403921568627451
0.403921568627451
0.4
0.403921568627451
0.396078431372549
0.392156862745098
0.388235294117647
0.392156862745098
0.384313725490196
0.384313725490196
0.380392156862745
0.384313725490196
0.384313725490196
0.376470588235294
0.376941176470588
0.439686274509804
0.443137254901961
0.443137254901961
0.447058823529412
0.450980392156863
0.447058823529412
0.447058823529412
0.427921568627451
0.423529411764706
0.419607843137255
0.43921568627451
0.435294117647059
0.43921568627451
0.435294117647059
0.431372549019608
0.428627450980392
0.431843137254902
0.431372549019608
0.427450980392157
0.423529411764706
0.427450980392157
0.419607843137255
0.423529411764706
0.415686274509804
0.416274509803922
0.411764705882353
0.407843137254902
0.407843137254902
0.407843137254902
0.396078431372549
0.4
0.388235294117647
0.392156862745098
0.388235294117647
0.384313725490196
0.384313725490196
0.384313725490196
0.384313725490196
0.380392156862745
0.372549019607843
0.354117647058824
0.242549019607843
0.372549019607843
0.368627450980392
0.368627450980392
0.372549019607843
0.372549019607843
0.364705882352941
0.419607843137255
0.423529411764706
0.419607843137255
0.427450980392157
0.431372549019608
0.419607843137255
0.423529411764706
0.2
0.4
0.396078431372549
0.419607843137255
0.415686274509804
0.416274509803922
0.411764705882353
0.411764705882353
0.407843137254902
0.411764705882353
0.407843137254902
0.407843137254902
0.407843137254902
0.407843137254902
0.4
0.4
0.396078431372549
0.4
0.392156862745098
0.388235294117647
0.392156862745098
0.392156862745098
0.384313725490196
0.384313725490196
0.376470588235294
0.380392156862745
0.372549019607843
0.372549019607843
0.368627450980392
0.372549019607843
0.361372549019608
0.364705882352941
0.36078431372549
0.36078431372549
0.36078431372549
0.356862745098039
0.356862745098039
0.356862745098039
0.356862745098039
0.356862745098039
0.349019607843137
0.4
0.396078431372549
0.396078431372549
0.396078431372549
0.403921568627451
0.392627450980392
0.4
0.388235294117647
0.376470588235294
0.376470588235294
0.4
0.392156862745098
0.392627450980392
0.388235294117647
0.392156862745098
0.388235294117647
0.388235294117647
0.376470588235294
0.388235294117647
0.376470588235294
0.38
0.380392156862745
0.380980392156863
0.380392156862745
0.376470588235294
0.372549019607843
0.372549019607843
0.372549019607843
0.372549019607843
0.36078431372549
0.36078431372549
0.356862745098039
0.36078431372549
0.356862745098039
0.352941176470588
0.352941176470588
0.352941176470588
0.352941176470588
0.349019607843137
0.345098039215686
0.349019607843137
0.349019607843137
0.345098039215686
0.341176470588235
0.345098039215686
0.341176470588235
0.341176470588235
0.337254901960784
0.372549019607843
0.372549019607843
0.372549019607843
0.372549019607843
0.376470588235294
0.376470588235294
0.377058823529412
0.372549019607843
0.349019607843137
0.352941176470588
0.372549019607843
0.368627450980392
0.368627450980392
0.364705882352941
0.368627450980392
0.365294117647059
0.364705882352941
0.36078431372549
0.364705882352941
0.364705882352941
0.36078431372549
0.36078431372549
0.356862745098039
0.353411764705882
0.356862745098039
0.352941176470588
0.352941176470588
0.352941176470588
0.349019607843137
0.345098039215686
0.345098039215686
0.333803921568627
0.341176470588235
0.341176470588235
0.330588235294118
0.333333333333333
0.337254901960784
0.333333333333333
0.333333333333333
0.329411764705882
0.187137254901961
0.329411764705882
0.325960784313726
0.325490196078431
0.325490196078431
0.325490196078431
0.325490196078431
0.325490196078431
0.345098039215686
0.349019607843137
0.349019607843137
0.349019607843137
0.352941176470588
0.349607843137255
0.352941176470588
0.345098039215686
0.32156862745098
0.325960784313726
0.341647058823529
0.345098039215686
0.349019607843137
0.345098039215686
0.349019607843137
0.341176470588235
0.341176470588235
0.341176470588235
0.341764705882353
0.337254901960784
0.341176470588235
0.341176470588235
0.341176470588235
0.337254901960784
0.337254901960784
0.333333333333333
0.329411764705882
0.329411764705882
0.333333333333333
0.325490196078431
0.325490196078431
0.317647058823529
0.32156862745098
0.32156862745098
0.325490196078431
0.32156862745098
0.32156862745098
0.32156862745098
0.32156862745098
0.291137254901961
0.314313725490196
0.313725490196078
0.317647058823529
0.300980392156863
0.309803921568627
0.309803921568627
0.309803921568627
0.305882352941176
0.325490196078431
0.325490196078431
0.325490196078431
0.325490196078431
0.329411764705882
0.329411764705882
0.325490196078431
0.32156862745098
0.305882352941176
0.309803921568627
0.32156862745098
0.32156862745098
0.322156862745098
0.32156862745098
0.325490196078431
0.32156862745098
0.32
0.325490196078431
0.32156862745098
0.317647058823529
0.32156862745098
0.318588235294118
0.317647058823529
0.313725490196078
0.317647058823529
0.317647058823529
0.313725490196078
0.313725490196078
0.313725490196078
0.305882352941176
0.309803921568627
0.305882352941176
0.305882352941176
0.305882352941176
0.305882352941176
0.301960784313725
0.301960784313725
0.301960784313725
0.301960784313725
0.298039215686275
0.294705882352941
0.298039215686275
0.298039215686275
0.290196078431373
0.294117647058824
0.294117647058824
0.294705882352941
0.294117647058824
0.301960784313725
0.305882352941176
0.29078431372549
0.298980392156863
0.309803921568627
0.309803921568627
0.309803921568627
0.305882352941176
0.294117647058824
0.294117647058824
0.309803921568627
0.301960784313725
0.305882352941176
0.301960784313725
0.287686274509804
0.298039215686275
0.301960784313725
0.301960784313725
0.305882352941176
0.301960784313725
0.301960784313725
0.298039215686275
0.301960784313725
0.298039215686275
0.298039215686275
0.294117647058824
0.298039215686275
0.294117647058824
0.294117647058824
0.28721568627451
0.290196078431373
0.27843137254902
0.290196078431373
0.286274509803922
0.286274509803922
0.286274509803922
0.286274509803922
0.286274509803922
0.282352941176471
0.282352941176471
0.286274509803922
0.282352941176471
0.286274509803922
0.274509803921569
0.282352941176471
0.282352941176471
0.282352941176471
0.27843137254902
0.290196078431373
0.294117647058824
0.294117647058824
0.294117647058824
0.296
0.298039215686275
0.298039215686275
0.294117647058824
0.27843137254902
0.282352941176471
0.294117647058824
0.290196078431373
0.286862745098039
0.286274509803922
0.290196078431373
0.286274509803922
0.286274509803922
0.286274509803922
0.286274509803922
0.286274509803922
0.282352941176471
0.286274509803922
0.267843137254902
0.279019607843137
0.282352941176471
0.274509803921569
0.282352941176471
0.282352941176471
0.274509803921569
0.270588235294118
0.271176470588235
0.274509803921569
0.274509803921569
0.270588235294118
0.274509803921569
0.270588235294118
0.270588235294118
0.262745098039216
0.266666666666667
0.266666666666667
0.266666666666667
0.262745098039216
0.235686274509804
0.258823529411765
0.266666666666667
0.258823529411765
0.262745098039216
0.262745098039216
0.282352941176471
0.282352941176471
0.282352941176471
0.282352941176471
0.286274509803922
0.286274509803922
0.286274509803922
0.27843137254902
0.270588235294118
0.270588235294118
0.282352941176471
0.274509803921569
0.274509803921569
0.274509803921569
0.27843137254902
0.274509803921569
0.270588235294118
0.274509803921569
0.274509803921569
0.266666666666667
0.266666666666667
0.270588235294118
0.270588235294118
0.266666666666667
0.266666666666667
0.266666666666667
0.270588235294118
0.266666666666667
0.254901960784314
0.258823529411765
0.262745098039216
0.254901960784314
0.258823529411765
0.254901960784314
0.258823529411765
0.258823529411765
0.254901960784314
0.250980392156863
0.250980392156863
0.250980392156863
0.250980392156863
0.243725490196078
0.247058823529412
0.243137254901961
0.243137254901961
0.243137254901961
0.250980392156863
0.23921568627451
0.270588235294118
0.274509803921569
0.274509803921569
0.274509803921569
0.274509803921569
0.274509803921569
0.274509803921569
0.270588235294118
0.254901960784314
0.250980392156863
0.270588235294118
0.262745098039216
0.262745098039216
0.225882352941176
0.266666666666667
0.262745098039216
0.262745098039216
0.262745098039216
0.258823529411765
0.258823529411765
0.258823529411765
0.258823529411765
0.254901960784314
0.254901960784314
0.254901960784314
0.250980392156863
0.0770588235294118
0.125490196078431
0.250980392156863
0.243137254901961
0.243137254901961
0.243137254901961
0.247058823529412
0.239803921568627
0.243137254901961
0.243137254901961
0.243137254901961
0.235294117647059
0.231372549019608
0.231372549019608
0.231843137254902
0.228039215686274
0.231372549019608
0.227450980392157
0.228039215686274
0.227450980392157
0.227450980392157
0.223529411764706
0.197803921568627
0.254901960784314
0.255372549019608
0.258823529411765
0.254901960784314
0.250980392156863
0.258823529411765
0.254901960784314
0.231372549019608
0.227450980392157
0.250980392156863
0.247058823529412
0.250980392156863
0.243725490196078
0.247058823529412
0.243137254901961
0.247058823529412
0.243137254901961
0.243607843137255
0.247058823529412
0.243607843137255
0.243137254901961
0.243137254901961
0.23921568627451
0.23921568627451
0.235294117647059
0.23921568627451
0.23921568627451
0.23921568627451
0.223529411764706
0.227450980392157
0.227450980392157
0.231372549019608
0.223529411764706
0.223529411764706
0.223529411764706
0.223529411764706
0.215686274509804
0.215686274509804
0.212352941176471
0.215686274509804
0.211764705882353
0.211764705882353
0.203921568627451
0.207843137254902
0.207843137254902
0.203921568627451
0.200470588235294
