0.858823529411765
0.862745098039216
0.862745098039216
0.862745098039216
0.866666666666667
0.866666666666667
0.866666666666667
0.862745098039216
0.847058823529412
0.858823529411765
0.862745098039216
0.858823529411765
0.858823529411765
0.858823529411765
0.858823529411765
0.858823529411765
0.854901960784314
0.854901960784314
0.851450980392157
0.843137254901961
0.847058823529412
0.847058823529412
0.847058823529412
0.843137254901961
0.843137254901961
0.843137254901961
0.843137254901961
0.83921568627451
0.83921568627451
0.827450980392157
0.827450980392157
0.823529411764706
0.823529411764706
0.827450980392157
0.823529411764706
0.819607843137255
0.819607843137255
0.815686274509804
0.815686274509804
0.811764705882353
0.811764705882353
0.807843137254902
0.807843137254902
0.8
0.8
0.8
0.8
0.804274509803922
0.847058823529412
0.854901960784314
0.854901960784314
0.854901960784314
0.862745098039216
0.858823529411765
0.862745098039216
0.847058823529412
0.847058823529412
0.854901960784314
0.854901960784314
0.847058823529412
0.847058823529412
0.850980392156863
0.850980392156863
0.843137254901961
0.843137254901961
0.847058823529412
0.847058823529412
0.835294117647059
0.835294117647059
0.835294117647059
0.83921568627451
0.827450980392157
0.827450980392157
0.827450980392157
0.827450980392157
0.823529411764706
0.819607843137255
0.815686274509804
0.815686274509804
0.811764705882353
0.811764705882353
0.811764705882353
0.807843137254902
0.803921568627451
0.803921568627451
0.803921568627451
0.8
0.796078431372549
0.796078431372549
0.788235294117647
0.792156862745098
0.788235294117647
0.788235294117647
0.788235294117647
0.788235294117647
0.792156862745098
0.850980392156863
0.854901960784314
0.854901960784314
0.854901960784314
0.858823529411765
0.858823529411765
0.858823529411765
0.847058823529412
0.850980392156863
0.847058823529412
0.850980392156863
0.847058823529412
0.847058823529412
0.843137254901961
0.83921568627451
0.831372549019608
0.831372549019608
0.835294117647059
0.83921568627451
0.827450980392157
0.827450980392157
0.827450980392157
0.827450980392157
0.819607843137255
0.819607843137255
0.815686274509804
0.815686274509804
0.807843137254902
0.807843137254902
0.8
0.8
0.792156862745098
0.792156862745098
0.796078431372549
0.796078431372549
0.788235294117647
0.784313725490196
0.784313725490196
0.784313725490196
0.780392156862745
0.780392156862745
0.776470588235294
0.776470588235294
0.768627450980392
0.768627450980392
0.768627450980392
0.768627450980392
0.772549019607843
0.850980392156863
0.858823529411765
0.858823529411765
0.858823529411765
0.858823529411765
0.854901960784314
0.854901960784314
0.847058823529412
0.847058823529412
0.843137254901961
0.847058823529412
0.83921568627451
0.83921568627451
0.83921568627451
0.835294117647059
0.827450980392157
0.827450980392157
0.827450980392157
0.827450980392157
0.823529411764706
0.823529411764706
0.819607843137255
0.815686274509804
0.807843137254902
0.811764705882353
0.807843137254902
0.8
0.803921568627451
0.8
0.788235294117647
0.792156862745098
0.788235294117647
0.788235294117647
0.784313725490196
0.780392156862745
0.776470588235294
0.772549019607843
0.768627450980392
0.764705882352941
0.76078431372549
0.76078431372549
0.76078431372549
0.76078431372549
0.749019607843137
0.749019607843137
0.752941176470588
0.752941176470588
0.752941176470588
0.854901960784314
0.858823529411765
0.854901960784314
0.854901960784314
0.854901960784314
0.850980392156863
0.850980392156863
0.847058823529412
0.83956862745098
0.843137254901961
0.843137254901961
0.835647058823529
0.835294117647059
0.831372549019608
0.831372549019608
0.827450980392157
0.823529411764706
0.819607843137255
0.819607843137255
0.815686274509804
0.812117647058824
0.803921568627451
0.803921568627451
0.803921568627451
0.796078431372549
0.796078431372549
0.788235294117647
0.784313725490196
0.780392156862745
0.772549019607843
0.772549019607843
0.768627450980392
0.768627450980392
0.764705882352941
0.764705882352941
0.764705882352941
0.764705882352941
0.756862745098039
0.749019607843137
0.749019607843137
0.752941176470588
0.745098039215686
0.741176470588235
0.733333333333333
0.737254901960784
0.737254901960784
0.737254901960784
0.737254901960784
0.850980392156863
0.854901960784314
0.854901960784314
0.854901960784314
0.850980392156863
0.850980392156863
0.854901960784314
0.843137254901961
0.835294117647059
0.835294117647059
0.847058823529412
0.835294117647059
0.827450980392157
0.827450980392157
0.827450980392157
0.819607843137255
0.811764705882353
0.811764705882353
0.815686274509804
0.803921568627451
0.8
0.8
0.796078431372549
0.792156862745098
0.784313725490196
0.780392156862745
0.776470588235294
0.776470588235294
0.776470588235294
0.76078431372549
0.76078431372549
0.76078431372549
0.76078431372549
0.756862745098039
0.756862745098039
0.752941176470588
0.756862745098039
0.745098039215686
0.741176470588235
0.741176470588235
0.745098039215686
0.733333333333333
0.733333333333333
0.729411764705882
0.725843137254902
0.729411764705882
0.729411764705882
0.729411764705882
0.843137254901961
0.847058823529412
0.847058823529412
0.847058823529412
0.847058823529412
0.847058823529412
0.847058823529412
0.835294117647059
0.827450980392157
0.823529411764706
0.835294117647059
0.823529411764706
0.823529411764706
0.819607843137255
0.819607843137255
0.807843137254902
0.807843137254902
0.807843137254902
0.807843137254902
0.796078431372549
0.792156862745098
0.788235294117647
0.788235294117647
0.780392156862745
0.776470588235294
0.772549019607843
0.769098039215686
0.768627450980392
0.764705882352941
0.752941176470588
0.752941176470588
0.752941176470588
0.752941176470588
0.741176470588235
0.741176470588235
0.741176470588235
0.741176470588235
0.733333333333333
0.729411764705882
0.729411764705882
0.729411764705882
0.72156862745098
0.725490196078431
0.713725490196078
0.713725490196078
0.717647058823529
0.717647058823529
0.717647058823529
0.835294117647059
0.835294117647059
0.835294117647059
0.835294117647059
0.83921568627451
0.831372549019608
0.831372549019608
0.827450980392157
0.815686274509804
0.807843137254902
0.823529411764706
0.815686274509804
0.811764705882353
0.807843137254902
0.803921568627451
0.8
0.796078431372549
0.796078431372549
0.796078431372549
0.788235294117647
0.78478431372549
0.776470588235294
0.780392156862745
0.772549019607843
0.772549019607843
0.764705882352941
0.76078431372549
0.76078431372549
0.756862745098039
0.741176470588235
0.741176470588235
0.741176470588235
0.741176470588235
0.733333333333333
0.729411764705882
0.725490196078431
0.725490196078431
0.72156862745098
0.717647058823529
0.713725490196078
0.713725490196078
0.713725490196078
0.713725490196078
0.701960784313725
0.701960784313725
0.709803921568627
0.709803921568627
0.705882352941177
0.819607843137255
0.819607843137255
0.819607843137255
0.819607843137255
0.823529411764706
0.815686274509804
0.815686274509804
0.815686274509804
0.8
0.796078431372549
0.807843137254902
0.8
0.8
0.796078431372549
0.796078431372549
0.788235294117647
0.788235294117647
0.780392156862745
0.780392156862745
0.776470588235294
0.776470588235294
0.768627450980392
0.764705882352941
0.764705882352941
0.756862745098039
0.752941176470588
0.745098039215686
0.745098039215686
0.749019607843137
0.733333333333333
0.729411764705882
0.733333333333333
0.733333333333333
0.72156862745098
0.713725490196078
0.713725490196078
0.713725490196078
0.709803921568627
0.701960784313725
0.698509803921569
0.701960784313725
0.701960784313725
0.698039215686274
0.690196078431373
0.690196078431373
0.698039215686274
0.694117647058824
0.690196078431373
0.8
0.803921568627451
0.803921568627451
0.803921568627451
0.8
0.803921568627451
0.803921568627451
0.796078431372549
0.772549019607843
0.776470588235294
0.792156862745098
0.784313725490196
0.784313725490196
0.780392156862745
0.780392156862745
0.776470588235294
0.772549019607843
0.768627450980392
0.768627450980392
0.764705882352941
0.761137254901961
0.752941176470588
0.752941176470588
0.749019607843137
0.745098039215686
0.737254901960784
0.733333333333333
0.733333333333333
0.733333333333333
0.717647058823529
0.717647058823529
0.717647058823529
0.717647058823529
0.705882352941177
0.698039215686274
0.701960784313725
0.701960784313725
0.694117647058824
0.686274509803922
0.686274509803922
0.690196078431373
0.686274509803922
0.682352941176471
0.67843137254902
0.67843137254902
0.682352941176471
0.67843137254902
0.674509803921569
0.776470588235294
0.784313725490196
0.780392156862745
0.780392156862745
0.784313725490196
0.780392156862745
0.780392156862745
0.772549019607843
0.752941176470588
0.752941176470588
0.772549019607843
0.76078431372549
0.764705882352941
0.76078431372549
0.756862745098039
0.752941176470588
0.752941176470588
0.752941176470588
0.752941176470588
0.745098039215686
0.745098039215686
0.745098039215686
0.737254901960784
0.737254901960784
0.733333333333333
0.725490196078431
0.72156862745098
0.72156862745098
0.717647058823529
0.701960784313725
0.701960784313725
0.701960784313725
0.701960784313725
0.694117647058824
0.690196078431373
0.690196078431373
0.690196078431373
0.682352941176471
0.674509803921569
0.670588235294118
0.670941176470588
0.666666666666667
0.666666666666667
0.662745098039216
0.662745098039216
0.666666666666667
0.666666666666667
0.658823529411765
0.749019607843137
0.752941176470588
0.752941176470588
0.752941176470588
0.76078431372549
0.76078431372549
0.752941176470588
0.752941176470588
0.725490196078431
0.72156862745098
0.745098039215686
0.741176470588235
0.741176470588235
0.737254901960784
0.733333333333333
0.733333333333333
0.733333333333333
0.729411764705882
0.729411764705882
0.72156862745098
0.72156862745098
0.72156862745098
0.717647058823529
0.713725490196078
0.713725490196078
0.705882352941177
0.701960784313725
0.701960784313725
0.701960784313725
0.686274509803922
0.686274509803922
0.67843137254902
0.67843137254902
0.674509803921569
0.670588235294118
0.666666666666667
0.666666666666667
0.666666666666667
0.658823529411765
0.654901960784314
0.650980392156863
0.650980392156863
0.650980392156863
0.647058823529412
0.647058823529412
0.654901960784314
0.654901960784314
0.643137254901961
0.717647058823529
0.72156862745098
0.72156862745098
0.729411764705882
0.737254901960784
0.725490196078431
0.725490196078431
0.725490196078431
0.694117647058824
0.698039215686274
0.72156862745098
0.713725490196078
0.713725490196078
0.709803921568627
0.705882352941177
0.705882352941177
0.705882352941177
0.705882352941177
0.701960784313725
0.701960784313725
0.698039215686274
0.694117647058824
0.694117647058824
0.690196078431373
0.690196078431373
0.682352941176471
0.67843137254902
0.67843137254902
0.682352941176471
0.666666666666667
0.667019607843137
0.659176470588235
0.662745098039216
0.658823529411765
0.654901960784314
0.650980392156863
0.650980392156863
0.647058823529412
0.643137254901961
0.635294117647059
0.63921568627451
0.63921568627451
0.635294117647059
0.635294117647059
0.635294117647059
0.63921568627451
0.635294117647059
0.627450980392157
0.694117647058824
0.694117647058824
0.694117647058824
0.698039215686274
0.705882352941177
0.698039215686274
0.698039215686274
0.694117647058824
0.666666666666667
0.666666666666667
0.694117647058824
0.686274509803922
0.690196078431373
0.686274509803922
0.682352941176471
0.682352941176471
0.67843137254902
0.674509803921569
0.674509803921569
0.674509803921569
0.67843137254902
0.670588235294118
0.670588235294118
0.666666666666667
0.666666666666667
0.658823529411765
0.654901960784314
0.658823529411765
0.658823529411765
0.643137254901961
0.643137254901961
0.63921568627451
0.639686274509804
0.63921568627451
0.631372549019608
0.631372549019608
0.635294117647059
0.635294117647059
0.623529411764706
0.623529411764706
0.623529411764706
0.624
0.623529411764706
0.619607843137255
0.619607843137255
0.619607843137255
0.615686274509804
0.615686274509804
0.659176470588235
0.666666666666667
0.666666666666667
0.666666666666667
0.674509803921569
0.670588235294118
0.670588235294118
0.666666666666667
0.635294117647059
0.63921568627451
0.666666666666667
0.658823529411765
0.658823529411765
0.658823529411765
0.658823529411765
0.654901960784314
0.650980392156863
0.650980392156863
0.650980392156863
0.650980392156863
0.647058823529412
0.647058823529412
0.643137254901961
0.63921568627451
0.643137254901961
0.635294117647059
0.635294117647059
0.635294117647059
0.635294117647059
0.627450980392157
0.623882352941176
0.619607843137255
0.619607843137255
0.619607843137255
0.619607843137255
0.611764705882353
0.611764705882353
0.611764705882353
0.611764705882353
0.603921568627451
0.603921568627451
0.603921568627451
0.603921568627451
0.603921568627451
0.600470588235294
0.6
0.603921568627451
0.603921568627451
0.631372549019608
0.63921568627451
0.635294117647059
0.635294117647059
0.643137254901961
0.63921568627451
0.63921568627451
0.635294117647059
0.607843137254902
0.615686274509804
0.635294117647059
0.631372549019608
0.631372549019608
0.631372549019608
0.635294117647059
0.627450980392157
0.627450980392157
0.627450980392157
0.627450980392157
0.619607843137255
0.623529411764706
0.623529411764706
0.619607843137255
0.619607843137255
0.619607843137255
0.615686274509804
0.611764705882353
0.611764705882353
0.611764705882353
0.603921568627451
0.603921568627451
0.596078431372549
0.596078431372549
0.6
0.6
0.596078431372549
0.592156862745098
0.596078431372549
0.596078431372549
0.592156862745098
0.592156862745098
0.588235294117647
0.592156862745098
0.584313725490196
0.580392156862745
0.580392156862745
0.584313725490196
0.580392156862745
0.603921568627451
0.611764705882353
0.611764705882353
0.611764705882353
0.615686274509804
0.611764705882353
0.611764705882353
0.607843137254902
0.588235294117647
0.592156862745098
0.611764705882353
0.607843137254902
0.607843137254902
0.611764705882353
0.611764705882353
0.603921568627451
0.603921568627451
0.607843137254902
0.607843137254902
0.603921568627451
0.600352941176471
0.6
0.6
0.596078431372549
0.6
0.596078431372549
0.596078431372549
0.592156862745098
0.592156862745098
0.584313725490196
0.58478431372549
0.580392156862745
0.580392156862745
0.580392156862745
0.576470588235294
0.580392156862745
0.576470588235294
0.580392156862745
0.580392156862745
0.572549019607843
0.572549019607843
0.572549019607843
0.572549019607843
0.564705882352941
0.564705882352941
0.572549019607843
0.572549019607843
0.572549019607843
0.584313725490196
0.588235294117647
0.588235294117647
0.588235294117647
0.592156862745098
0.596078431372549
0.592156862745098
0.588235294117647
0.576470588235294
0.580392156862745
0.592509803921569
0.584313725490196
0.584313725490196
0.584313725490196
0.588235294117647
0.580392156862745
0.580392156862745
0.588235294117647
0.588235294117647
0.580392156862745
0.580392156862745
0.584313725490196
0.580392156862745
0.576470588235294
0.576470588235294
0.572549019607843
0.572549019607843
0.572549019607843
0.572549019607843
0.564705882352941
0.564705882352941
0.564705882352941
0.568627450980392
0.56078431372549
0.56078431372549
0.564705882352941
0.564705882352941
0.564705882352941
0.56078431372549
0.564705882352941
0.56078431372549
0.56078431372549
0.56078431372549
0.552941176470588
0.552941176470588
0.556862745098039
0.556862745098039
0.556862745098039
0.572549019607843
0.576470588235294
0.576470588235294
0.580392156862745
0.584313725490196
0.584313725490196
0.584313725490196
0.576470588235294
0.564705882352941
0.572549019607843
0.580392156862745
0.568627450980392
0.572549019607843
0.572549019607843
0.572549019607843
0.568627450980392
0.568627450980392
0.568627450980392
0.568980392156863
0.568627450980392
0.556862745098039
0.56078431372549
0.568627450980392
0.56078431372549
0.56078431372549
0.56078431372549
0.56078431372549
0.56078431372549
0.556862745098039
0.549019607843137
0.549019607843137
0.552941176470588
0.549372549019608
0.549019607843137
0.549019607843137
0.549019607843137
0.549019607843137
0.541176470588235
0.541176470588235
0.545098039215686
0.545098039215686
0.537254901960784
0.537254901960784
0.537254901960784
0.537254901960784
0.533333333333333
0.537254901960784
0.537254901960784
0.564705882352941
0.572549019607843
0.572549019607843
0.572549019607843
0.576470588235294
0.576470588235294
0.572549019607843
0.564705882352941
0.56078431372549
0.56078431372549
0.572549019607843
0.556862745098039
0.556862745098039
0.56078431372549
0.56078431372549
0.552941176470588
0.552941176470588
0.556862745098039
0.55721568627451
0.552941176470588
0.549019607843137
0.556862745098039
0.553411764705882
0.549019607843137
0.549019607843137
0.549019607843137
0.549019607843137
0.545098039215686
0.545098039215686
0.537254901960784
0.537254901960784
0.533333333333333
0.533333333333333
0.533333333333333
0.533333333333333
0.537254901960784
0.533333333333333
0.525490196078431
0.529411764705882
0.529411764705882
0.529411764705882
0.52156862745098
0.525490196078431
0.52156862745098
0.52156862745098
0.521921568627451
0.525490196078431
0.52156862745098
0.556862745098039
0.564705882352941
0.564705882352941
0.564705882352941
0.568627450980392
0.568627450980392
0.568627450980392
0.564705882352941
0.549019607843137
0.541176470588235
0.56078431372549
0.549019607843137
0.552941176470588
0.552941176470588
0.556862745098039
0.549019607843137
0.549019607843137
0.549019607843137
0.549019607843137
0.545098039215686
0.541176470588235
0.545098039215686
0.545098039215686
0.537254901960784
0.537254901960784
0.533333333333333
0.537254901960784
0.537254901960784
0.537254901960784
0.525490196078431
0.525490196078431
0.525490196078431
0.525490196078431
0.52156862745098
0.52156862745098
0.525490196078431
0.525490196078431
0.513725490196078
0.509803921568627
0.509803921568627
0.509803921568627
0.509803921568627
0.509803921568627
0.505882352941176
0.505882352941176
0.505882352941176
0.505882352941176
0.498392156862745
0.545098039215686
0.549019607843137
0.549019607843137
0.552941176470588
0.549019607843137
0.545098039215686
0.549019607843137
0.549019607843137
0.52156862745098
0.52156862745098
0.541176470588235
0.537254901960784
0.537254901960784
0.537254901960784
0.537254901960784
0.533333333333333
0.533333333333333
0.533333333333333
0.533333333333333
0.537254901960784
0.533333333333333
0.533333333333333
0.529411764705882
0.529411764705882
0.529411764705882
0.52156862745098
0.52156862745098
0.521921568627451
0.525490196078431
0.509803921568627
0.509803921568627
0.513725490196078
0.513725490196078
0.509803921568627
0.501960784313725
0.501960784313725
0.505882352941176
0.498039215686275
0.490196078431373
0.490196078431373
0.494117647058824
0.490196078431373
0.486274509803922
0.482352941176471
0.482352941176471
0.482352941176471
0.482352941176471
0.482352941176471
