0.525490196078431
0.537254901960784
0.526666666666667
0.52643137254902
0.541176470588235
0.537254901960784
0.537254901960784
0.533333333333333
0.525490196078431
0.533333333333333
0.537254901960784
0.529411764705882
0.533333333333333
0.533333333333333
0.525490196078431
0.533333333333333
0.529411764705882
0.529411764705882
0.529411764705882
0.525490196078431
0.525490196078431
0.525490196078431
0.525490196078431
0.52156862745098
0.52156862745098
0.52156862745098
0.52156862745098
0.517647058823529
0.518117647058824
0.509803921568627
0.510392156862745
0.505882352941176
0.509803921568627
0.509803921568627
0.509803921568627
0.505882352941176
0.505882352941176
0.505882352941176
0.505882352941176
0.498039215686275
0.498039215686275
0.498039215686275
0.498039215686275
0.490196078431373
0.490196078431373
0.490196078431373
0.490196078431373
0.498039215686275
0.52156862745098
0.529411764705882
0.502549019607843
0.525490196078431
0.529411764705882
0.506666666666667
0.533333333333333
0.525490196078431
0.525490196078431
0.529411764705882
0.533333333333333
0.525490196078431
0.526078431372549
0.525490196078431
0.529411764705882
0.52156862745098
0.522039215686275
0.525490196078431
0.525490196078431
0.505882352941176
0.517647058823529
0.517647058823529
0.517647058823529
0.513725490196078
0.513725490196078
0.513725490196078
0.475921568627451
0.505882352941176
0.505882352941176
0.501960784313725
0.501960784313725
0.498039215686275
0.498039215686275
0.498039215686275
0.498039215686275
0.494117647058824
0.494117647058824
0.494117647058824
0.490196078431373
0.490196078431373
0.490196078431373
0.482941176470588
0.486745098039216
0.482352941176471
0.482352941176471
0.482352941176471
0.482352941176471
0.486274509803922
0.525490196078431
0.525490196078431
0.529411764705882
0.525490196078431
0.533333333333333
0.533333333333333
0.533333333333333
0.525490196078431
0.525490196078431
0.525490196078431
0.525490196078431
0.52156862745098
0.518235294117647
0.52156862745098
0.52156862745098
0.513725490196078
0.513725490196078
0.517647058823529
0.517647058823529
0.506352941176471
0.513725490196078
0.509803921568627
0.509803921568627
0.505882352941176
0.505882352941176
0.501960784313725
0.501960784313725
0.498039215686275
0.498039215686275
0.490196078431373
0.490196078431373
0.482352941176471
0.486274509803922
0.486274509803922
0.490196078431373
0.482352941176471
0.482352941176471
0.47843137254902
0.47843137254902
0.47843137254902
0.47843137254902
0.46321568627451
0.474509803921569
0.466666666666667
0.466666666666667
0.470588235294118
0.470588235294118
0.467137254901961
0.529411764705882
0.533333333333333
0.529411764705882
0.533333333333333
0.533333333333333
0.529411764705882
0.525490196078431
0.52156862745098
0.525490196078431
0.52156862745098
0.460235294117647
0.517647058823529
0.517647058823529
0.517647058823529
0.517647058823529
0.509803921568627
0.509803921568627
0.509803921568627
0.506470588235294
0.505882352941176
0.505882352941176
0.501960784313725
0.501960784313725
0.498039215686275
0.501960784313725
0.498039215686275
0.490666666666667
0.494117647058824
0.490196078431373
0.482352941176471
0.486274509803922
0.482352941176471
0.482352941176471
0.47843137254902
0.47843137254902
0.474509803921569
0.470588235294118
0.466666666666667
0.470588235294118
0.462745098039216
0.462745098039216
0.458823529411765
0.462745098039216
0.443137254901961
0.450980392156863
0.443137254901961
0.454901960784314
0.452745098039216
0.529411764705882
0.533333333333333
0.529411764705882
0.525490196078431
0.529411764705882
0.525490196078431
0.529411764705882
0.525490196078431
0.52156862745098
0.52156862745098
0.52156862745098
0.517647058823529
0.514313725490196
0.498039215686275
0.513725490196078
0.509803921568627
0.50243137254902
0.505882352941176
0.505882352941176
0.498509803921569
0.498039215686275
0.494117647058824
0.494117647058824
0.490196078431373
0.490196078431373
0.486274509803922
0.482352941176471
0.482352941176471
0.47843137254902
0.470588235294118
0.470588235294118
0.470588235294118
0.474509803921569
0.462745098039216
0.462745098039216
0.458823529411765
0.466666666666667
0.458823529411765
0.454901960784314
0.454901960784314
0.454901960784314
0.450980392156863
0.450980392156863
0.43921568627451
0.450980392156863
0.443137254901961
0.373960784313725
0.43921568627451
0.517647058823529
0.529411764705882
0.529411764705882
0.529411764705882
0.525490196078431
0.410196078431373
0.529411764705882
0.52156862745098
0.517647058823529
0.513725490196078
0.522039215686275
0.513725490196078
0.509803921568627
0.509803921568627
0.509803921568627
0.501960784313725
0.414117647058824
0.498039215686275
0.501960784313725
0.494117647058824
0.490196078431373
0.490196078431373
0.490196078431373
0.482352941176471
0.47843137254902
0.47843137254902
0.474509803921569
0.474509803921569
0.470588235294118
0.458823529411765
0.444901960784314
0.458823529411765
0.462745098039216
0.458823529411765
0.458823529411765
0.448235294117647
0.458823529411765
0.450980392156863
0.450980392156863
0.450980392156863
0.447058823529412
0.447058823529412
0.43921568627451
0.43921568627451
0.43921568627451
0.43921568627451
0.43921568627451
0.431372549019608
0.52156862745098
0.52156862745098
0.525490196078431
0.522039215686275
0.52156862745098
0.52156862745098
0.52156862745098
0.517647058823529
0.506470588235294
0.501960784313725
0.513725490196078
0.505882352941176
0.505882352941176
0.501960784313725
0.501960784313725
0.48721568627451
0.486745098039216
0.494117647058824
0.494117647058824
0.482352941176471
0.486274509803922
0.482352941176471
0.482352941176471
0.474509803921569
0.474509803921569
0.470588235294118
0.470588235294118
0.46321568627451
0.466666666666667
0.454901960784314
0.454901960784314
0.454901960784314
0.454901960784314
0.447058823529412
0.447058823529412
0.450980392156863
0.447058823529412
0.443137254901961
0.43921568627451
0.43921568627451
0.43921568627451
0.43921568627451
0.435294117647059
0.427450980392157
0.427450980392157
0.431372549019608
0.431372549019608
0.431372549019608
0.513725490196078
0.513725490196078
0.513725490196078
0.513725490196078
0.514196078431372
0.509803921568627
0.513725490196078
0.505882352941176
0.498039215686275
0.494117647058824
0.505882352941176
0.498039215686275
0.498039215686275
0.494117647058824
0.494117647058824
0.490196078431373
0.486274509803922
0.486274509803922
0.486274509803922
0.466039215686275
0.47843137254902
0.474509803921569
0.474509803921569
0.470588235294118
0.470588235294118
0.462745098039216
0.462745098039216
0.458823529411765
0.462745098039216
0.447058823529412
0.447058823529412
0.439686274509804
0.443137254901961
0.43921568627451
0.435294117647059
0.435294117647059
0.435764705882353
0.431372549019608
0.431372549019608
0.427450980392157
0.431372549019608
0.423529411764706
0.423529411764706
0.419607843137255
0.419607843137255
0.423529411764706
0.423529411764706
0.419607843137255
0.501960784313725
0.501960784313725
0.501960784313725
0.501960784313725
0.505882352941176
0.498039215686275
0.501960784313725
0.498039215686275
0.486274509803922
0.482352941176471
0.494117647058824
0.490196078431373
0.486274509803922
0.486274509803922
0.486274509803922
0.482352941176471
0.482352941176471
0.474509803921569
0.474509803921569
0.470588235294118
0.470588235294118
0.466666666666667
0.466666666666667
0.462745098039216
0.458823529411765
0.454901960784314
0.45156862745098
0.443725490196078
0.447058823529412
0.43921568627451
0.43921568627451
0.43921568627451
0.43921568627451
0.431372549019608
0.427450980392157
0.427450980392157
0.427450980392157
0.423529411764706
0.415686274509804
0.415686274509804
0.419607843137255
0.415686274509804
0.415686274509804
0.407843137254902
0.40843137254902
0.415686274509804
0.411764705882353
0.403921568627451
0.486274509803922
0.490196078431373
0.486274509803922
0.486274509803922
0.486274509803922
0.486274509803922
0.490196078431373
0.486274509803922
0.467254901960784
0.467254901960784
0.482352941176471
0.474509803921569
0.474509803921569
0.471058823529412
0.470588235294118
0.470588235294118
0.467137254901961
0.466666666666667
0.466666666666667
0.458823529411765
0.458823529411765
0.454901960784314
0.454901960784314
0.450980392156863
0.450980392156863
0.443137254901961
0.443137254901961
0.43921568627451
0.428862745098039
0.427450980392157
0.427450980392157
0.424117647058824
0.427450980392157
0.419607843137255
0.415686274509804
0.415686274509804
0.412705882352941
0.411764705882353
0.404392156862745
0.407843137254902
0.407843137254902
0.403921568627451
0.403921568627451
0.4
0.400588235294118
0.403921568627451
0.4
0.396078431372549
0.466666666666667
0.474509803921569
0.470588235294118
0.470588235294118
0.474509803921569
0.470588235294118
0.470588235294118
0.466666666666667
0.450980392156863
0.450980392156863
0.466666666666667
0.458823529411765
0.458823529411765
0.454901960784314
0.455490196078431
0.450980392156863
0.317490196078431
0.439803921568627
0.432627450980392
0.447058823529412
0.447058823529412
0.443725490196078
0.43921568627451
0.43921568627451
0.43921568627451
0.435294117647059
0.431372549019608
0.431372549019608
0.427450980392157
0.415686274509804
0.412941176470588
0.415686274509804
0.411764705882353
0.411764705882353
0.407843137254902
0.407843137254902
0.404392156862745
0.4
0.396078431372549
0.396078431372549
0.396078431372549
0.392156862745098
0.388705882352941
0.384313725490196
0.388235294117647
0.388235294117647
0.388235294117647
0.384313725490196
0.447058823529412
0.450980392156863
0.443137254901961
0.450980392156863
0.454901960784314
0.454901960784314
0.450980392156863
0.450980392156863
0.427450980392157
0.427450980392157
0.447058823529412
0.43921568627451
0.435882352941176
0.43921568627451
0.435294117647059
0.435294117647059
0.435764705882353
0.435294117647059
0.435294117647059
0.427450980392157
0.431372549019608
0.427450980392157
0.427450980392157
0.419607843137255
0.423529411764706
0.415686274509804
0.415686274509804
0.4
0.407843137254902
0.403921568627451
0.403921568627451
0.396078431372549
0.396078431372549
0.396078431372549
0.392156862745098
0.388235294117647
0.388235294117647
0.388235294117647
0.384313725490196
0.376470588235294
0.380392156862745
0.376470588235294
0.376941176470588
0.376470588235294
0.376470588235294
0.380392156862745
0.372549019607843
0.368627450980392
0.427450980392157
0.427450980392157
0.427450980392157
0.431372549019608
0.435294117647059
0.427450980392157
0.427921568627451
0.427450980392157
0.407843137254902
0.407843137254902
0.427450980392157
0.419607843137255
0.423529411764706
0.419607843137255
0.419607843137255
0.415686274509804
0.415686274509804
0.415686274509804
0.411764705882353
0.411764705882353
0.407843137254902
0.407843137254902
0.407843137254902
0.403921568627451
0.403921568627451
0.4
0.396078431372549
0.396078431372549
0.4
0.388235294117647
0.388235294117647
0.392156862745098
0.384313725490196
0.380392156862745
0.380392156862745
0.376470588235294
0.376470588235294
0.372549019607843
0.372549019607843
0.364705882352941
0.365294117647059
0.368627450980392
0.364705882352941
0.364705882352941
0.364705882352941
0.35278431372549
0.364705882352941
0.36078431372549
0.407843137254902
0.403921568627451
0.407843137254902
0.407843137254902
0.411764705882353
0.407843137254902
0.407843137254902
0.407843137254902
0.367254901960784
0.384313725490196
0.407843137254902
0.4
0.4
0.4
0.4
0.4
0.396078431372549
0.392156862745098
0.392156862745098
0.392156862745098
0.392156862745098
0.376941176470588
0.388823529411765
0.384313725490196
0.388235294117647
0.380392156862745
0.380392156862745
0.380392156862745
0.380392156862745
0.368627450980392
0.368627450980392
0.368627450980392
0.368627450980392
0.364705882352941
0.357450980392157
0.36078431372549
0.36078431372549
0.36078431372549
0.352941176470588
0.352941176470588
0.356862745098039
0.356862745098039
0.356862745098039
0.349019607843137
0.349019607843137
0.352941176470588
0.349019607843137
0.349019607843137
0.380392156862745
0.384313725490196
0.380862745098039
0.384313725490196
0.388235294117647
0.388235294117647
0.388235294117647
0.384313725490196
0.36078431372549
0.25443137254902
0.384313725490196
0.377058823529412
0.380392156862745
0.376470588235294
0.380392156862745
0.376470588235294
0.372549019607843
0.372549019607843
0.372549019607843
0.372549019607843
0.372549019607843
0.368627450980392
0.368627450980392
0.368627450980392
0.368627450980392
0.364705882352941
0.36078431372549
0.36078431372549
0.36078431372549
0.356862745098039
0.284862745098039
0.349019607843137
0.349019607843137
0.352941176470588
0.345098039215686
0.345098039215686
0.345098039215686
0.345098039215686
0.345098039215686
0.341176470588235
0.341176470588235
0.337254901960784
0.341176470588235
0.337254901960784
0.337254901960784
0.337254901960784
0.337254901960784
0.337254901960784
0.356862745098039
0.364705882352941
0.364705882352941
0.36078431372549
0.364705882352941
0.364705882352941
0.364705882352941
0.36078431372549
0.337254901960784
0.345098039215686
0.364705882352941
0.356862745098039
0.356862745098039
0.36078431372549
0.36078431372549
0.352941176470588
0.353411764705882
0.352941176470588
0.356862745098039
0.349019607843137
0.352941176470588
0.352941176470588
0.352941176470588
0.349019607843137
0.349019607843137
0.345686274509804
0.345098039215686
0.341176470588235
0.345098039215686
0.337254901960784
0.341176470588235
0.333333333333333
0.333333333333333
0.337254901960784
0.337254901960784
0.333333333333333
0.329411764705882
0.333333333333333
0.333333333333333
0.329411764705882
0.329411764705882
0.329411764705882
0.329411764705882
0.325490196078431
0.32156862745098
0.32156862745098
0.32156862745098
0.32156862745098
0.337254901960784
0.341176470588235
0.341176470588235
0.341176470588235
0.345098039215686
0.345098039215686
0.341176470588235
0.337254901960784
0.32156862745098
0.325490196078431
0.341176470588235
0.337254901960784
0.337254901960784
0.341176470588235
0.341176470588235
0.333333333333333
0.337254901960784
0.337254901960784
0.337254901960784
0.333803921568627
0.337254901960784
0.337254901960784
0.333333333333333
0.329411764705882
0.333333333333333
0.329411764705882
0.329411764705882
0.329411764705882
0.329411764705882
0.32156862745098
0.325490196078431
0.317647058823529
0.318117647058824
0.317647058823529
0.317647058823529
0.317647058823529
0.317647058823529
0.317647058823529
0.317647058823529
0.313725490196078
0.313725490196078
0.309803921568627
0.313725490196078
0.305882352941176
0.305882352941176
0.310274509803922
0.313725490196078
0.309803921568627
0.325490196078431
0.32156862745098
0.325490196078431
0.325490196078431
0.329411764705882
0.325490196078431
0.325490196078431
0.32156862745098
0.313725490196078
0.310274509803922
0.329411764705882
0.32156862745098
0.32156862745098
0.317647058823529
0.325490196078431
0.317647058823529
0.317647058823529
0.32156862745098
0.32156862745098
0.317647058823529
0.317647058823529
0.317647058823529
0.317647058823529
0.313725490196078
0.313725490196078
0.313725490196078
0.313725490196078
0.313725490196078
0.309803921568627
0.305882352941176
0.305882352941176
0.309803921568627
0.309803921568627
0.301960784313725
0.301960784313725
0.305882352941176
0.305882352941176
0.305882352941176
0.309803921568627
0.305882352941176
0.305882352941176
0.301960784313725
0.301960784313725
0.298039215686275
0.298039215686275
0.298039215686275
0.298039215686275
0.298039215686275
0.313725490196078
0.313725490196078
0.313725490196078
0.313725490196078
0.317647058823529
0.313725490196078
0.317647058823529
0.313725490196078
0.301960784313725
0.305882352941176
0.317647058823529
0.309803921568627
0.317647058823529
0.305882352941176
0.309803921568627
0.309803921568627
0.30243137254902
0.305882352941176
0.305882352941176
0.305882352941176
0.301960784313725
0.305882352941176
0.305882352941176
0.301960784313725
0.301960784313725
0.301960784313725
0.301960784313725
0.301960784313725
0.294117647058824
0.294117647058824
0.294117647058824
0.294117647058824
0.294117647058824
0.290196078431373
0.290196078431373
0.294117647058824
0.294117647058824
0.286274509803922
0.286274509803922
0.28721568627451
0.290196078431373
0.282352941176471
0.286274509803922
0.286274509803922
0.286274509803922
0.282352941176471
0.282352941176471
0.282352941176471
0.305882352941176
0.305882352941176
0.305882352941176
0.305882352941176
0.309803921568627
0.309803921568627
0.309803921568627
0.301960784313725
0.298039215686275
0.294117647058824
0.305882352941176
0.294117647058824
0.294588235294118
0.298039215686275
0.301960784313725
0.294117647058824
0.294117647058824
0.298039215686275
0.298039215686275
0.294117647058824
0.290196078431373
0.294117647058824
0.294117647058824
0.290196078431373
0.290196078431373
0.290196078431373
0.294117647058824
0.286274509803922
0.286274509803922
0.282352941176471
0.286274509803922
0.27843137254902
0.282352941176471
0.27843137254902
0.282352941176471
0.282352941176471
0.27843137254902
0.274509803921569
0.274509803921569
0.274509803921569
0.274509803921569
0.270588235294118
0.271058823529412
0.266666666666667
0.270588235294118
0.270588235294118
0.274509803921569
0.270588235294118
0.298039215686275
0.301960784313725
0.298039215686275
0.301960784313725
0.301960784313725
0.301960784313725
0.301960784313725
0.298039215686275
0.286274509803922
0.282352941176471
0.294117647058824
0.290196078431373
0.290196078431373
0.290196078431373
0.294117647058824
0.290196078431373
0.290196078431373
0.286274509803922
0.290196078431373
0.286274509803922
0.286274509803922
0.286274509803922
0.286274509803922
0.282352941176471
0.282352941176471
0.27843137254902
0.279019607843137
0.278901960784314
0.27843137254902
0.270588235294118
0.270588235294118
0.270588235294118
0.270588235294118
0.266666666666667
0.270588235294118
0.270588235294118
0.270588235294118
0.262745098039216
0.259294117647059
0.0823529411764706
0.258823529411765
0.258823529411765
0.258823529411765
0.254901960784314
0.254901960784314
0.254901960784314
0.254901960784314
0.250980392156863
0.286274509803922
0.282352941176471
0.271372549019608
0.286274509803922
0.286274509803922
0.282352941176471
0.290196078431373
0.282352941176471
0.262745098039216
0.258823529411765
0.282352941176471
0.27843137254902
0.278901960784314
0.282352941176471
0.290196078431373
0.274509803921569
0.274509803921569
0.274509803921569
0.274509803921569
0.274509803921569
0.274509803921569
0.271058823529412
0.274509803921569
0.270588235294118
0.270588235294118
0.266666666666667
0.266666666666667
0.266666666666667
0.266666666666667
0.258823529411765
0.258823529411765
0.258823529411765
0.258823529411765
0.254901960784314
0.166078431372549
0.250980392156863
0.250980392156863
0.247058823529412
0.243137254901961
0.247058823529412
0.247058823529412
0.243137254901961
0.23921568627451
0.235294117647059
0.23921568627451
0.235294117647059
0.235294117647059
0.235294117647059
