0.27843137254902	0.27843137254902	0.27843137254902
0.27843137254902	0.27843137254902	0.27843137254902
0.27843137254902	0.27843137254902	0.27843137254902
0.274509803921569	0.27843137254902	0.27843137254902
0.274509803921569	0.274509803921569	0.27843137254902
0.274509803921569	0.274509803921569	0.274509803921569
0.274509803921569	0.274509803921569	0.274509803921569
0.274509803921569	0.274509803921569	0.274509803921569
0.274509803921569	0.274509803921569	0.274509803921569
0.274509803921569	0.274509803921569	0.274509803921569
0.274509803921569	0.274509803921569	0.274509803921569
0.274509803921569	0.274509803921569	0.274509803921569
0.274509803921569	0.274509803921569	0.274509803921569
0.274509803921569	0.274509803921569	0.274509803921569
0.274509803921569	0.274509803921569	0.274509803921569
0.274509803921569	0.274509803921569	0.274509803921569
0.274509803921569	0.274509803921569	0.274509803921569
0.274509803921569	0.274509803921569	0.274509803921569
0.274509803921569	0.274509803921569	0.274509803921569
0.274509803921569	0.274509803921569	0.274509803921569
0.274509803921569	0.274509803921569	0.274509803921569
0.274509803921569	0.274509803921569	0.274509803921569
0.274509803921569	0.274509803921569	0.274509803921569
0.274509803921569	0.274509803921569	0.274509803921569
0.274509803921569	0.274509803921569	0.274509803921569
0.274509803921569	0.274509803921569	0.274509803921569
0.274509803921569	0.274509803921569	0.274509803921569
0.274509803921569	0.274509803921569	0.274509803921569
0.274509803921569	0.274509803921569	0.274509803921569
0.274509803921569	0.274509803921569	0.274509803921569
0.274509803921569	0.274509803921569	0.274509803921569
0.274509803921569	0.274509803921569	0.274509803921569
0.274509803921569	0.274509803921569	0.274509803921569
0.274509803921569	0.274509803921569	0.274509803921569
0.274509803921569	0.274509803921569	0.274509803921569
0.274509803921569	0.274509803921569	0.274509803921569
0.27843137254902	0.27843137254902	0.274509803921569
0.27843137254902	0.27843137254902	0.274509803921569
0.27843137254902	0.27843137254902	0.27843137254902
0.290196078431373	0.286274509803922	0.282352941176471
0.294117647058824	0.290196078431373	0.286274509803922
0.294117647058824	0.294117647058824	0.290196078431373
0.290196078431373	0.294117647058824	0.294117647058824
0.282352941176471	0.282352941176471	0.282352941176471
0.27843137254902	0.282352941176471	0.282352941176471
0.458823529411765	0.317647058823529	0.313725490196078
0.458823529411765	0.317647058823529	0.313725490196078
0.494117647058824	0.458823529411765	0.317647058823529
0.298039215686275	0.294117647058824	0.294117647058824
0.290196078431373	0.294117647058824	0.290196078431373
0.290196078431373	0.294117647058824	0.290196078431373
0.290196078431373	0.290196078431373	0.290196078431373
0.290196078431373	0.290196078431373	0.290196078431373
0.290196078431373	0.290196078431373	0.282352941176471
0.282352941176471	0.282352941176471	0.27843137254902
0.282352941176471	0.282352941176471	0.27843137254902
0.282352941176471	0.27843137254902	0.27843137254902
0.27843137254902	0.27843137254902	0.27843137254902
0.27843137254902	0.27843137254902	0.274509803921569
0.282352941176471	0.27843137254902	0.27843137254902
0.282352941176471	0.282352941176471	0.27843137254902
0.282352941176471	0.282352941176471	0.282352941176471
0.282352941176471	0.282352941176471	0.282352941176471
0.286274509803922	0.286274509803922	0.286274509803922
0.286274509803922	0.286274509803922	0.286274509803922
0.286274509803922	0.286274509803922	0.286274509803922
0.282352941176471	0.282352941176471	0.282352941176471
0.282352941176471	0.282352941176471	0.282352941176471
0.282352941176471	0.282352941176471	0.282352941176471
0.282352941176471	0.282352941176471	0.282352941176471
0.286274509803922	0.282352941176471	0.282352941176471
0.286274509803922	0.286274509803922	0.282352941176471
0.286274509803922	0.286274509803922	0.282352941176471
0.286274509803922	0.286274509803922	0.282352941176471
