0.266666666666667	0.266666666666667	0.266666666666667
0.266666666666667	0.266666666666667	0.266666666666667
0.266666666666667	0.266666666666667	0.266666666666667
0.266666666666667	0.266666666666667	0.266666666666667
0.266666666666667	0.266666666666667	0.266666666666667
0.266666666666667	0.266666666666667	0.266666666666667
0.266666666666667	0.266666666666667	0.266666666666667
0.266666666666667	0.266666666666667	0.266666666666667
0.266666666666667	0.266666666666667	0.266666666666667
0.266666666666667	0.266666666666667	0.266666666666667
0.266666666666667	0.266666666666667	0.266666666666667
0.266666666666667	0.266666666666667	0.266666666666667
0.266666666666667	0.266666666666667	0.266666666666667
0.266666666666667	0.266666666666667	0.266666666666667
0.266666666666667	0.266666666666667	0.266666666666667
0.266666666666667	0.266666666666667	0.266666666666667
0.266666666666667	0.266666666666667	0.266666666666667
0.266666666666667	0.266666666666667	0.266666666666667
0.266666666666667	0.266666666666667	0.266666666666667
0.266666666666667	0.266666666666667	0.266666666666667
0.266666666666667	0.266666666666667	0.266666666666667
0.266666666666667	0.266666666666667	0.266666666666667
0.266666666666667	0.266666666666667	0.266666666666667
0.266666666666667	0.266666666666667	0.266666666666667
0.266666666666667	0.266666666666667	0.266666666666667
0.266666666666667	0.266666666666667	0.266666666666667
0.266666666666667	0.266666666666667	0.266666666666667
0.266666666666667	0.266666666666667	0.266666666666667
0.266666666666667	0.266666666666667	0.266666666666667
0.270588235294118	0.266666666666667	0.266666666666667
0.266666666666667	0.266666666666667	0.266666666666667
0.266666666666667	0.266666666666667	0.266666666666667
0.270588235294118	0.266666666666667	0.266666666666667
0.270588235294118	0.266666666666667	0.270588235294118
0.270588235294118	0.270588235294118	0.270588235294118
0.270588235294118	0.270588235294118	0.270588235294118
0.270588235294118	0.270588235294118	0.270588235294118
0.274509803921569	0.274509803921569	0.274509803921569
0.274509803921569	0.27843137254902	0.274509803921569
0.27843137254902	0.282352941176471	0.290196078431373
0.286274509803922	0.290196078431373	0.301960784313725
0.298039215686275	0.317647058823529	0.32156862745098
0.298039215686275	0.309803921568627	0.317647058823529
0.298039215686275	0.298039215686275	0.305882352941176
0.27843137254902	0.282352941176471	0.286274509803922
0.27843137254902	0.282352941176471	0.286274509803922
0.266666666666667	0.266666666666667	0.266666666666667
0.266666666666667	0.266666666666667	0.266666666666667
0.266666666666667	0.266666666666667	0.266666666666667
0.266666666666667	0.266666666666667	0.262745098039216
0.262745098039216	0.262745098039216	0.262745098039216
0.262745098039216	0.262745098039216	0.262745098039216
0.262745098039216	0.262745098039216	0.262745098039216
0.262745098039216	0.262745098039216	0.262745098039216
0.262745098039216	0.262745098039216	0.262745098039216
0.262745098039216	0.262745098039216	0.262745098039216
0.262745098039216	0.262745098039216	0.262745098039216
0.262745098039216	0.262745098039216	0.262745098039216
0.262745098039216	0.262745098039216	0.262745098039216
0.262745098039216	0.262745098039216	0.262745098039216
0.262745098039216	0.262745098039216	0.262745098039216
0.262745098039216	0.262745098039216	0.262745098039216
0.262745098039216	0.262745098039216	0.262745098039216
0.262745098039216	0.262745098039216	0.262745098039216
0.262745098039216	0.262745098039216	0.266666666666667
0.262745098039216	0.262745098039216	0.262745098039216
0.262745098039216	0.262745098039216	0.262745098039216
0.262745098039216	0.262745098039216	0.262745098039216
0.258823529411765	0.262745098039216	0.262745098039216
0.262745098039216	0.262745098039216	0.262745098039216
0.262745098039216	0.262745098039216	0.262745098039216
