0.219607843137255	0.219607843137255	0.219607843137255
0.219607843137255	0.219607843137255	0.219607843137255
0.219607843137255	0.219607843137255	0.219607843137255
0.219607843137255	0.219607843137255	0.219607843137255
0.219607843137255	0.219607843137255	0.219607843137255
0.219607843137255	0.219607843137255	0.219607843137255
0.219607843137255	0.219607843137255	0.219607843137255
0.219607843137255	0.219607843137255	0.219607843137255
0.219607843137255	0.219607843137255	0.219607843137255
0.219607843137255	0.219607843137255	0.219607843137255
0.219607843137255	0.219607843137255	0.219607843137255
0.219607843137255	0.219607843137255	0.219607843137255
0.219607843137255	0.219607843137255	0.219607843137255
0.219607843137255	0.219607843137255	0.219607843137255
0.219607843137255	0.219607843137255	0.219607843137255
0.219607843137255	0.219607843137255	0.219607843137255
0.219607843137255	0.219607843137255	0.219607843137255
0.219607843137255	0.219607843137255	0.219607843137255
0.219607843137255	0.219607843137255	0.219607843137255
0.219607843137255	0.219607843137255	0.219607843137255
0.219607843137255	0.219607843137255	0.219607843137255
0.219607843137255	0.219607843137255	0.219607843137255
0.219607843137255	0.219607843137255	0.219607843137255
0.219607843137255	0.219607843137255	0.219607843137255
0.219607843137255	0.219607843137255	0.219607843137255
0.219607843137255	0.219607843137255	0.219607843137255
0.219607843137255	0.219607843137255	0.219607843137255
0.219607843137255	0.219607843137255	0.219607843137255
0.219607843137255	0.219607843137255	0.219607843137255
0.219607843137255	0.219607843137255	0.219607843137255
0.219607843137255	0.219607843137255	0.219607843137255
0.219607843137255	0.219607843137255	0.219607843137255
0.219607843137255	0.219607843137255	0.219607843137255
0.219607843137255	0.219607843137255	0.219607843137255
0.219607843137255	0.219607843137255	0.219607843137255
0.219607843137255	0.219607843137255	0.219607843137255
0.219607843137255	0.219607843137255	0.219607843137255
0.219607843137255	0.219607843137255	0.219607843137255
0.219607843137255	0.219607843137255	0.317647058823529
0.219607843137255	0.219607843137255	0.32156862745098
0.219607843137255	0.223529411764706	0.333333333333333
0.223529411764706	0.223529411764706	0.333333333333333
0.223529411764706	0.227450980392157	0.329411764705882
0.223529411764706	0.227450980392157	0.325490196078431
0.223529411764706	0.223529411764706	0.227450980392157
0.223529411764706	0.223529411764706	0.227450980392157
0.223529411764706	0.223529411764706	0.227450980392157
0.223529411764706	0.223529411764706	0.223529411764706
0.223529411764706	0.223529411764706	0.223529411764706
0.223529411764706	0.223529411764706	0.223529411764706
0.223529411764706	0.223529411764706	0.223529411764706
0.223529411764706	0.223529411764706	0.223529411764706
0.223529411764706	0.223529411764706	0.223529411764706
0.223529411764706	0.223529411764706	0.223529411764706
0.223529411764706	0.223529411764706	0.223529411764706
0.223529411764706	0.223529411764706	0.223529411764706
0.223529411764706	0.223529411764706	0.223529411764706
0.223529411764706	0.223529411764706	0.223529411764706
0.223529411764706	0.223529411764706	0.223529411764706
0.223529411764706	0.223529411764706	0.223529411764706
0.223529411764706	0.223529411764706	0.223529411764706
0.223529411764706	0.223529411764706	0.223529411764706
0.223529411764706	0.223529411764706	0.223529411764706
0.223529411764706	0.223529411764706	0.223529411764706
0.223529411764706	0.223529411764706	0.223529411764706
0.223529411764706	0.223529411764706	0.223529411764706
0.223529411764706	0.223529411764706	0.223529411764706
0.223529411764706	0.223529411764706	0.223529411764706
0.223529411764706	0.223529411764706	0.223529411764706
0.219607843137255	0.223529411764706	0.223529411764706
0.219607843137255	0.219607843137255	0.223529411764706
