0.294117647058824	0.294117647058824	0.294117647058824
0.290196078431373	0.294117647058824	0.294117647058824
0.290196078431373	0.294117647058824	0.294117647058824
0.290196078431373	0.294117647058824	0.294117647058824
0.290196078431373	0.290196078431373	0.294117647058824
0.290196078431373	0.290196078431373	0.294117647058824
0.290196078431373	0.290196078431373	0.294117647058824
0.290196078431373	0.294117647058824	0.294117647058824
0.290196078431373	0.294117647058824	0.294117647058824
0.290196078431373	0.294117647058824	0.294117647058824
0.290196078431373	0.294117647058824	0.294117647058824
0.290196078431373	0.290196078431373	0.294117647058824
0.290196078431373	0.290196078431373	0.290196078431373
0.290196078431373	0.290196078431373	0.290196078431373
0.290196078431373	0.290196078431373	0.290196078431373
0.290196078431373	0.290196078431373	0.290196078431373
0.290196078431373	0.290196078431373	0.290196078431373
0.290196078431373	0.290196078431373	0.290196078431373
0.290196078431373	0.290196078431373	0.290196078431373
0.290196078431373	0.290196078431373	0.290196078431373
0.290196078431373	0.290196078431373	0.290196078431373
0.290196078431373	0.290196078431373	0.290196078431373
0.290196078431373	0.290196078431373	0.290196078431373
0.290196078431373	0.290196078431373	0.290196078431373
0.294117647058824	0.290196078431373	0.290196078431373
0.294117647058824	0.290196078431373	0.290196078431373
0.290196078431373	0.290196078431373	0.290196078431373
0.290196078431373	0.290196078431373	0.286274509803922
0.286274509803922	0.286274509803922	0.286274509803922
0.286274509803922	0.286274509803922	0.286274509803922
0.290196078431373	0.286274509803922	0.286274509803922
0.290196078431373	0.286274509803922	0.286274509803922
0.290196078431373	0.286274509803922	0.286274509803922
0.290196078431373	0.286274509803922	0.286274509803922
0.290196078431373	0.286274509803922	0.286274509803922
0.290196078431373	0.286274509803922	0.282352941176471
0.286274509803922	0.282352941176471	0.282352941176471
0.286274509803922	0.282352941176471	0.282352941176471
0.282352941176471	0.282352941176471	0.282352941176471
0.286274509803922	0.286274509803922	0.286274509803922
0.286274509803922	0.286274509803922	0.286274509803922
0.286274509803922	0.286274509803922	0.286274509803922
0.286274509803922	0.286274509803922	0.286274509803922
0.286274509803922	0.286274509803922	0.286274509803922
0.290196078431373	0.286274509803922	0.286274509803922
0.290196078431373	0.286274509803922	0.286274509803922
0.290196078431373	0.286274509803922	0.286274509803922
0.290196078431373	0.290196078431373	0.286274509803922
0.290196078431373	0.290196078431373	0.286274509803922
0.290196078431373	0.290196078431373	0.286274509803922
0.290196078431373	0.290196078431373	0.282352941176471
0.290196078431373	0.286274509803922	0.282352941176471
0.290196078431373	0.286274509803922	0.282352941176471
0.286274509803922	0.282352941176471	0.282352941176471
0.282352941176471	0.282352941176471	0.282352941176471
0.282352941176471	0.282352941176471	0.282352941176471
0.282352941176471	0.282352941176471	0.282352941176471
0.282352941176471	0.282352941176471	0.282352941176471
0.282352941176471	0.282352941176471	0.282352941176471
0.282352941176471	0.282352941176471	0.282352941176471
0.282352941176471	0.282352941176471	0.282352941176471
0.282352941176471	0.282352941176471	0.282352941176471
0.282352941176471	0.282352941176471	0.282352941176471
0.282352941176471	0.282352941176471	0.282352941176471
0.282352941176471	0.282352941176471	0.282352941176471
0.282352941176471	0.282352941176471	0.282352941176471
0.282352941176471	0.282352941176471	0.282352941176471
