236.166473388672
236.173494567871
236.19296081543
236.207545166016
236.212741699219
236.19075012207
236.23079284668
236.267405395508
236.289793395996
236.290919342041
236.318084716797
236.321604919434
236.310371398926
236.349975891113
236.364628295898
236.352549438477
236.376240234375
236.383053894043
236.392506408691
236.443313598633
236.411163330078
236.431510620117
236.448989105225
236.434503479004
236.431719970703
236.468045349121
236.480692443848
236.346358947754
236.476332702637
236.525145568848
236.55110168457
236.564924621582
236.557583007812
236.568656311035
236.614586181641
236.636337280273
236.660308837891
236.539932250977
236.660835266113
236.671002807617
236.675243530273
236.703430175781
236.704147338867
236.718110961914
236.723510742188
236.736526184082
236.72998046875
236.758771362305
236.121014251709
236.15348815918
236.164093017578
236.192327423096
236.178061523437
236.215827636719
236.224899902344
236.218602600098
236.26258102417
236.270276184082
236.27478729248
236.298950195313
236.295088500977
236.310180664063
236.301985473633
236.300611877441
236.336756591797
236.352368164062
236.380523681641
236.368392944336
236.382300109863
236.412445068359
236.407470703125
236.428788757324
236.436922912598
236.439007873535
236.46799987793
236.467754974365
236.471527099609
236.500312194824
236.519393615723
236.522933959961
236.494781494141
236.530187683105
236.532974243164
236.570129394531
236.594818115234
236.599227905273
236.598662414551
236.605572814941
236.643811035156
236.640786132812
236.640274658203
236.668210449219
236.673641967773
236.67896484375
236.707893981934
236.658105163574
236.067624511719
236.089512176514
236.103666992187
236.119953918457
236.106382904053
236.141465148926
236.117720336914
236.181997680664
236.195676574707
236.196249237061
236.196392669678
236.209335327148
236.272085876465
236.22583984375
236.236976623535
236.234461364746
236.281500549316
236.279266357422
236.294045410156
236.296100158691
236.313820495605
236.31116973877
236.334197998047
236.344044799805
236.338976745605
236.34848236084
236.364715576172
236.361850280762
236.372384796143
236.38683013916
236.417434387207
236.439525909424
236.443953552246
236.428245239258
236.471603393555
236.493381347656
236.522077484131
236.523310852051
236.536531982422
236.531097412109
236.542327270508
236.56841796875
236.593967285156
236.565736083984
236.580896606445
236.60146270752
236.616033935547
236.578178710937
235.980998535156
236.009668731689
236.017218933105
236.044882202148
236.052032470703
236.061096191406
236.064960632324
236.105133056641
236.105392456055
236.125654602051
236.13318572998
236.153023681641
236.150690307617
236.162503356934
236.180825500488
236.18895111084
236.194041900635
236.196802062988
236.275299072266
236.228894348145
236.231733703613
236.249279174805
236.264782562256
236.27199798584
236.274848327637
236.283517150879
236.301246490479
236.267244873047
236.307504882813
236.356941223145
236.361551818848
236.365051269531
236.350392456055
236.359312744141
236.361086730957
236.363296203613
236.429307861328
236.429584350586
236.440841674805
236.443466186523
236.486696777344
236.47706237793
236.510084228516
236.489067230225
236.499555969238
236.422470092773
236.524772033691
236.522153015137
235.852185668945
235.897288208008
235.908701171875
235.916981201172
235.928000183105
235.974148864746
235.983388671875
236.008255004883
236.022235107422
236.039841003418
236.034642028809
236.041290283203
236.054194030762
236.063312683105
236.074127197266
236.116441802978
236.122337036133
236.130673065186
236.182647705078
236.16293548584
236.160491943359
236.208312988281
236.216796875
236.188354492188
236.226320800781
236.213541412353
236.189898986816
236.242660827637
236.270745239258
236.308846740723
236.320448760986
236.309206085205
236.310004882813
236.300979614258
236.317518463135
236.342963409424
236.374633789063
236.376135559082
236.391653137207
236.40699005127
236.428630371094
236.451795501709
236.492614440918
236.454770202637
236.453887939453
236.474988098145
236.496975708008
236.460644836426
235.752905273437
235.767947387695
235.772397460937
235.805493011475
235.817611694336
235.85823059082
235.885007324219
235.914199829102
235.936031799316
235.962921142578
235.960186462402
235.954190368652
235.965881347656
235.966943054199
235.98163848877
236.02447265625
236.043952331543
236.08702545166
236.096282958984
236.082412719727
236.104603271484
236.111412963867
236.148526916504
236.151621551514
236.178844604492
236.158886566162
236.127467956543
236.162918395996
236.184582366943
236.23284286499
236.185796813965
236.17298828125
236.25450378418
236.2584765625
236.287163391113
236.296246643066
236.318770446777
236.341640930176
236.336929321289
236.349652404785
236.372840118408
236.393238525391
236.392672424316
236.399328308105
236.365375976563
236.432394714355
236.354232788086
236.45275604248
235.634036254883
235.694629364014
235.689035644531
235.73984375
235.719912719727
235.766906738281
235.79758895874
235.804785919189
235.876235961914
235.865216369629
235.867006225586
235.827362060547
235.838106994629
235.88656829834
235.901094360352
235.95637512207
235.998594970703
236.079605102539
236.028610229492
236.041221618652
236.048109436035
236.067769622803
236.096229553223
236.129453735352
236.09580291748
236.094231567383
236.113705749512
236.119587249756
236.138210754395
236.167529296875
236.180188903809
236.195510864258
236.185317993164
236.198651733398
236.217543334961
236.18011138916
236.275634765625
236.326323242187
236.330789794922
236.297964019775
236.316641082764
236.296836090088
236.343335266113
236.345461120605
236.330459594727
236.358243713379
236.393966674805
236.414766082764
235.512939453125
235.565368652344
235.57509262085
235.613362121582
235.625998840332
235.672365112305
235.719749755859
235.718478851318
235.756801300049
235.792801818848
235.802047729492
235.737546081543
235.763776550293
235.809026184082
235.817108154297
235.869809265137
235.888455505371
235.966086730957
235.969122924805
235.968990325928
235.987496337891
236.012673797607
236.021684112549
236.049147338867
236.095673675537
236.06029876709
236.081451416016
236.094100036621
236.117477416992
236.136602020264
236.168688354492
236.166995544434
236.170660247803
236.183976745605
236.189921569824
236.213437805176
236.233306884766
236.244867248535
236.28108215332
236.281939697266
236.295251159668
236.314224243164
236.321285095215
236.306454315186
236.324104309082
236.268371887207
236.357937927246
236.347955627441
235.416791381836
235.447982788086
235.504696960449
235.48967086792
235.507122650146
235.548052062988
235.681655578613
235.636090698242
235.691328125
235.773670959473
235.669557495117
235.647338867188
235.673246154785
235.783006286621
235.78033782959
235.798070068359
235.797424316406
235.900085449219
235.896435852051
235.952385406494
235.907798614502
235.950199890137
235.96915435791
235.990986328125
236.014462585449
236.005942077637
236.082043762207
236.044692993164
236.07307434082
236.090907592773
236.157165527344
236.114596557617
236.125852355957
236.147001647949
236.07898223877
236.202933044434
236.218721008301
236.211380004883
236.233350830078
236.262390136719
236.282002868652
236.189370422363
236.296295166016
236.272985229492
236.319237670898
236.317849884033
236.354710083008
236.365858764648
235.313471374512
235.436902160645
235.373492431641
235.39803237915
235.40677734375
235.439816894531
235.470886230469
235.503845214844
235.567697143555
235.577557678223
235.580093383789
235.584022979736
235.642295227051
235.626861572266
235.653741455078
235.710238037109
235.73653503418
235.751998901367
235.795330657959
235.815624542236
235.847188415527
235.870399169922
235.881103515625
235.92010345459
236.003857727051
235.949094238281
235.993331298828
236.003277435303
236.031262207031
236.05367767334
236.060028076172
236.119640808105
236.062832641602
236.053811950684
236.16273147583
236.18878326416
236.127900848389
236.211400146484
236.210005950928
236.226547241211
236.262827148437
236.274642944336
236.286586456299
236.285827941895
236.284094543457
236.262741088867
236.306874084473
236.316445465088
235.208478088379
235.250213623047
235.307265625
235.255034790039
235.319961547852
235.367381591797
235.338897705078
235.436740570068
235.457946777344
235.492690429687
235.488998413086
235.515746459961
235.549164733887
235.620098876953
235.644668579102
235.639273681641
235.672485351563
235.763497009277
235.701084899902
235.758984680176
235.764593200684
235.810928344727
235.862434387207
235.878485107422
235.893692016602
235.88156829834
235.936990814209
235.973435058594
235.974537353516
236.034790344238
236.035793151855
236.049008483887
236.055374145508
236.062530517578
236.018149414062
236.136193695068
236.154873962402
236.177846069336
236.180858764648
236.168560180664
236.223090209961
236.251108703613
236.266569519043
236.234306945801
236.278263549805
236.21888885498
236.289886474609
236.292547454834
235.117992553711
235.17517364502
235.189435882568
235.206512451172
235.304245605469
235.317336120605
235.302001953125
235.329914550781
235.346005249023
235.446629333496
235.398878173828
235.431001281738
235.378295288086
235.477139129639
235.484158630371
235.551055297852
235.604128723145
235.630332946777
235.648188476562
235.690304870605
235.689879455566
235.741491394043
235.744274749756
235.749005584717
235.796159362793
235.891830444336
235.903385925293
235.946370239258
235.96805267334
235.943001403809
235.976791381836
236.034872436523
236.013367004395
236.026720733643
236.078411102295
236.111318969727
236.117774047852
236.131174621582
236.148778991699
236.146558227539
236.202310943604
236.225094451904
236.240381469727
236.226184997559
236.26429473877
236.255872192383
236.287549133301
236.278244018555
235.043128967285
235.082876586914
235.113004302979
235.133518981934
235.153604431152
235.179575195313
235.210948791504
235.251011505127
235.264460144043
235.294270019531
235.302337646484
235.383904724121
235.409038391113
235.462692260742
235.433134765625
235.445018615723
235.486247558594
235.532494812012
235.53745880127
235.576934814453
235.594702148438
235.658249206543
235.683407440186
235.74885345459
235.728891296387
235.758453979492
235.786602630615
235.792892456055
235.829140625
235.875915527344
235.909852600098
235.933883666992
235.94256439209
235.955184936523
235.978426513672
236.016268615723
235.957063903809
236.092912597656
236.13575012207
236.119261169434
236.138760681152
236.142338409424
236.161959533691
236.18258392334
236.201523742676
236.224501953125
236.231869354248
236.239405059814
235.004791259766
235.011537475586
235.047535400391
235.067794189453
235.062805175781
235.125027770996
235.196326599121
235.18297454834
235.198715209961
235.215866088867
235.235687255859
235.25166015625
235.275992431641
235.365429992676
235.371149291992
235.358410949707
235.422929382324
235.528958435059
235.503417510986
235.501014099121
235.581497192383
235.581572570801
235.666234741211
235.697891235352
235.644112854004
235.67245010376
235.727478027344
235.726617736816
235.771497192383
235.839712524414
235.861456756592
235.849515075684
235.845172424316
235.876139526367
235.936612701416
235.975416107178
235.990478515625
235.956069946289
236.046560668945
236.073715820313
236.073593139648
236.111450195313
236.157251281738
236.164898681641
236.177867126465
236.15488861084
236.185226745605
236.180685882568
234.928528747559
234.938186645508
235.014329528809
234.988815307617
235.011506958008
235.027944030762
235.096387023926
235.10787689209
235.113539733887
235.193176269531
235.197285003662
235.190032348633
235.205060119629
235.262957763672
235.240904998779
235.296449584961
235.361875
235.381717987061
235.382489318848
235.427361907959
235.459916534424
235.507067871094
235.518155212402
235.57341003418
235.566122436523
235.607469482422
235.63817779541
235.622178955078
235.6580418396
235.706756591797
235.812239379883
235.785499267578
235.791053314209
235.78776550293
235.859106140137
235.899976501465
235.915675811768
235.952102661133
235.960327148438
236.001982879639
236.052536010742
236.056068725586
236.068539733887
236.04657043457
236.094172973633
236.087750244141
236.102200622559
236.12268951416
234.86720703125
234.926275024414
234.943912963867
234.943595275879
235.004118499756
235.029235839844
235.035424499512
235.049607849121
235.072801513672
235.077664642334
235.1416015625
235.192966918945
235.165267028809
235.191116333008
235.194806213379
235.223057556152
235.255112304687
235.33508026123
235.319671630859
235.340334472656
235.37841506958
235.426021118164
235.433206787109
235.463839111328
235.466672668457
235.513966674805
235.581113891602
235.545205688477
235.59506072998
235.638429260254
235.642708435059
235.694704589844
235.704315185547
235.718734741211
235.745156555176
235.799936828613
235.84078704834
235.866524658203
235.879808654785
235.865266723633
235.918497314453
235.931409301758
235.950424194336
235.966534423828
235.999694824219
235.996806945801
235.999089355469
236.024002075195
234.828272094727
234.862853393555
234.929713134766
234.902114562988
234.916292724609
234.960189056396
234.975984802246
235.026984863281
235.060308227539
235.048372802734
235.07830657959
235.115606231689
235.130496368408
235.109418029785
235.116842193604
235.206871337891
235.205322265625
235.241242675781
235.271751861572
235.287332458496
235.287861328125
235.311443786621
235.41096496582
235.407806396484
235.404586791992
235.430615386963
235.478016052246
235.534530639648
235.53197479248
235.547924194336
235.602494812012
235.617574768066
235.628841247559
235.637372741699
235.689709777832
235.700231018066
235.782758789063
235.743466491699
235.778215026855
235.816811065674
235.838441925049
235.857218017578
235.901193847656
235.90060333252
235.905697937012
235.905133361816
235.928207397461
235.934790344238
234.765701293945
234.79039855957
234.823676452637
234.84433013916
234.874132995605
234.926258850098
234.921453857422
234.968622436523
234.981079101563
234.994881286621
235.024245605469
235.074645996094
235.077158203125
235.105096435547
235.107803344727
235.111164398193
235.131505432129
235.178681640625
235.137326660156
235.232728881836
235.232208251953
235.283493652344
235.31272064209
235.365910644531
235.369800109863
235.392958374023
235.46938873291
235.453262329102
235.451392822266
235.527393798828
235.519592285156
235.557352600098
235.570556640625
235.518327636719
235.633422851563
235.686510009766
235.682614135742
235.688357543945
235.715856628418
235.745483398438
235.824382629395
235.840157928467
235.803439025879
235.815130615234
235.828067626953
235.828823852539
235.839213867188
235.856476135254
234.749620056152
234.817732391357
234.835758972168
234.82626739502
234.850403137207
234.878816833496
234.891505737305
234.937257995605
234.945251464844
234.985353088379
235.00587890625
235.005532531738
235.036872711182
235.021331787109
235.029372558594
235.069608764648
235.091400756836
235.169776306152
235.174755554199
235.178204956055
235.183568115234
235.238983612061
235.243071746826
235.301672973633
235.315497894287
235.32215057373
235.374779968262
235.345114135742
235.398237609863
235.427839355469
235.479007873535
235.498977661133
235.51492477417
235.507873535156
235.551851806641
235.554930114746
235.591547241211
235.614669799805
235.683532714844
235.659315490723
235.689585876465
235.710460510254
235.790616149902
235.747787475586
235.747220153809
235.742385864258
235.773036804199
235.79957611084
234.752560424805
234.779370727539
234.809797515869
234.822479248047
234.817448730469
234.855063781738
234.878472442627
234.903457641602
234.925582885742
234.89933380127
234.90901184082
234.987360534668
235.001783294678
235.008637084961
235.017365112305
235.071179504395
235.092894897461
235.115844726563
235.119300537109
235.145975036621
235.148760681152
235.225516967773
235.232865447998
235.264517822266
235.271259918213
235.285354614258
235.340851135254
235.344093017578
235.35240447998
235.425212402344
235.461295776367
235.451904296875
235.462258300781
235.505760192871
235.538030548096
235.542750854492
235.551402893066
235.561737060547
235.592663879395
235.645193634033
235.640845489502
235.707496948242
235.718896789551
235.704374389648
235.704010009766
235.71465057373
235.723040771484
235.734878540039
234.699066467285
234.750332641602
234.674557342529
234.802978515625
234.823108062744
234.843473205566
234.867897949219
234.904684143066
234.892026062012
234.908929443359
234.925840148926
234.939393920898
234.964927978516
234.978088378906
234.981435546875
235.026196899414
235.036429748535
235.070535583496
235.105267028809
235.118449707031
235.135864257813
235.194178314209
235.198313598633
235.222947540283
235.262767944336
235.262264862061
235.288241119385
235.329608154297
235.337585449219
235.353336791992
235.386505584717
235.402687683105
235.44682220459
235.458356323242
235.469589233398
235.467075805664
235.519805297852
235.568756103516
235.546430358887
235.606689453125
235.61144744873
235.650344848633
235.669774169922
235.671899108887
235.670525512695
235.650207519531
235.700313262939
235.747753753662
234.688327026367
234.718117218018
234.742479858398
234.779312133789
234.797943115234
235.101951904297
235.228666381836
235.070628204346
234.933758544922
234.881392211914
234.901959533691
234.930848388672
234.942215270996
234.96110244751
234.955612182617
235.007208862305
235.030856323242
235.0659765625
235.082679443359
235.071914978027
235.112816162109
235.163313751221
235.168243408203
235.217857055664
235.240692138672
235.243547363281
235.236457824707
235.282132263184
235.290349731445
235.306925964355
235.369094848633
235.340082092285
235.379684448242
235.420016326904
235.461715698242
235.501116943359
235.503204650879
235.519832763672
235.529815673828
235.551176757812
235.578902282715
235.631439208984
235.654479980469
235.662676086426
235.668403320313
235.628064880371
235.655694274902
235.585573425293
