286.095886230469
286.108434448242
286.022415771484
285.89763458252
286.052124023438
286.027882385254
286.020733947754
286.048675537109
286.043952941895
286.056937561035
286.038884277344
286.014876098633
285.990844726563
285.971293945312
285.979548339844
285.977042541504
285.972229003906
286.015559082031
285.962036132813
285.95947265625
285.979644775391
285.944325256348
285.933167419434
285.885526123047
285.870089111328
285.838981933594
285.849895629883
285.826011047363
285.82541809082
285.84347869873
285.841776428223
285.828277587891
285.816661987305
285.79310333252
285.835161437988
285.819197692871
285.830149841309
285.796851196289
285.819610595703
285.779296875
285.800865478516
285.783174438477
285.75390625
285.738677978516
285.747132568359
285.721660766602
285.704927368164
285.65535369873
286.128221130371
286.138946533203
286.134582519531
286.134480285645
286.108188171387
286.102381591797
286.10173248291
286.1105859375
286.116320800781
286.108268127441
286.096846313477
286.061065673828
286.045105895996
286.055350646973
286.05600402832
286.03131439209
286.032470703125
286.054196777344
286.062180175781
285.967207641602
285.978832397461
285.968897705078
285.97863861084
285.945397949219
285.930419921875
285.931797485352
285.933715820313
285.920607299805
285.898352661133
285.891461486816
285.8916015625
285.878692626953
285.845282592773
285.848045654297
285.844107971191
285.85218963623
285.826866760254
285.80228515625
285.733264160156
285.819828491211
285.799220275879
285.794012145996
285.785908203125
285.761749267578
285.767568359375
285.716353149414
285.557294616699
285.704010009766
286.129683227539
286.099914550781
286.165069580078
286.155457458496
286.125430297852
286.141052246094
286.133616027832
286.11822265625
286.141070556641
286.121551513672
286.071990966797
286.077506408691
286.098889465332
286.073012084961
286.048767089844
286.044364318848
286.047873840332
286.034718322754
286.031744995117
285.956359863281
285.967192687988
285.989799804687
285.983617858887
285.946395874023
285.950149230957
285.902707824707
285.932639465332
285.882848815918
285.882263183594
285.88771270752
285.891170349121
285.882438049316
285.874746398926
285.842102966309
285.855736083984
285.84576385498
285.842940063477
285.832714233398
285.822052001953
285.790649414063
285.802459106445
285.782510375977
285.776947021484
285.750852050781
285.747425842285
285.735643615723
285.722205200195
285.697624511719
286.155303955078
286.163421630859
286.169197692871
286.136592102051
286.120958557129
286.116896362305
286.120748901367
286.114743652344
286.1123046875
286.092665405273
286.102142333984
286.086933898926
286.079703674316
286.064619750977
286.056571350098
286.043142089844
286.039715881348
286.020251464844
286.051116943359
286.011627197266
285.999445800781
285.976715087891
285.981079101563
285.953403015137
285.938654785156
285.922271728516
285.927681884766
285.870433959961
285.883374023437
285.878163146973
285.874064331055
285.864227294922
285.845562133789
285.824482727051
285.806060791016
285.816016235352
285.810577392578
285.808319091797
285.808532714844
285.781988220215
285.742761535644
285.801081542969
285.754721984863
285.527740478516
285.690534362793
285.696799621582
285.699291381836
285.674702453613
286.10547454834
286.08065246582
286.109017944336
286.096871948242
286.05913482666
286.105560302734
286.098595581055
286.095991210937
286.099387512207
286.091220397949
286.064025878906
286.03391418457
286.03173828125
286.04638671875
286.031616210938
285.942367553711
286.01411315918
286.031550598145
286.034576416016
286.013544311523
285.969390869141
285.953930053711
285.965852050781
285.933794250488
285.944396972656
285.891448974609
285.902499694824
285.805987548828
285.891571044922
285.901179199219
285.890838928223
285.827178955078
285.833068847656
285.809606323242
285.785671691895
285.78311706543
285.809613037109
285.811235656738
285.804626464844
285.777484130859
285.79003112793
285.767272949219
285.779511413574
285.731467590332
285.73085723877
285.686018676758
285.668304443359
285.596683044434
286.043411865234
286.028651733398
286.042860717773
286.012836914063
286.022649230957
286.048370361328
286.070204467773
286.060367126465
286.079825744629
286.077069396973
286.056335449219
286.003479003906
286.013028564453
285.999106750488
285.99755859375
286.015380859375
286.012603759766
286.021485290527
286.006597595215
285.981454467773
285.96708404541
285.96836517334
285.972293395996
285.941185302734
285.922072143555
285.90243927002
285.884344482422
285.881225585938
285.873072509766
285.773288879394
285.890442810059
285.866440124512
285.835064086914
285.838012695313
285.803833007813
285.840785522461
285.813276977539
285.804958496094
285.809479675293
285.797599182129
285.803424377441
285.793018188477
285.773429260254
285.749542236328
285.735066223145
285.729601135254
285.716613769531
285.705156555176
286.012962646484
286.03998840332
286.014975891113
286.013885498047
285.989025268555
286.014155273437
286.025451660156
286.028259277344
286.065146789551
286.032465820312
286.016385498047
285.962890625
285.967435302734
285.990823364258
285.971469421387
285.999110107422
286.020112304687
286.008462524414
285.983825683594
285.956173400879
285.968211364746
285.92541595459
285.951466369629
285.946737976074
285.932418518066
285.915252685547
285.905810241699
285.88201751709
285.87169921875
285.878860168457
285.89111328125
285.870666503906
285.837863464355
285.843801574707
285.827026367188
285.828277587891
285.82931854248
285.828582763672
285.701003112793
285.780700683594
285.806365356445
285.798758850098
285.778259277344
285.782196044922
285.766204833984
285.742134094238
285.742084655762
285.732818603516
285.937796936035
285.93442199707
285.948856811523
285.962649841309
285.952353820801
285.985617980957
285.823626708984
285.998779296875
286.023432922363
285.986146850586
285.984130859375
285.94133605957
285.936743774414
285.874964904785
285.938516235352
285.988220214844
285.978582458496
285.982913513184
285.974828796387
285.987432556152
285.995743408203
285.98703338623
285.970489501953
285.954620361328
285.941497802734
285.883956604004
285.943168029785
285.880357971191
285.903289794922
285.908646240234
285.911146850586
285.89035949707
285.876368408203
285.83604309082
285.835605163574
285.844278869629
285.847797241211
285.840393066406
285.815178222656
285.812026672363
285.793963623047
285.805350646973
285.777099609375
285.764373779297
285.742492675781
285.746768493652
285.737579345703
285.735473632813
285.898516235352
285.898112487793
285.912228393555
285.908044128418
285.907928466797
285.930063781738
285.964810791016
285.969411621094
285.978987426758
285.983086853027
285.948922729492
285.887359008789
285.904479980469
285.955347290039
285.940543518066
285.956951293945
285.962848510742
285.989460754395
285.989075927734
285.92265625
285.973709411621
285.946350097656
285.950293273926
285.972010498047
285.948652954102
285.92546661377
285.957885742188
285.92991607666
285.934840087891
285.939800415039
285.930236816406
285.912658691406
285.901864624023
285.879816894531
285.86296875
285.86876953125
285.878295898438
285.868408203125
285.857543945313
285.850593566895
285.841587524414
285.840369262695
285.826974487305
285.79850402832
285.757392883301
285.776881103516
285.770657958984
285.765326538086
285.856371154785
285.87182434082
285.818648376465
285.869232177734
285.854278564453
285.864346313477
285.857437438965
285.849334716797
285.929351806641
285.89208984375
285.911254882813
285.853610534668
285.861573181152
285.891338500977
285.887651672363
285.932386169434
285.928815917969
285.923156738281
285.942809448242
285.89638458252
285.942385253906
285.928515625
285.948944091797
285.975794677734
285.949489440918
285.952579040527
285.926910400391
285.9300390625
285.939952392578
285.946550598145
285.892268371582
285.926583862305
285.906322631836
285.869859924316
285.903137207031
285.913696289063
285.896759033203
285.892517089844
285.885921325684
285.879422607422
285.878356933594
285.870655822754
285.869215698242
285.735168457031
285.827772827148
285.819885253906
285.803439331055
285.778542785645
285.797573547363
285.802748413086
285.749898071289
285.801693115234
285.819014282227
285.840789794922
285.847198486328
285.829751586914
285.787567138672
285.885248413086
285.873308410645
285.838879699707
285.78943572998
285.87794128418
285.798400878906
285.872185058594
285.914197998047
285.940582275391
285.932309570312
285.901744995117
285.868500671387
285.94004699707
285.936903686523
285.933979797363
285.948193054199
285.954520568848
285.951769104004
285.953550720215
285.943198547363
285.957381896973
285.953460693359
285.940960693359
285.930389404297
285.921241455078
285.868650817871
285.937672729492
285.940803527832
285.939453125
285.914671325684
285.902530517578
285.913574523926
285.895116882324
285.895628356934
285.820263977051
285.846353149414
285.836659240723
285.817133789062
285.828431091309
285.767905883789
285.771253662109
285.790839233398
285.771662597656
285.800925598145
285.789245605469
285.7928125
285.805389404297
285.811981201172
285.851364135742
285.840694274902
285.749172973633
285.851245117187
285.827231750488
285.830756225586
285.861112060547
285.889934082031
285.837554931641
285.872694702148
285.907911987305
285.904729919434
285.928606262207
285.929341125488
285.860109558105
285.914023742676
285.932678222656
285.935295410156
285.942518920898
285.952434082031
285.936218261719
285.959561767578
285.957277832031
285.940734863281
285.948495483398
285.927612304688
285.940401916504
285.959373779297
285.944821166992
285.958681945801
285.931243896484
285.942565917969
285.941159667969
285.922821044922
285.911097412109
285.878910522461
285.88347076416
285.872783813477
285.762277526855
285.711332702637
285.739823608398
285.713163757324
285.750417480469
285.752972106934
285.763633117676
285.76894317627
285.781272277832
285.773623657227
285.786804199219
285.788829040527
285.77518951416
285.775463562012
285.813002319336
285.83154296875
285.810560913086
285.836273193359
285.837725830078
285.844329833984
285.849771118164
285.845062255859
285.882430725098
285.895926818848
285.872039794922
285.892376098633
285.914251403809
285.912945861816
285.908348388672
285.923889160156
285.937217102051
285.946084594727
285.941261901855
285.931038513184
285.937863769531
285.936131591797
285.884164123535
285.941137695313
285.962821350098
285.95719543457
285.955610961914
285.935974121094
285.939106750488
285.944912719727
285.880769958496
285.881578674316
285.896767578125
285.91060333252
285.897844543457
285.713775634766
285.698787536621
285.732807312012
285.723502502441
285.711669921875
285.746809692383
285.754258422852
285.762172241211
285.776175842285
285.759307861328
285.7469140625
285.721538696289
285.752653808594
285.796875915527
285.78184967041
285.778594970703
285.798026428223
285.804351806641
285.783664245605
285.825073242188
285.851822509766
285.86206817627
285.87751159668
285.86865234375
285.867006225586
285.867802124023
285.907131652832
285.901306152344
285.910169677734
285.902924499512
285.938079833984
285.913057250977
285.914473266602
285.912337036133
285.92393371582
285.936767578125
285.951291503906
285.9296875
285.910999145508
285.893798828125
285.891082763672
285.940362243652
285.941864013672
285.937095336914
285.915161132813
285.894714355469
285.887495727539
285.880904846191
285.686588134766
285.703421936035
285.726984863281
285.719833984375
285.709685668945
285.698425292969
285.714373779297
285.723748474121
285.720703125
285.733843688965
285.730773925781
285.743253173828
285.751190185547
285.751017150879
285.737247314453
285.767461853027
285.779538574219
285.783424682617
285.790542297363
285.793443908691
285.772595214844
285.807913208008
285.822845153809
285.831848144531
285.82275390625
285.830491638184
285.832427978516
285.793881530762
285.850233154297
285.859552612305
285.910034179688
285.892663879394
285.89225189209
285.875823974609
285.885124511719
285.907550048828
285.91331451416
285.924622497559
285.927723693848
285.911840515137
285.942893371582
285.926653137207
285.934279174805
285.902006530762
285.930729675293
285.893944396973
285.884604797363
285.864352722168
285.696120910645
285.685986022949
285.701721191406
285.701102600098
285.706307983398
285.709838867188
285.717490539551
285.731226806641
285.650531005859
285.711278076172
285.736576538086
285.743896484375
285.7392578125
285.694427490234
285.703727111816
285.739449157715
285.733935546875
285.761383056641
285.749030151367
285.755695800781
285.776439819336
285.795623779297
285.780789489746
285.788134765625
285.792602539063
285.798117370605
285.815299377441
285.794928588867
285.813116149902
285.808363647461
285.816818237305
285.839986877441
285.813345336914
285.818108825684
285.84566192627
285.847421264648
285.846264953613
285.866272277832
285.868167419434
285.882264099121
285.855499267578
285.855224609375
285.85698638916
285.840288085938
285.840044250488
285.846994018555
285.765747070313
285.828109741211
285.643981933594
285.696685791016
285.668962402344
285.698055419922
285.686040039063
285.697751464844
285.717163085938
285.685350646973
285.711220703125
285.704528808594
285.711951293945
285.721506652832
285.72231628418
285.695699768066
285.69981262207
285.702982177734
285.575930480957
285.683487243652
285.726676330566
285.745914916992
285.740875244141
285.75947052002
285.762330322266
285.773848266602
285.770713195801
285.774553527832
285.785074157715
285.775570373535
285.76656036377
285.79886932373
285.816674804688
285.813277893066
285.797458190918
285.807631225586
285.817055664063
285.840214233398
285.801744689941
285.846481628418
285.819263000488
285.836295471191
285.804840087891
285.815551147461
285.842163085938
285.82275390625
285.801430358887
285.792602539063
285.772647399902
285.78076171875
285.684265136719
285.693054199219
285.68705078125
285.698874816895
285.701625976563
285.709196472168
285.69688079834
285.710305786133
285.709625244141
285.714652404785
285.709657592773
285.691642150879
285.724356994629
285.705261230469
285.565490722656
285.70541229248
285.70644317627
285.725755310059
285.60469543457
285.693966064453
285.719652404785
285.736791687012
285.740905761719
285.756308898926
285.764587402344
285.752502441406
285.77109588623
285.755065917969
285.766178894043
285.758389892578
285.797448425293
285.783557128906
285.769889221191
285.779990539551
285.79964050293
285.806365966797
285.79419342041
285.773737792969
285.788787841797
285.796447753906
285.819308776855
285.782083129883
285.790636291504
285.775141601562
285.749714050293
285.750914001465
285.729174804687
285.73844543457
285.669555053711
285.705458374023
285.719363708496
285.703002929688
285.714989013672
285.708374023438
285.706565246582
285.725636291504
285.712111206055
285.707639160156
285.710510253906
285.683471679688
285.710418701172
285.69501159668
285.693817138672
285.706168518066
285.702231750488
285.718600769043
285.703016967773
285.706943054199
285.718101806641
285.740297241211
285.726013183594
285.735069580078
285.647763061523
285.743118896484
285.735230407715
285.692504882813
285.682010498047
285.750194702148
285.766050720215
285.744468078613
285.760993041992
285.746085510254
285.643717041016
285.724554138184
285.768441772461
285.769001770019
285.781125793457
285.754519958496
285.690375976563
285.777322998047
285.697640380859
285.733709106445
285.710574645996
285.700821533203
285.709014892578
285.728302001953
285.697678527832
285.708775024414
285.655745239258
285.706416931152
285.699438476562
285.618338623047
285.680695495606
285.735189208984
285.669735412598
285.688704223633
285.658680114746
285.71899597168
285.704437255859
285.682891845703
285.68426361084
285.702751464844
285.709700317383
285.720944824219
285.687868041992
285.710310668945
285.720642089844
285.719207763672
285.72890411377
285.740168762207
285.674591064453
285.721910705566
285.739432678223
285.722625732422
285.728820800781
285.74468170166
285.755926208496
285.751176147461
285.749792175293
285.74713470459
285.746185302734
285.725200195312
285.750308227539
285.73485534668
285.750518798828
285.751965637207
285.755739746094
285.731481628418
285.731212768555
285.658553466797
285.675819091797
285.698591918945
285.642135314941
285.667724609375
285.715364990234
285.765729980469
285.762385253906
285.745329284668
285.739166259766
285.736611938477
285.776988830566
285.736661376953
285.702554016113
285.716665039062
285.740826721191
285.690172424316
285.733717651367
285.697615356445
285.70471282959
285.72462097168
285.730649414062
285.737487792969
285.724671936035
285.715120239258
285.703948974609
285.72362121582
285.742390441895
285.729400634766
285.732982788086
285.738582458496
285.735229492188
285.738373718262
285.733961791992
285.740579223633
285.753245544434
285.673550415039
285.761611633301
285.731931152344
285.730407714844
285.726145324707
285.729664611816
285.747253417969
285.735717773438
285.752288818359
285.746063232422
285.747895202637
285.730354919434
285.690237121582
285.665278015137
285.67455657959
285.701685791016
285.706308898926
286.377889709473
285.746608581543
285.735961914063
285.735252685547
285.726318359375
285.786253662109
285.795890197754
285.764895019531
285.77837310791
285.739248962402
285.755142822266
285.796217041016
285.728688049316
285.707214355469
285.726934814453
285.733245849609
285.731567382813
285.716522216797
285.721092529297
285.725869140625
285.687985839844
285.721960144043
285.73537322998
285.749601745605
285.734358520508
285.736541748047
285.747894287109
285.734963989258
285.703666381836
285.720848999023
285.759735107422
285.736643066406
285.744622497559
285.736800231934
285.742034912109
285.752232055664
285.727569580078
285.749747619629
285.6943359375
285.725949401855
285.734650878906
285.762626953125
285.751402893066
285.747039794922
285.727760314941
285.698950195312
285.703765869141
285.698164672852
