268.622796630859
268.679353027344
268.700065917969
268.724024658203
268.735961914063
268.742102050781
268.792114257813
268.833914794922
268.866488342285
268.910855407715
268.935082702637
268.959838867188
268.975766296387
268.993606262207
269.035281982422
269.050738220215
269.102569580078
269.10189453125
269.173607177734
269.200943908691
269.203057861328
269.243499755859
269.262777709961
269.295547180176
269.311059570313
269.334993591309
269.344842224121
269.368486328125
269.406466064453
269.421112060547
269.479338684082
269.521636962891
269.548828125
269.554931640625
269.607827148438
269.642922363281
269.688234863281
269.715942382813
269.725378417969
269.7965234375
269.795036621094
269.843209228516
269.840133056641
269.907562255859
269.906829833984
269.932261962891
269.960418701172
269.983292236328
268.735943603516
268.7761328125
268.811941223145
268.852524414062
268.877672119141
268.897302246094
268.924468383789
268.993220825195
269.014069824219
269.053477783203
269.080559997559
269.107293701172
269.125719604492
269.160311279297
269.179138183594
269.186949462891
269.230224609375
269.225593261719
269.291030273438
269.337842102051
269.333300476074
269.383157958984
269.416080322266
269.423680419922
269.436737060547
269.486302490234
269.496364135742
269.550987548828
269.567860717773
269.573120117188
269.623718261719
269.675013122559
269.679437255859
269.664139404297
269.735122375488
269.762145996094
269.804473876953
269.834066772461
269.834086914062
269.880218505859
269.874786376953
269.932617492676
269.935235290527
269.980316162109
269.976440429688
269.991577148438
270.022073974609
270.063484802246
268.842360839844
268.899660644531
268.927972106934
268.959442138672
268.9977734375
269.031939697266
269.065034179687
269.126481933594
269.139404296875
269.175720214844
269.181854248047
269.215087890625
269.237395324707
269.2639453125
269.294013061523
269.290904846191
269.343737792969
269.359858398437
269.41875579834
269.440563049316
269.439251098633
269.494499511719
269.523759765625
269.567484130859
269.569881591797
269.59912109375
269.599694519043
269.652093811035
269.671617431641
269.70271484375
269.719429931641
269.766049804687
269.777642822266
269.768035888672
269.839783325195
269.841418457031
269.899058532715
269.931091308594
269.939239501953
269.975700683594
269.985146484375
270.038830566406
270.043455200195
270.073366394043
270.075534667969
270.115020751953
270.131195068359
270.162567138672
268.910768737793
268.979761047363
269.003924560547
269.052917480469
269.073759765625
269.106885986328
269.128204345703
269.190035400391
269.204986572266
269.244049377441
269.256569824219
269.287676391602
269.307565917969
269.341468505859
269.364036865234
269.382507324219
269.4189453125
269.42041015625
269.488159179688
269.501659240723
269.522155761719
269.565373535156
269.590560302734
269.621098632813
269.617961425781
269.650505371094
269.675545654297
269.699279785156
269.709991455078
269.742086181641
269.798512268066
269.825783691406
269.845393066406
269.852844238281
269.905888671875
269.906678466797
269.973034057617
269.992248535156
270.018530273437
270.024244995117
270.033173828125
270.100256958008
270.104464111328
270.132965087891
270.130323486328
270.166063232422
270.187377929688
270.216069335938
268.981755371094
269.042161865234
269.068963317871
269.097473144531
269.133026123047
269.158721923828
269.188485107422
269.246748046875
269.255671691895
269.289363098145
269.310754089355
269.359984130859
269.381166687012
269.4228515625
269.437482910156
269.466911621094
269.479370117188
269.492100830078
269.548553466797
269.578210144043
269.586059570313
269.627244873047
269.648223876953
269.690338134766
269.70565032959
269.729034423828
269.753079223633
269.795327148437
269.811737060547
269.833731079102
269.867973632812
269.897763671875
269.905944824219
269.908590698242
269.963317871094
269.957401123047
270.013292236328
270.037060546875
270.058526611328
270.103782348633
270.107099609375
270.154961853027
270.157557373047
270.194137268066
270.191284179688
270.208565673828
270.247686767578
270.274422607422
268.997302246094
269.057286376953
269.067504882813
269.114819030762
269.147369689941
269.178857421875
269.224128417969
269.292623596191
269.310612792969
269.354736328125
269.357530517578
269.392032470703
269.410296325684
269.442840576172
269.46424987793
269.538328857422
269.544921875
269.59046875
269.616557922363
269.654924316406
269.665283203125
269.688171386719
269.730387268066
269.765972595215
269.769534912109
269.79087890625
269.808541259766
269.828941040039
269.876800537109
269.93017578125
269.951079101563
269.978942871094
269.985504150391
269.987030029297
270.041614990234
270.037767944336
270.102673339844
270.119195556641
270.155201416016
270.18896484375
270.202552490234
270.241058349609
270.251800537109
270.289825439453
270.291900634766
270.315697937012
270.342132568359
270.370926818848
269.000227050781
269.057504272461
269.095268554687
269.122753295898
269.169773254395
269.216198730469
269.239076843262
269.307666015625
269.336395263672
269.401977539063
269.41392578125
269.422792663574
269.424255371094
269.482225952148
269.506469726563
269.573669433594
269.580078125
269.619211425781
269.677279052734
269.698654785156
269.707574462891
269.742236328125
269.772228088379
269.813201904297
269.826865234375
269.848314819336
269.868865966797
269.88541809082
269.922044677734
269.975006103516
270.005520019531
270.054893798828
270.052960205078
270.06103515625
270.106065673828
270.118502197266
270.180053710938
270.200122070312
270.228464355469
270.240240478516
270.275076599121
270.314306640625
270.334923095703
270.361672363281
270.366851806641
270.393023071289
270.418198547363
270.446059875488
269.02038269043
269.082247009277
269.118190307617
269.15276184082
269.190765380859
269.248114013672
269.265810546875
269.331969299316
269.375130615234
269.437951660156
269.453094482422
269.428518371582
269.433665161133
269.510692749023
269.541716003418
269.62995880127
269.628283691406
269.664554748535
269.714477539063
269.753692626953
269.773461608887
269.821196289063
269.827789306641
269.874557189941
269.896817016602
269.921630859375
269.959985351563
269.972442626953
270.015921630859
270.075563964844
270.089304199219
270.121606445313
270.109924316406
270.121276855469
270.171597900391
270.161446533203
270.236247558594
270.26171875
270.284125366211
270.310180664063
270.339839172363
270.371805419922
270.394836425781
270.407761230469
270.415540771484
270.439903564453
270.467503967285
270.501739501953
269.019314880371
269.078544921875
269.114849853516
269.148095703125
269.191644287109
269.259261474609
269.283439331055
269.344848632813
269.396654052734
269.434861450195
269.464014892578
269.464089355469
269.465471191406
269.545085754395
269.572956542969
269.658355712891
269.664398193359
269.699510498047
269.763423156738
269.794814453125
269.817264099121
269.869180297852
269.899422607422
269.939236450195
269.966156005859
269.994988708496
270.02696472168
270.035813598633
270.080225830078
270.137148742676
270.1666796875
270.194122314453
270.188594055176
270.193298339844
270.263028564453
270.255001220703
270.310831298828
270.34298614502
270.376701660156
270.393865966797
270.425997009277
270.451614990234
270.47717010498
270.504638671875
270.513397216797
270.534362792969
270.559350585938
270.578759765625
269.017456054688
269.091674804688
269.115215759277
269.160972900391
269.194277038574
269.242329406738
269.287066345215
269.340484619141
269.408355712891
269.45016204834
269.459073181152
269.469704589844
269.486335449219
269.562364501953
269.589708862305
269.676330566406
269.690317382813
269.725121765137
269.781392822266
269.828480224609
269.854744873047
269.907437133789
269.924614257812
269.976959228516
270.019836425781
270.034304199219
270.069030761719
270.080200195313
270.120697021484
270.175664367676
270.211443481445
270.254437255859
270.258972167969
270.275726318359
270.339630126953
270.335863647461
270.395538330078
270.413482666016
270.438171386719
270.475457763672
270.500837097168
270.531042175293
270.556701965332
270.586319580078
270.611297607422
270.619822998047
270.647064208984
270.646364746094
269.014068603516
269.092131347656
269.124466552734
269.180023193359
269.203933410645
269.246192626953
269.298433837891
269.34717956543
269.398773193359
269.442430419922
269.479754638672
269.49314453125
269.510087890625
269.574127197266
269.614738769531
269.691864013672
269.705577087402
269.747415771484
269.797668457031
269.843922119141
269.871977539063
269.927703857422
269.95240234375
270.0078125
270.04747253418
270.077423095703
270.122463989258
270.149001464844
270.185178222656
270.239929199219
270.272672119141
270.312521972656
270.304971923828
270.325021972656
270.388750915527
270.389538574219
270.447363891602
270.475732421875
270.514881591797
270.538444824219
270.571905517578
270.605224609375
270.623352050781
270.654602355957
270.67421875
270.685203857422
270.716217041016
270.726708679199
268.999766235352
269.093292236328
269.128137207031
269.174918823242
269.200010986328
269.252586669922
269.296983642578
269.34134765625
269.371734619141
269.43033203125
269.457916259766
269.520372009277
269.541351318359
269.607086181641
269.618759765625
269.705506591797
269.723055114746
269.772735595703
269.827331542969
269.882930297852
269.900490722656
269.965209960938
269.999812011719
270.040095214844
270.078037109375
270.107488098145
270.149526672363
270.173265380859
270.234602050781
270.288696289063
270.318653564453
270.36803894043
270.362755126953
270.384057617187
270.445109863281
270.43601776123
270.509460449219
270.536768798828
270.573211669922
270.609558105469
270.636782226563
270.672239990234
270.701983337402
270.727696533203
270.755579833984
270.764739990234
270.801296386719
270.805885009766
269.008625488281
269.0947265625
269.127413024902
269.173760681152
269.199952392578
269.246248779297
269.292083740234
269.338819580078
269.379089355469
269.431654052734
269.455434875488
269.52847869873
269.546219482422
269.607452392578
269.612529296875
269.690173034668
269.715336914063
269.767005310059
269.817959594727
269.867731933594
269.894561767578
269.967254638672
269.998999023438
270.039489746094
270.077362060547
270.106353759766
270.152740478516
270.16304901123
270.223542175293
270.272623291016
270.324398193359
270.37822265625
270.395042724609
270.423553466797
270.489534606934
270.485799560547
270.553709411621
270.586456298828
270.618954772949
270.662037353516
270.683715820313
270.717999267578
270.740214233398
270.782104492188
270.802065124512
270.819497070313
270.85752166748
270.874300537109
269.018918151855
269.101531982422
269.140711669922
269.184661865234
269.206843261719
269.251274414062
269.300916748047
269.345489501953
269.38120880127
269.430541992188
269.453688964844
269.522578125
269.549986572266
269.605725097656
269.611528320312
269.688653259277
269.711708984375
269.768752746582
269.81689453125
269.873392333984
269.895953063965
269.969226074219
269.99714630127
270.047729492188
270.083619384766
270.116851806641
270.170158081055
270.203071289063
270.257305603027
270.29042175293
270.340539245605
270.409284667969
270.41400390625
270.438264160156
270.495700683594
270.502509765625
270.568668212891
270.612370605469
270.645784606934
270.684910888672
270.707573242187
270.731170654297
270.768218994141
270.801008300781
270.828338623047
270.831143188477
270.868913574219
270.891917419434
269.023363037109
269.097490234375
269.125244140625
269.175500183105
269.206351318359
269.251817016602
269.297515869141
269.350106201172
269.39306640625
269.426317138672
269.453753051758
269.5225390625
269.543070068359
269.599779663086
269.606353759766
269.680511474609
269.711242675781
269.765748291016
269.813049316406
269.870714111328
269.901977539063
269.972966308594
269.995135498047
270.052612304688
270.073089599609
270.103096618652
270.152465820313
270.176024169922
270.233703613281
270.274356689453
270.322080078125
270.40328125
270.414428710938
270.439239501953
270.504484863281
270.515216064453
270.579545593262
270.616098632813
270.648988952637
270.675532226562
270.728654785156
270.760070800781
270.791934814453
270.830902099609
270.858260803223
270.853057861328
270.886901855469
270.907179870605
269.030975341797
269.100441894531
269.141770019531
269.17845123291
269.197476196289
269.260336914062
269.300438232422
269.362846069336
269.393699951172
269.432199707031
269.444024658203
269.512033691406
269.537010498047
269.599091796875
269.602365722656
269.666213378906
269.699159851074
269.759352416992
269.790588378906
269.840170593262
269.871717529297
269.948012695313
269.964019775391
270.020446777344
270.054107666016
270.095855712891
270.1321484375
270.156188964844
270.218826904297
270.246042480469
270.299438476563
270.362523193359
270.392395019531
270.414549255371
270.464127807617
270.463063964844
270.528996582031
270.581665039063
270.618072509766
270.645599365234
270.694421386719
270.720397949219
270.752783203125
270.790798950195
270.828166809082
270.832397460938
270.86854888916
270.872501831055
269.045329589844
269.11992767334
269.158072509766
269.207335205078
269.222961425781
269.254782104492
269.311004638672
269.359693603516
269.400454101563
269.436083984375
269.442321777344
269.514764709473
269.542421875
269.597802734375
269.595092773438
269.675954589844
269.696320800781
269.757004394531
269.790973510742
269.83666015625
269.871691894531
269.937133789063
269.959721679688
270.0111328125
270.046915283203
270.078582763672
270.132761230469
270.160827636719
270.21394317627
270.243499755859
270.299557800293
270.356409301758
270.371368408203
270.378967285156
270.448870849609
270.470262451172
270.519151611328
270.564535522461
270.587980651855
270.620452880859
270.674636230469
270.704749145508
270.731079101563
270.765360107422
270.805556945801
270.80241027832
270.839373779297
270.856794128418
269.053349609375
269.132992553711
269.166412353516
269.220690612793
269.237640686035
269.266937255859
269.32763671875
269.380959472656
269.415924072266
269.449788818359
269.462084350586
269.522098388672
269.550659179688
269.597916259766
269.600700683594
269.679765625
269.693675842285
269.738525390625
269.787353515625
269.845933837891
269.859893798828
269.930065002441
269.949425048828
269.996948242188
270.042721862793
270.064483642578
270.110015869141
270.123031311035
270.195297851562
270.224234619141
270.278518066406
270.325744628906
270.357940673828
270.374870605469
270.436584472656
270.445584716797
270.504089355469
270.535621337891
270.564993286133
270.598118896484
270.651672363281
270.674128417969
270.711423950195
270.733581542969
270.784761352539
270.777391967773
270.815382080078
270.827043457031
269.057136230469
269.136993408203
269.173721923828
269.222125244141
269.238952636719
269.273544921875
269.3330078125
269.375885009766
269.411766357422
269.449768066406
269.466110839844
269.523807373047
269.553489990234
269.601867675781
269.602074890137
269.669671630859
269.697554931641
269.732053222656
269.7724609375
269.826061706543
269.850876464844
269.914604492187
269.935513305664
269.984680175781
270.02673034668
270.055999755859
270.085594482422
270.116394042969
270.175087890625
270.201782226563
270.266545410156
270.309356689453
270.333806152344
270.352966308594
270.409695739746
270.418394470215
270.473602294922
270.515961914062
270.540893554688
270.569512939453
270.61506652832
270.644861145019
270.672778320312
270.693667907715
270.737717285156
270.735870361328
270.790430908203
270.794412841797
269.075552062988
269.152862548828
269.184204101563
269.236005859375
269.251489257813
269.285766601563
269.335045166016
269.382371826172
269.407989501953
269.451024780273
269.464044494629
269.525675354004
269.549102783203
269.599666748047
269.609422607422
269.673979492188
269.696204833984
269.751282653809
269.785629882812
269.826395568848
269.846070556641
269.915417480469
269.93306060791
269.986511230469
270.024139404297
270.056030273438
270.103823242188
270.111778564453
270.173178710938
270.198425292969
270.260303955078
270.303975830078
270.324123535156
270.336668395996
270.398397521973
270.397713623047
270.464123535156
270.496103515625
270.532043457031
270.564910888672
270.605308837891
270.640648193359
270.674732666016
270.696502685547
270.723449707031
270.725891113281
270.777760620117
270.779064941406
269.078796386719
269.152978210449
269.186804199219
269.243377685547
269.263201904297
269.289171142578
269.337690734863
269.395112915039
269.423088378906
269.464105224609
269.463444824219
269.528780517578
269.552349243164
269.606460266113
269.614410400391
269.679840087891
269.709976806641
269.748583984375
269.778252868652
269.833646240234
269.848953857422
269.899582519531
269.936823730469
269.988464355469
270.026032714844
270.059788818359
270.102325439453
270.107391357422
270.167877197266
270.193637390137
270.24097076416
270.304305725098
270.313537597656
270.335732421875
270.395266113281
270.402575073242
270.455330810547
270.4873046875
270.530280761719
270.557403564453
270.607116699219
270.636483154297
270.683575439453
270.693359375
270.731719970703
270.720250244141
270.773590087891
270.772301940918
269.076866455078
269.153446044922
269.178999023437
269.226647644043
269.246591796875
269.270629882813
269.326812744141
269.385446777344
269.422503662109
269.454951171875
269.470086364746
269.527449951172
269.547261962891
269.600084228516
269.605522460937
269.668489685059
269.6990234375
269.739460754395
269.768890380859
269.82810546875
269.845854492188
269.90673828125
269.923767089844
269.976334228516
270.011983947754
270.047286682129
270.082122802734
270.092678222656
270.151580810547
270.17586730957
270.231005249023
270.287769775391
270.302261962891
270.306652832031
270.374237060547
270.411956787109
270.450509033203
270.473345947266
270.523951416016
270.546419677734
270.599254455566
270.629440002441
270.661168212891
270.682872619629
270.725289001465
270.72539642334
270.763946533203
270.789771728516
