155.735227966309
155.761239318848
155.747976074219
155.756624603271
155.786834716797
155.791366577148
155.81441619873
155.855770721436
155.870809020996
155.90756729126
155.926433258057
155.933946533203
155.949007568359
155.962015991211
155.984979705811
155.985822296143
156.027510375977
156.043528289795
156.084021606445
156.077948150635
156.067186584473
156.080749511719
156.106798400879
156.116199951172
156.139295349121
156.142473144531
156.175796508789
156.178072052002
156.187075195313
156.223892211914
156.263662872314
156.296824951172
156.303706970215
156.326641235352
156.356047973633
156.398379974365
156.408782958984
156.416386108398
155.560623626709
155.581147613525
156.479427032471
156.493852386475
156.508077545166
156.49526550293
156.523383026123
156.583328552246
156.595055389404
156.598766479492
155.746196136475
155.798373718262
155.815135803223
155.844691772461
155.847565917969
155.867911376953
155.875547485352
155.915478515625
155.955946044922
155.963928222656
155.97352722168
155.986999511719
155.975242462158
156.039563751221
156.051997070312
156.04476852417
156.055061035156
156.104594726562
156.133178710938
156.126834716797
156.137752075195
156.144351806641
156.181925811768
156.187282409668
156.174224853516
156.204620361328
156.261696624756
156.266168060303
156.273620147705
156.278134460449
156.338342895508
156.340774536133
156.339791870117
156.246147460937
156.387783660889
154.24947265625
156.405815429687
156.33571105957
156.443847351074
156.48014831543
156.515391235352
156.519412231445
156.543293914795
156.542995758057
156.563288116455
156.567659454346
156.594359741211
156.595748901367
155.777189025879
155.820061645508
155.809542388916
155.855773925781
155.845020751953
155.887773895264
155.904630279541
155.948824768066
155.963170776367
155.967761535645
155.994921569824
156.002724914551
156.001179199219
156.032862701416
156.044774932861
156.047247924805
156.093288269043
156.124781341553
156.140621948242
156.131321411133
156.14674621582
156.090536499023
156.184111022949
156.197339630127
156.208413391113
156.212936401367
156.252673950195
156.23854095459
156.224784545898
156.295629882813
156.286798095703
156.334136962891
156.33710067749
156.334468994141
156.348656311035
156.414840698242
156.422256469727
156.396881103516
156.475949707031
156.425811767578
156.494384765625
156.502088470459
156.513883056641
156.526091766357
156.545870361328
156.575313720703
156.560033569336
156.580764770508
155.753356933594
155.798665924072
155.820362243652
155.849865875244
155.861923217773
155.887790985107
155.89065612793
155.928941497803
155.957423706055
155.95219543457
155.967696228027
155.961608886719
156.000224914551
156.01185333252
156.052166748047
156.019398040771
156.055141448975
156.094940185547
156.121682128906
156.091954040527
156.142127075195
156.123678588867
156.159725952148
156.182168579102
156.186715698242
156.209686279297
156.227438201904
156.242068939209
156.217022705078
156.29248046875
156.292388916016
156.310784606934
156.315747833252
156.328329925537
156.329514465332
156.381963043213
156.40745223999
156.431363220215
156.454666137695
156.407473297119
156.466337890625
156.442337036133
156.532300109863
156.501247253418
156.495114440918
156.486004486084
156.548278808594
156.551583557129
155.63116973877
155.742435302734
155.744798736572
155.799632873535
155.74918258667
155.865279693604
155.873905334473
155.89912109375
155.903800048828
155.929474487305
155.895965576172
155.965347290039
155.967499694824
156.022657623291
156.037818603516
156.049795074463
156.078860473633
156.14926574707
156.310296478271
156.135379943848
156.095825042725
156.163755493164
156.170474243164
156.164340820313
156.176436157227
156.180046081543
156.228243865967
156.213045654297
156.257274780273
156.292037963867
156.313167419434
156.316080627441
156.318923339844
156.319310302734
156.335174560547
156.348846435547
156.387698364258
156.426376342773
156.435603942871
156.444984741211
156.488830566406
156.42977355957
156.507431030273
156.501902770996
156.506910095215
156.526306152344
156.555924530029
156.552536010742
155.627438201904
155.691045837402
155.692810058594
155.699676513672
155.729931030273
155.784755859375
155.792711791992
155.860652770996
155.884414672852
155.920994110107
155.9359765625
155.929250640869
155.918823242188
155.968949584961
155.970260620117
156.014633178711
156.060963439941
156.119949951172
156.105233459473
156.08487197876
156.058600921631
156.142074279785
156.189832763672
156.179879760742
156.190581512451
156.164668884277
156.206253051758
156.167434692383
156.195028991699
156.242991943359
156.293528594971
156.305005493164
156.321280517578
156.305694580078
156.345220031738
156.391571044922
156.412664794922
156.423571929932
156.435051269531
156.445596008301
156.478546142578
156.499195709229
156.514071044922
156.521935119629
156.495869140625
156.548032226562
156.559188842773
156.582925109863
155.566949920654
155.634624786377
155.643047943115
155.688055267334
155.702192993164
155.747191772461
155.789442443848
155.797936553955
155.835378570557
155.90411239624
155.890273284912
155.864488983154
155.853274536133
155.919804534912
155.935905914307
156.018878173828
156.030084228516
156.078277587891
156.083651885986
156.086858520508
156.10473449707
156.08462097168
156.160328521729
156.171463012695
156.15592956543
156.178297271729
156.193450927734
156.204087982178
156.236067810059
156.264526367188
156.235328369141
156.284335632324
156.322603759766
156.354703979492
156.331855621338
156.359313964844
156.394884033203
156.433410644531
156.431350708008
156.353212890625
156.480285644531
156.489293212891
156.488000793457
156.519973754883
156.544239349365
156.56546585083
156.588820648193
156.588754882813
155.526974334717
155.563452148438
155.595971374512
155.63766784668
155.651125793457
155.690829925537
155.728309326172
155.7647315979
155.813528900146
155.855765380859
155.883514404297
155.828100585938
155.812241821289
155.839965820313
155.851661376953
155.973554992676
155.992953338623
156.02705871582
156.046539306641
156.078115234375
156.13646697998
156.1277734375
156.163290405273
156.175818328857
156.187950592041
156.190948486328
156.201251831055
156.227249145508
156.250712890625
156.296181640625
156.294463348389
156.288686676025
156.320029907227
156.344563140869
156.346435546875
156.388191680908
156.3821144104
156.427333984375
156.44482421875
156.452165679932
156.487152099609
156.496200561523
156.519836730957
156.514745483398
156.532079925537
156.553451843262
156.586578979492
156.586651000977
155.458892822266
155.507204589844
155.525418548584
155.54693862915
155.596965332031
155.641456298828
155.688538665771
155.727509765625
155.75615234375
155.783437652588
155.788390960693
155.775817871094
155.786500244141
155.847545471191
155.880534362793
155.9365284729
155.949146118164
155.996767578125
155.98594619751
156.070497436523
156.064248046875
156.105703125
156.133983764648
156.151840209961
156.177207489014
156.135131835938
156.178741455078
156.218693389893
156.237897338867
156.265991210938
156.330315856934
156.329389648437
156.341354370117
156.361130981445
156.379337921143
156.410174102783
156.422714233398
156.449237060547
156.464893798828
156.462596740723
156.500679626465
156.507536621094
156.539784545898
156.54152130127
156.566350708008
156.572662353516
156.602157897949
156.620180664063
155.406768798828
155.48372253418
155.473614044189
155.518737792969
155.516143798828
155.54574432373
155.612152099609
155.604293823242
155.696342926025
155.706635742188
155.719898071289
155.721214141846
155.743737487793
155.809631347656
155.836807250977
155.865253295898
155.872543334961
155.952247772217
155.968513031006
155.998375396729
156.034904785156
156.073690795898
156.105819702148
156.127044677734
156.172119140625
156.19792175293
156.172182617188
156.232790527344
156.252317199707
156.222595214844
156.305847167969
156.318176269531
156.348594818115
156.365115356445
156.411764678955
156.452011108398
156.454323577881
156.446731567383
156.477478485107
156.497337036133
156.520661315918
156.542245178223
156.557738647461
156.578590698242
156.576217956543
156.593574829102
156.626885681152
156.623779296875
155.338745117188
155.390097808838
155.429784698486
155.46414855957
155.470160369873
155.533953704834
155.56263671875
155.600143432617
155.639456176758
155.681814575195
155.685224609375
155.717308502197
155.707740325928
155.772627105713
155.798435821533
155.845134735107
155.87895401001
155.93739074707
155.95393371582
155.960836486816
156.012672119141
156.050553131104
156.092693939209
156.131640014648
156.139723205566
156.170996704102
156.217782897949
156.197194824219
156.22205947876
156.296726226807
156.330514068604
156.298477172852
156.349419403076
156.353271484375
156.368861541748
156.449260864258
156.457708740234
156.445301208496
156.494865722656
156.515066375732
156.549343261719
156.564839477539
156.592437744141
156.596309204102
156.61504486084
156.622079620361
156.639934692383
156.635563964844
155.29865234375
155.361741943359
155.383529052734
155.425005493164
155.442122650146
155.456824493408
155.49626159668
155.54682723999
155.56428527832
155.611895751953
155.642768554688
155.676458282471
155.703957366943
155.743722229004
155.756089477539
155.824657592773
155.893905639648
155.887451171875
155.919321136475
155.955818481445
155.961412963867
156.032104492188
156.0516015625
156.095485534668
156.095306396484
156.128583984375
156.158272247314
156.202633056641
156.228417663574
156.266903686523
156.293050079346
156.354546966553
156.364486083984
156.371337127686
156.403778076172
156.448567504883
156.485252838135
156.501312255859
156.530044708252
156.538034515381
156.58251953125
156.569794006348
156.623241577148
156.626569519043
156.6312449646
156.651992797852
156.658111572266
156.675674438477
155.255862426758
155.307099609375
155.343945159912
155.381271362305
155.394585113525
155.408784637451
155.467592773438
155.512084960938
155.521148834229
155.563485412598
155.585744781494
155.645992431641
155.677689819336
155.657702789307
155.709611816406
155.763228912353
155.776923217773
155.851017608643
155.870346069336
155.91024887085
155.92120803833
155.979476928711
156.002532958984
156.058978118896
156.082814178467
156.086303710938
156.146235961914
156.168165283203
156.157556152344
156.228987426758
156.29182434082
156.32487487793
156.341898345947
156.36926940918
156.396805725098
156.430769958496
156.458641052246
156.389099121094
156.52608291626
156.461980743408
156.548742523193
156.588357849121
156.59821472168
156.622780761719
156.629688110352
156.625684814453
156.667724609375
156.688750457764
155.222935943604
155.265685424805
155.297226867676
155.327257995605
155.35338104248
155.395083312988
155.429645385742
155.467318115234
155.472090301514
155.53112411499
155.539413452148
155.593464355469
155.599696502686
155.645379333496
155.647775878906
155.688430786133
155.737114257812
155.818098144531
155.828388519287
155.863219146729
155.891228485107
155.920325927734
155.972915649414
156.030221252441
156.031402587891
156.068725128174
156.113386230469
156.119986572266
156.143629455566
156.218616943359
156.256831970215
156.273189697266
156.275644073486
156.322445068359
156.360653533936
156.423002624512
156.431722717285
156.471995239258
156.480873413086
156.515992584229
156.546931762695
156.572967529297
156.578170776367
156.616584320068
156.627514038086
156.641293029785
156.635903320313
156.674080657959
155.191329956055
155.230736083984
155.257433013916
155.295238037109
155.309491119385
155.34620300293
155.390464324951
155.419229125977
155.454604492188
155.482330322266
155.498910827637
155.549541778564
155.560610656738
155.614868164063
155.583432617187
155.678970336914
155.728828125
155.743347167969
155.779720458984
155.823868865967
155.854354858398
155.898345947266
155.925155639648
155.959243774414
155.965664672852
156.002949676514
156.045972595215
155.99360824585
156.113327484131
156.149831237793
156.192833709717
156.232662811279
156.251419677734
156.229404296875
156.319508056641
156.375119018555
156.405532836914
156.439361572266
156.436325073242
156.486981048584
156.469796142578
156.531989746094
156.578697662354
156.582331390381
156.578949584961
156.600435791016
156.611675415039
156.641222839355
155.144366149902
155.214231262207
155.252136230469
155.28868057251
155.305822906494
155.309250793457
155.371832275391
155.409396972656
155.419479064941
155.435440063477
155.471468048096
155.520352020264
155.539903564453
155.578248596191
155.578767547607
155.641320495605
155.666712341309
155.661847381592
155.708562927246
155.767235107422
155.785347442627
155.844447021484
155.855019836426
155.918203125
155.934539794922
155.959104919434
156.010950927734
156.025331573486
156.025787353516
156.084790649414
156.127833557129
156.172916107178
156.188691253662
156.205749053955
156.258080749512
156.300579223633
156.338468933105
156.376146240234
156.271228027344
156.414803466797
156.434041900635
156.45881652832
156.47809463501
156.497419433594
156.537758178711
156.553057250977
156.571256713867
156.592178344727
155.165646514893
155.208777770996
155.245542602539
155.261086120605
155.300709228516
155.272369384766
155.318690185547
155.391414489746
155.408401489258
155.451192016602
155.46705947876
155.52680557251
155.524132995605
155.550445098877
155.564510498047
155.610000915527
155.644404907227
155.631824035645
155.709501495361
155.743304748535
155.717955932617
155.819966278076
155.853816833496
155.878292388916
155.88729888916
155.913873443604
155.959214477539
155.976507110596
156.026029663086
156.06291015625
156.112670898438
156.138793945313
156.153801727295
156.166949462891
156.223896484375
156.225540161133
156.273717651367
156.301477050781
156.320817871094
156.365114135742
156.383453369141
156.365585327148
156.444931030273
156.458148040771
156.480454101562
156.488143920898
156.496072387695
156.516776275635
155.147360839844
155.185283813477
155.213500213623
155.259274139404
155.255800628662
155.274556274414
155.337524261475
155.38617401123
155.388226318359
155.414585571289
155.429870605469
155.495154418945
155.396697998047
155.52214050293
155.525963745117
155.579778442383
155.604034423828
155.633805847168
155.599065551758
155.696243286133
155.728897094727
155.772838134766
155.70586807251
155.831321716309
155.880913238525
155.880003814697
155.932250976563
155.920108337402
155.979007415771
156.01314666748
156.0478515625
156.089089660645
156.102037963867
156.128182678223
156.17452041626
156.200581054687
156.216640014648
156.242073364258
156.275534057617
156.319198608398
156.338872833252
156.350935058594
156.380700683594
156.376125488281
156.421813964844
156.399630279541
156.423467102051
156.477311401367
155.138013916016
155.216195068359
155.199234161377
155.261884460449
155.27458190918
155.280124053955
155.338103027344
155.377226257324
155.39607421875
155.429010009766
155.458986663818
155.4725390625
155.50400604248
155.470112915039
155.514544219971
155.566737670898
155.546234130859
155.611969909668
155.607136383057
155.657775268555
155.694534301758
155.734078674316
155.765975952148
155.800500183105
155.747313690186
155.858209075928
155.898755340576
155.902196044922
155.927458496094
155.983382263184
156.028076171875
156.065762481689
156.080782470703
156.098733215332
156.127959747314
156.139468994141
156.174295654297
156.212265014648
156.226257324219
156.258047332764
156.287499694824
156.313137969971
156.329833984375
156.348739624023
156.367409515381
156.379170837402
156.373049316406
156.447572784424
155.164710998535
155.215111083984
155.257354736328
155.255633544922
155.272709350586
155.282302856445
155.302818908691
155.369155883789
155.371423797607
155.409249572754
155.417223510742
155.456817169189
155.469569702148
155.507926483154
155.520963745117
155.552717285156
155.617420654297
155.628601074219
155.636574554443
155.676597290039
155.675446624756
155.743469238281
155.768463745117
155.790991210938
155.805191040039
155.836604003906
155.87514831543
155.895904846191
155.908433685303
155.963307800293
156.001575622559
156.013019866943
156.013996429443
156.002656860352
156.093471984863
156.134003295898
156.155776977539
156.176130981445
156.206951904297
156.232100830078
156.241076660156
156.269149780273
156.306777954102
156.302949371338
156.337102661133
156.261645355225
156.386151123047
156.425606536865
155.133224487305
155.16083984375
155.224855499268
155.243352813721
155.284672241211
155.298565979004
155.394088745117
155.386741943359
155.383141326904
155.342727661133
155.39035736084
155.458358764648
155.426773071289
155.502914428711
155.518715515137
155.555852050781
155.592947998047
155.611043243408
155.628997802734
155.663816680908
155.677758483887
155.738250732422
155.733784179688
155.779598999023
155.818293914795
155.830149536133
155.851709594727
155.90877822876
155.899459838867
155.930146484375
155.969673461914
156.007446289063
155.973576049805
156.054168701172
156.084240570068
156.095916748047
156.12432220459
156.168121337891
156.201950073242
156.204942016602
156.235171813965
156.277394714355
156.290634155273
156.330932617188
156.304235229492
156.333643188477
156.367782745361
156.412628173828
155.119460449219
155.188655853271
155.220888519287
155.236999511719
155.254772796631
155.263325042725
155.343419189453
155.379867553711
155.377393035889
155.419978942871
155.417321777344
155.472445526123
155.484464416504
155.513752441406
155.516198730469
155.550385437012
155.563647460937
155.60405090332
155.638385314941
155.665152130127
155.665126342773
155.704197998047
155.7272265625
155.787837219238
155.780317840576
155.806111450195
155.857472839355
155.861746826172
155.895364837646
155.905166931152
155.961488647461
155.982048339844
156.01112121582
156.019302215576
156.068473205566
156.116260375977
156.153356323242
156.149699554443
156.14372253418
156.181548461914
156.239852905273
156.251800537109
156.284599761963
156.301981811523
156.314545288086
156.317063140869
156.354278564453
156.375653686523
