258.287536621094
258.296081542969
258.305480957031
258.329196777344
258.383666992188
258.377109985352
258.417386474609
258.466705932617
258.493965454102
258.521010131836
258.547416381836
258.568695068359
258.537567138672
258.561731567383
258.660366210937
258.662123413086
258.689605712891
258.701272583008
258.731911621094
258.797957763672
258.774139404297
258.806984863281
258.844000244141
258.835661010742
258.865109863281
258.894903564453
258.928953857422
258.942793579102
258.962066650391
258.995862426758
259.072692871094
259.101582641602
259.092136230469
259.102576904297
259.169525146484
259.207813720703
259.24260925293
259.249267578125
259.263702392578
259.289245605469
259.308930969238
259.334320678711
259.38001159668
259.369951171875
259.416381835938
259.408334350586
259.435386962891
259.482602539062
258.223388671875
258.274708251953
258.272888183594
258.328112792969
258.333139648438
258.369404907227
258.394226074219
258.453341674805
258.455538330078
258.482537231445
258.49663269043
258.532395629883
258.540385742187
258.560516357422
258.580880737305
258.582000732422
258.645702514648
258.659841918945
258.719268798828
258.716369628906
258.727897949219
258.769934082031
258.80276550293
258.807791137695
258.829219970703
258.859497070313
258.895660400391
258.923298339844
258.9408984375
258.977844238281
259.003372802734
259.027546691895
259.028831787109
259.068184204102
259.086547851563
259.119719848633
259.153041992187
259.152710571289
259.184844970703
259.189715576172
259.258959350586
259.267739257812
259.292175292969
259.300968017578
259.331685180664
259.302080078125
259.376281738281
259.405007324219
258.142816772461
258.199951171875
258.223754882813
258.253461303711
258.261871337891
258.287043457031
258.275573730469
258.362339477539
258.387939453125
258.412315673828
258.414259338379
258.442523193359
258.493786621094
258.490356445313
258.513664550781
258.510711669922
258.558654785156
258.59171875
258.616546630859
258.616704101563
258.62473449707
258.67287109375
258.709808349609
258.729827880859
258.730520629883
258.756667480469
258.778890991211
258.799415588379
258.822265625
258.8484375
258.890958251953
258.924293212891
258.940124511719
258.944283447266
258.989379882813
259.02521484375
259.021210327148
259.095026855469
259.113191223145
259.119598388672
259.149577026367
259.173190307617
259.18893737793
259.220336914063
259.234100952148
259.275115966797
259.294429016113
259.307780456543
258.05738067627
258.051171875
258.09237121582
258.160949707031
258.16897277832
258.208686523438
258.247369995117
258.263952636719
258.297425537109
258.314086914063
258.330192260742
258.372833251953
258.376249389648
258.415878295898
258.437150878906
258.447818603516
258.480113525391
258.499241333008
258.52385925293
258.495834960937
258.572418212891
258.587738037109
258.630737304688
258.655975341797
258.666862792969
258.686207885742
258.712707519531
258.610621337891
258.749353637695
258.814431762695
258.796461791992
258.846771850586
258.851104736328
258.858668518066
258.894090270996
258.922353515625
258.964111328125
258.985591430664
259.017933654785
259.033020019531
259.052926635742
259.078602600098
259.085296630859
259.117084350586
259.129223632813
259.17347869873
259.178242797852
259.21447265625
257.944221191406
257.984879150391
257.99692199707
258.039010009766
258.058166503906
258.113991699219
258.129577636719
258.177825927734
258.193140258789
258.209118041992
258.232251586914
258.25743347168
258.275902709961
258.304046630859
258.328159179688
258.357482910156
258.393402099609
258.431621704102
258.494165649414
258.451745605469
258.479991455078
258.538705444336
258.58565246582
258.588768920898
258.583068847656
258.609941101074
258.644348144531
258.659713745117
258.695612182617
258.737213134766
258.707173156738
258.784698486328
258.790863647461
258.787139892578
258.842760009766
258.858859863281
258.912333984375
258.918929443359
258.954274291992
258.963537597656
258.999885253906
258.948062133789
259.049776000977
259.054945678711
259.095031738281
259.115692138672
259.141659545898
259.173048095703
257.796467895508
257.84228515625
257.859010009766
257.89387878418
257.921734008789
257.968223571777
258.042135620117
258.05510559082
258.098814697266
258.138193969727
258.142786254883
258.147064819336
258.146859741211
258.199302368164
258.216681518555
258.289926147461
258.321229858398
258.362763977051
258.386779785156
258.399525756836
258.423583984375
258.442420043945
258.493001098633
258.514970397949
258.531473999023
258.535908508301
258.570129394531
258.574923095703
258.610883789062
258.667393798828
258.68359375
258.728773498535
258.731658935547
258.738590087891
258.787689208984
258.803909301758
258.844136352539
258.856567382813
258.882014770508
258.90505859375
258.94497833252
258.96976776123
258.971164550781
259.019609375
259.042009887695
259.060975341797
259.095417480469
259.096996459961
257.698154296875
257.846309814453
257.771820068359
257.82561340332
257.81459777832
257.8634765625
257.922055664062
257.95276184082
258.010055541992
258.044117431641
258.058776855469
258.031402587891
258.036254882813
258.111165161133
258.138052978516
258.221674194336
258.266037597656
258.361619873047
258.305023193359
258.339688720703
258.362833251953
258.38634765625
258.349189758301
258.445495605469
258.447235107422
258.477661132813
258.503416137695
258.533014526367
258.554006958008
258.587618408203
258.611337280273
258.660641479492
258.691514282227
258.689606933594
258.725300292969
258.728965454102
258.786590576172
258.853346557617
258.836041259766
258.854240112305
258.886799316406
258.908591918945
258.938352966309
258.943204345703
258.978543701172
259.004359130859
259.040943603516
259.064962158203
257.567568359375
257.615814208984
257.646950683594
257.688403320312
257.71452331543
257.75661315918
257.804019775391
257.849487304688
257.832197875977
257.920135498047
257.964233398438
257.92223449707
257.936884155273
258.009344482422
258.050262451172
258.118817749023
258.142201538086
258.188991699219
258.243347167969
258.253123779297
258.318646240234
258.339201049805
258.372344970703
258.401788330078
258.414245605469
258.382733154297
258.472608947754
258.484270019531
258.535930786133
258.56026184082
258.585052490234
258.589809570313
258.601776123047
258.682920532227
258.682038574219
258.718911743164
258.74072265625
258.760059814453
258.803756713867
258.817982788086
258.837139282227
258.869578552246
258.897833251953
258.91225769043
258.9453125
258.961517333984
259.00048828125
259.015641784668
257.442631225586
257.498909912109
257.526606445312
257.557762145996
257.509860229492
257.648049926758
257.723944091797
257.739368286133
257.797543945312
257.910624389648
257.845964355469
257.841827392578
257.844507446289
257.995850830078
257.992451171875
258.032429199219
258.04798034668
258.164878540039
258.14137878418
258.140541992188
258.176910400391
258.250158691406
258.29214050293
258.341847229004
258.348206787109
258.368439331055
258.466796875
258.413013916016
258.453277587891
258.508470153809
258.571929931641
258.567103271484
258.584136962891
258.626594848633
258.662217407227
258.693867797852
258.712247924805
258.727203369141
258.761975097656
258.805037231445
258.819143676758
258.842956542969
258.852098083496
258.868131713867
258.916015625
258.938706970215
258.949130249023
258.97890625
257.353240966797
257.380249023438
257.420032348633
257.46720123291
257.485565185547
257.536849365234
257.582288818359
257.623565673828
257.678167724609
257.694649658203
257.738087768555
257.778275146484
257.757841491699
257.826171875
257.870286865234
257.941065063477
257.973266601563
258.008335571289
258.012460327148
258.08509765625
258.103164672852
258.167975463867
258.198272705078
258.26593170166
258.304227905273
258.318985595703
258.366250610352
258.38528503418
258.41282043457
258.395867919922
258.454945373535
258.502416992187
258.462210083008
258.545393371582
258.605869140625
258.670299682617
258.657940063477
258.706614379883
258.742163085937
258.746741333008
258.786743164063
258.818757629395
258.846464538574
258.822040405273
258.893034362793
258.896047363281
258.949294433594
258.95433807373
257.217102050781
257.281352233887
257.314864501953
257.367980957031
257.387352294922
257.441670532227
257.48992767334
257.39080871582
257.581278991699
257.617598876953
257.646341552734
257.692047119141
257.706878662109
257.832062988281
257.821411132813
257.850322875977
257.861785888672
257.993310546875
257.983881835937
257.786895751953
258.043241882324
258.084436645508
258.183137207031
258.178771972656
258.229683837891
258.239532470703
258.289896850586
258.33725769043
258.22088684082
258.436555480957
258.396145629883
258.478143310547
258.488995361328
258.524865112305
258.568358764648
258.595485229492
258.640247802734
258.664138183594
258.702415771484
258.718669128418
258.768534545898
258.789367675781
258.805444946289
258.83989440918
258.880727539062
258.874292602539
258.913848876953
258.948366088867
257.12571105957
257.196929931641
257.239652099609
257.273622131348
257.337969970703
257.355355834961
257.395477294922
257.439130249023
257.450518798828
257.554107666016
257.555109863281
257.604064941406
257.628779296875
257.675266723633
257.689764404297
257.753291015625
257.841865234375
257.847442626953
257.885267333984
257.935639038086
257.948958740234
258.026971435547
258.067564086914
258.060119628906
258.112188720703
258.155706787109
258.222745361328
258.262702941895
258.265377197266
258.303997192383
258.331182861328
258.428382873535
258.437622070313
258.480966186523
258.545484008789
258.580684814453
258.62109375
258.631622314453
258.667724609375
258.681752929687
258.740142822266
258.774108886719
258.790211791992
258.811535644531
258.856923217773
258.861482543945
258.900830078125
258.88630065918
257.067172851563
257.109005737305
257.135772705078
257.196276245117
257.21297454834
257.249490356445
257.308735656738
257.354790039062
257.379937744141
257.433987426758
257.449256591797
257.519500732422
257.548314208984
257.59483215332
257.596788330078
257.66703125
257.720094604492
257.773375244141
257.795024108887
257.837700195312
257.867156982422
257.926605224609
257.973888549805
258.039764404297
258.05799987793
258.100196533203
258.146413574219
258.158558959961
258.212805786133
258.259399414063
258.31791015625
258.361729125977
258.377166748047
258.405323486328
258.455370483398
258.498275756836
258.535979614258
258.57214050293
258.634874267578
258.632385253906
258.66518371582
258.692706298828
258.750208740234
258.757838439941
258.768064575195
258.792390136719
258.830206298828
258.876397705078
256.971301269531
257.033760986328
257.064094543457
257.109075927734
257.133125
257.195402526855
257.233917236328
257.286037597656
257.315230102539
257.346649780273
257.307453613281
257.423004150391
257.427062988281
257.496143798828
257.539945068359
257.569940795898
257.616957092285
257.709332275391
257.713854370117
257.773001098633
257.797139282227
257.871832885742
257.900640869141
257.950216674805
257.962841796875
257.998809814453
258.091157836914
258.081929321289
258.145148925781
258.176012573242
258.225420532227
258.284477233887
258.295289916992
258.331280517578
258.391342773437
258.44482421875
258.470690917969
258.515388793945
258.562755737305
258.576597290039
258.62451171875
258.659190368652
258.705413818359
258.712388916016
258.739161376953
258.759466552734
258.773489379883
258.805165405273
256.911865234375
256.957275390625
257.001098632813
257.022561035156
257.06805847168
257.106862182617
257.147979736328
257.195709228516
257.233784790039
257.263389892578
257.294525146484
257.359497070313
257.369532470703
257.421083068848
257.430670776367
257.516441040039
257.556365966797
257.588256835938
257.62016784668
257.707489013672
257.673082275391
257.779296875
257.82183380127
257.846040649414
257.870849609375
257.915496826172
257.966522216797
257.896545410156
258.049317016602
258.082153320313
258.142931518555
258.180108032227
258.217930603027
258.252593994141
258.311920166016
258.363806152344
258.397712402344
258.44096862793
258.470489501953
258.499075317383
258.553020629883
258.573627929688
258.633086547852
258.647064208984
258.685902709961
258.650900878906
258.714096069336
258.744307861328
256.878604125977
256.923309326172
256.987152099609
257.001190185547
257.04114074707
257.057038574219
257.092416992188
257.150427246094
257.163491821289
257.213073730469
257.238092651367
257.249099121094
257.328854370117
257.365814208984
257.368813476563
257.430877685547
257.477062988281
257.513041381836
257.553651123047
257.590518188477
257.629843139648
257.699298095703
257.733215332031
257.766488647461
257.789947509766
257.840057373047
257.885399169922
257.906049194336
257.962463378906
257.989419555664
258.044238891602
258.089352416992
258.111139526367
258.140090942383
258.228810424805
258.25283203125
258.311989135742
258.350902709961
258.396211547852
258.413452148438
258.444725952148
258.472036743164
258.446377563477
258.411301269531
258.589495849609
258.606874389648
258.637507324219
258.64965637207
256.81364440918
256.869873046875
256.925860595703
256.95513671875
256.88962890625
257.033726501465
257.07094543457
257.107879638672
257.148923339844
257.175476074219
257.197200317383
257.282922973633
257.265441894531
257.3035546875
257.326789550781
257.372239990234
257.367704772949
257.437278442383
257.501098632813
257.546873779297
257.551494750977
257.628585205078
257.536102294922
257.729553222656
257.724447631836
257.738464355469
257.819292602539
257.848394775391
257.900138549805
257.936205444336
258.004086914062
258.055532226562
258.061038818359
258.080497436523
258.156555175781
258.171196899414
258.220729064941
258.259606323242
258.279692077637
258.303872680664
258.370415039062
258.407937011719
258.478884887695
258.4679296875
258.497222900391
258.512756347656
258.549209594727
258.560647583008
256.802510375977
256.816331787109
256.870448608398
256.912620239258
256.929299926758
256.967598876953
256.997390136719
257.057176513672
257.093566894531
257.120745849609
257.139725341797
257.204016723633
257.224212646484
257.266497802734
257.256331176758
257.329537353516
257.351678466797
257.398659667969
257.41678894043
257.476878662109
257.493485107422
257.563538818359
257.602911376953
257.63
257.671356201172
257.674105834961
257.738698120117
257.782393188477
257.827696533203
257.865036621094
257.931477050781
257.938751220703
257.981856079102
258.018200073242
258.077880859375
258.111256713867
258.155232543945
258.169865112305
258.208342285156
258.247573852539
258.307409667969
258.324411010742
258.362668457031
258.326568603516
258.401282958984
258.427013549805
258.465863037109
258.487541503906
256.768045043945
256.813380432129
256.862263183594
256.880798339844
256.897735595703
256.94119934082
256.985229492188
257.023132324219
257.062783203125
257.066439819336
257.149471435547
257.172350463867
257.181945800781
257.218183898926
257.225881958008
257.285394897461
257.320129394531
257.372551879883
257.408272705078
257.371384277344
257.461373291016
257.502502441406
257.538789367676
257.592202758789
257.634052124023
257.654981079102
257.704498291016
257.73176574707
257.773763427734
257.806976318359
257.698694458008
257.912561645508
257.926892089844
257.96444519043
258.006953125
258.035542602539
258.079689941406
258.096638183594
258.145513916016
258.129669189453
258.225036621094
258.256057128906
258.308122253418
258.314869995117
258.302571411133
258.312692260742
258.412414550781
258.440800170898
256.747080688477
256.804489135742
256.867243041992
256.864776611328
256.892925415039
256.89071105957
256.930087890625
257.008206787109
256.998717651367
257.027796630859
257.058951416016
257.145370483398
257.174935302734
257.190620117188
257.217113037109
257.263661499023
257.316334533691
257.356526489258
257.376123657227
257.400917053223
257.430822753906
257.496264648437
257.522593688965
257.580000610352
257.58770324707
257.627044677734
257.607086181641
257.701650390625
257.708351135254
257.780932617187
257.842951660156
257.872436523438
257.896647338867
257.956754150391
257.969216918945
257.992015380859
258.020085449219
258.055101928711
258.108299560547
258.141357421875
258.181205749512
258.215040893555
258.260290527344
258.279379272461
258.305672607422
258.326106567383
258.365733032227
258.382232666016
256.684957885742
256.732888793945
256.777141723633
256.803674926758
256.863098144531
256.89903137207
256.97010559082
257.000364990234
256.919243774414
257.047608642578
257.071858215332
257.110817871094
257.106551513672
257.15157623291
257.160219726563
257.238595581055
257.278370361328
257.30541809082
257.324388122559
257.382303466797
257.395378112793
257.446256103516
257.521226806641
257.543236694336
257.551198730469
257.595805358887
257.657514038086
257.693939819336
257.676910400391
257.749810791016
257.789576416016
257.817048339844
257.881613769531
257.884948730469
257.91251373291
257.937225341797
258.005106201172
258.033686523437
258.083969116211
258.139943237305
258.146170654297
258.190615844727
255.037274780273
258.258197631836
258.266301879883
258.280914306641
258.314357299805
258.365144042969
256.710540771484
256.741256713867
256.795604858398
256.809666442871
256.850518798828
256.920161743164
256.94508972168
256.918802490234
257.000061645508
257.02897644043
257.010554199219
257.084191894531
257.127769775391
257.145513305664
257.158100585938
257.226838989258
257.249349975586
257.277607727051
257.330911254883
257.388153076172
257.374005126953
257.416444702148
257.465631103516
257.531056518555
257.554005126953
257.570098876953
257.636383056641
257.648376464844
257.669188232422
257.691947631836
257.755584716797
257.759497680664
257.822024536133
257.815704345703
257.937330932617
257.97678894043
257.997903442383
258.022642822266
258.038934936523
258.054418334961
258.131734008789
258.152632141113
258.195774841309
258.201636352539
258.260284423828
258.247352905273
258.031719970703
258.324737548828
