279.242880249023
279.279266357422
279.335552978516
279.346783447266
279.356524658203
279.374319458008
279.436541748047
279.463195800781
279.501693725586
279.580230712891
279.647918701172
279.620223999023
279.638610839844
279.698347167969
279.731707763672
279.720488891602
279.775527954102
279.776577758789
279.864938354492
279.871853637695
279.898947143555
279.930917358398
279.960736083984
279.986498413086
279.997634887695
280.015390014648
280.052642822266
280.073994445801
280.084533691406
280.146115112305
280.188186645508
280.231680297852
280.256173706055
280.287042236328
280.360678100586
280.383050537109
280.407440185547
280.420776367188
280.45342376709
280.488891601563
280.506307983398
280.523580932617
280.564532470703
280.578341674805
280.613029785156
280.63974029541
280.668518066406
280.685186767578
279.524228820801
279.665405273438
279.700988769531
279.749420166016
279.792776489258
279.806990661621
279.8369140625
279.908770751953
279.934401245117
279.972671508789
280.016290283203
280.028256225586
280.042768859863
280.086703491211
280.128204345703
280.127899169922
280.177395629883
280.170196533203
280.245364379883
280.251262207031
280.284112548828
280.299572753906
280.365219116211
280.389282226563
280.422961425781
280.442199707031
280.485791625977
280.513265991211
280.530422058105
280.577221679687
280.602764892578
280.641799926758
280.643530883789
280.670104980469
280.712973022461
280.739985351562
280.772705078125
280.784915161133
280.826077270508
280.823190307617
280.872598266602
280.89165435791
280.925970458984
280.936859130859
280.933319091797
280.939809875488
280.983459472656
280.995932006836
279.9638671875
280.022329711914
280.082365722656
280.11375213623
280.143786621094
280.205963134766
280.212463378906
280.275216674805
280.279067993164
280.307525634766
280.337005615234
280.387222290039
280.461356506348
280.432723083496
280.474487304688
280.510290527344
280.51018371582
280.559698486328
280.611532592773
280.624969482422
280.653198242188
280.671744995117
280.726696777344
280.748794555664
280.784899902344
280.77776184082
280.840115356445
280.868502807617
280.868756103516
280.886444091797
280.926849365234
280.974426269531
280.951599121094
280.951182250977
281.027160644531
281.068600463867
281.097415161133
281.101434326172
281.133928833008
281.156829833984
281.19201965332
281.187985229492
281.193789672852
281.257873535156
281.270443725586
281.28494720459
281.313610229492
281.312438964844
280.242730712891
280.31416015625
280.32233581543
280.404306030273
280.426483154297
280.458624267578
280.505084228516
280.562191772461
280.59372253418
280.618539428711
280.66279296875
280.696014404297
280.697083435059
280.724792480469
280.773306274414
280.782856140137
280.816571044922
280.824418029785
280.890591430664
280.912048339844
280.919921875
280.965994262695
280.998699951172
281.015982971191
281.018217163086
281.049012145996
281.09482421875
281.114279174805
281.139579162598
281.179544067383
281.224029541016
281.259124755859
281.266115112305
281.308062744141
281.306875610352
281.352383422852
281.381741333008
281.399700317383
281.423101806641
281.425720214844
281.429316711426
281.485113220215
281.529632568359
281.55500793457
281.537121582031
281.554004516602
281.564294433594
281.589324951172
280.508688964844
280.505166625977
280.621286010742
280.657409667969
280.668701171875
280.709713745117
280.760057983398
280.809998779297
280.825914001465
280.853920898438
280.909362792969
280.928085327148
280.996087646484
280.997302246094
281.026434326172
281.071237182617
281.060754394531
281.114764404297
281.155911254883
281.170684814453
281.202770996094
281.239820556641
281.285270080566
281.304754333496
281.319524841309
281.334983215332
281.403237915039
281.419650268555
281.436859130859
281.472143249512
281.499703979492
281.518628540039
281.521087646484
281.519857788086
281.564010620117
281.570966796875
281.622711181641
281.675390625
281.677229614258
281.695831298828
281.715605773926
281.756042480469
281.758589782715
281.817373657227
281.814779663086
281.794616699219
281.854675292969
281.858074951172
280.719689941406
280.789178466797
280.821524963379
280.867279052734
280.887939453125
280.948648071289
280.989529418945
281.050396728516
281.068441772461
281.094717407227
281.152221679688
281.173257446289
281.180471801758
281.231170654297
281.260263977051
281.32087097168
281.332534790039
281.382678222656
281.457989501953
281.451833496094
281.476776123047
281.511007080078
281.558737182617
281.579806518555
281.595169067383
281.600715637207
281.637973022461
281.64632019043
281.678314208984
281.725735473633
281.80263671875
281.753332519531
281.802493286133
281.797702026367
281.849649047852
281.84687713623
281.91667175293
281.929992980957
281.965698242188
281.989776611328
281.99889831543
282.074868774414
282.073202514648
282.115072631836
282.102691650391
282.103790283203
282.135470581055
282.157965087891
280.909759521484
280.969522094727
281.005237731934
281.051812744141
281.087799072266
281.138110351562
281.19260559082
281.25540435791
281.293701171875
281.359518432617
281.383432312012
281.385803222656
281.386990356445
281.452700805664
281.485412902832
281.547384643555
281.604586791992
281.649502563477
281.674563903809
281.68796081543
281.698870849609
281.754022216797
281.778845214844
281.824266052246
281.829959106445
281.850119934082
281.87951965332
281.885804443359
281.92155456543
281.958901977539
282.002938842773
282.055678100586
282.053479003906
282.062988891602
282.119079589844
282.139517211914
282.184722900391
282.197497558594
282.228990783691
282.249053955078
282.282510375977
282.297964477539
282.333972167969
282.361285400391
282.366232299805
282.405444335937
282.427963256836
282.456329345703
281.101715087891
281.174209594727
281.218395996094
281.258062744141
281.211270141602
281.346343994141
281.399722900391
281.457535400391
281.512622070312
281.575115966797
281.595184326172
281.582794189453
281.581359863281
281.6516015625
281.697961425781
281.786468505859
281.810323486328
281.864927062988
281.889602661133
281.940438842773
281.959059448242
281.986584472656
282.042083740234
282.066528320313
282.091827392578
282.11643371582
282.151754760742
282.168670654297
282.210562133789
282.262948608398
282.276779174805
282.297891235352
282.288061523437
282.337149963379
282.343069458008
282.367999267578
282.409368896484
282.465515136719
282.471984863281
282.488079833984
282.528271484375
282.5412109375
282.574752807617
282.585662841797
282.592193603516
282.610394287109
282.669039916992
282.674853515625
281.25859375
281.33860168457
281.393402099609
281.450323486328
281.481231689453
281.506689147949
281.635453186035
281.683288574219
281.709930419922
281.755126953125
281.797033691406
281.776511535645
281.787628173828
281.827653503418
281.902781066895
281.967609558105
281.990264892578
282.030334472656
282.111401367188
282.16252746582
282.173858642578
282.232098388672
282.264110412598
282.313775634766
282.316805114746
282.3427734375
282.383447265625
282.4029296875
282.431274414063
282.461138916016
282.509573364258
282.548713684082
282.534210205078
282.540065002441
282.601623535156
282.627319335938
282.661117553711
282.692747497559
282.724792480469
282.744720458984
282.74167175293
282.79372253418
282.843228149414
282.845462036133
282.853121948242
282.873574829102
282.914337463379
282.934664916992
281.433416748047
281.505334472656
281.547082519531
281.587399291992
281.63779296875
281.683898925781
281.751283569336
281.807363891602
281.887777709961
281.919677734375
281.944244384766
281.952941894531
281.957397460938
282.015707397461
282.081576538086
282.173248291016
282.181892700195
282.216776123047
282.288674926758
282.280227661133
282.346664428711
282.410437011719
282.45345123291
282.523204345703
282.537231445313
282.566952514648
282.60546875
282.633963012695
282.660791015625
282.714873657227
282.743506774902
282.786956787109
282.787176513672
282.800289916992
282.853094482422
282.918228149414
282.867718505859
282.942700195313
282.978607177734
282.999011230469
283.039798278809
283.054351806641
283.091888427734
283.095939025879
283.122436523438
283.125973510742
283.151928710938
283.184393310547
281.57336730957
281.658660888672
281.71513671875
281.766903686523
281.788296508789
281.831146240234
281.912292480469
281.957575378418
282.020010375977
282.060958862305
282.097393798828
282.112335205078
282.118815612793
282.190609741211
282.244012451172
282.312125549316
282.33942565918
282.41755065918
282.474491577148
282.510269165039
282.525207824707
282.578380126953
282.617111206055
282.694418640137
282.725067138672
282.774810791016
282.811340332031
282.831103515625
282.863403320313
282.890676879883
282.949066467285
282.971820068359
282.975033569336
282.998657226563
283.052420959473
283.087451171875
283.138204956055
283.139216918945
283.197784423828
283.199412841797
283.253048706055
283.262268066406
283.295462036133
283.316500854492
283.32442199707
283.317181396484
283.379165649414
283.404174804688
281.721527099609
281.826834106445
281.863820800781
281.91201171875
281.955551147461
282.00104675293
282.057943725586
282.130523681641
282.151232910156
282.19387512207
282.245458984375
282.289471435547
282.292448730469
282.369076538086
282.400210571289
282.482995605469
282.532073974609
282.579867553711
282.632852172852
282.677905273437
282.688179016113
282.746643066406
282.810125732422
282.819451904297
282.902588195801
282.95217590332
282.99111114502
283.030661010742
283.074584960938
283.129680175781
283.155945739746
283.174966430664
283.188468017578
283.1962890625
283.25048828125
283.325437316895
283.335546875
283.356658935547
283.402676086426
283.422919311523
283.46335723877
283.472735595703
283.521487426758
283.519897460938
283.536395263672
283.553069458008
283.607814941406
283.619364318848
281.85827331543
281.916619873047
281.97607421875
282.030463256836
282.057098388672
282.108993530273
282.172803344727
282.212141113281
282.248329162598
282.329406738281
282.348907470703
282.42978515625
282.461044311523
282.511199951172
282.543708190918
282.587249755859
282.674552307129
282.734005737305
282.700018310547
282.810681152344
282.818542480469
282.89284362793
282.936352539063
282.988888549805
283.011294555664
283.026858520508
283.097540283203
283.140184631348
283.168496704102
283.221600341797
283.273255615234
283.323333740234
283.359182739258
283.370388793945
283.427093505859
283.461961669922
283.510256958008
283.542559814453
283.570404052734
283.595956420898
283.637689208984
283.646514892578
283.704623413086
283.706188964844
283.736752319336
283.738018798828
283.801898193359
283.810739135742
281.962033081055
282.04176940918
282.10615234375
282.157440185547
282.168430786133
282.220150756836
282.293594360352
282.282891845703
282.374118041992
282.437533569336
282.460137023926
282.549212646484
282.557305908203
282.621487426758
282.599533081055
282.715673828125
282.743338012695
282.819998168945
282.867775268555
282.910389099121
282.922927856445
283.005187988281
283.063858032227
283.10314239502
283.146497802734
283.168649291992
283.252398681641
283.264655456543
283.305294799805
283.338157348633
283.404534912109
283.467052001953
283.469635009766
283.495031738281
283.558563232422
283.589236450195
283.624252319336
283.663528442383
283.717468261719
283.741137695312
283.76982421875
283.799731445313
283.832928466797
283.854763793945
283.876190185547
283.871142578125
283.916058349609
283.865518188477
282.07364074707
282.150229797363
282.210823974609
282.252047729492
282.283228149414
282.346549377441
282.400421142578
282.455169677734
282.495397949219
282.550170898438
282.572134399414
282.658895874023
282.657646789551
282.717922973633
282.763580322266
282.814069824219
282.84303894043
282.912933349609
282.979565429688
283.018295288086
283.050164794922
283.106537780762
283.151745605469
283.208557128906
283.230795288086
283.283671569824
283.337652282715
283.385094299316
283.430938720703
283.472747802734
283.555053710938
283.573611450195
283.580740356445
283.598219604492
283.672546386719
283.68324798584
283.760214233398
283.794275512695
283.830841064453
283.883511352539
283.896057128906
283.92573425293
283.993558044434
283.992889404297
284.0302734375
284.030017089844
284.0484375
284.081207275391
282.191284179688
282.248648071289
282.311444091797
282.347338867188
282.370849609375
282.403305053711
282.490477905273
282.526651000977
282.591583251953
282.650469970703
282.680415344238
282.748294067383
282.752487182617
282.807672119141
282.826593017578
282.910452270508
282.921392822266
282.992768554687
283.044805603027
283.120141601563
283.130981445313
283.220277404785
283.242391967773
283.301449584961
283.327319335937
283.358221435547
283.424874267578
283.436828613281
283.51866027832
283.551960144043
283.621659851074
283.659658813477
283.662777709961
283.710083007813
283.726803588867
283.843688964844
283.838193969727
283.877242431641
283.937719726562
283.937942504883
283.991294250488
284.04397277832
284.05827331543
284.089715576172
284.098876953125
284.101837463379
284.130221557617
284.16506652832
282.266845703125
282.236614990234
282.460247802734
282.463140869141
282.475555419922
282.520310058594
282.590179443359
282.635717773437
282.682818603516
282.729180908203
282.753112792969
282.834582519531
282.845367431641
282.904998779297
282.910571289062
282.964538574219
283.011630249023
283.055490112305
283.14296661377
283.179684448242
283.202590942383
283.26921081543
283.309281921387
283.351364135742
283.391113586426
283.487731933594
283.510684204102
283.504547119141
283.572174072266
283.604000854492
283.65133972168
283.698712158203
283.737878417969
283.75223449707
283.819183349609
283.846719360352
283.890777587891
283.872804870605
283.970773925781
284.006544799805
284.03215637207
284.076745605469
284.111016845703
284.123316040039
284.156433105469
284.187930297852
284.195233154297
284.206158447266
282.381011962891
282.452850341797
282.503739929199
282.56640625
282.570007324219
282.606109619141
282.682666015625
282.735955810547
282.787438964844
282.810888671875
282.838897705078
282.909118652344
282.925415039063
282.965295410156
282.989086914063
283.054911193848
283.074893188477
283.159936523438
283.219448852539
283.268005371094
283.263485717773
283.336079101563
283.375439453125
283.402163696289
283.451602172852
283.504132080078
283.550866699219
283.558349609375
283.632751464844
283.659173583984
283.741119384766
283.787185668945
283.784034423828
283.811279296875
283.875947875977
283.90594543457
283.941993713379
283.981585693359
284.020141601563
284.049307250977
284.087546691895
284.128082275391
284.168603210449
284.197763061523
284.217448730469
284.230026245117
284.252754211426
284.269338989258
282.467556762695
282.501953125
282.574194335937
282.625659179687
282.642077636719
282.701968383789
282.759115600586
282.847442626953
282.815479431152
282.903057861328
282.929351806641
282.99098815918
283.006767578125
283.031338500977
283.073110961914
283.145095825195
283.156069946289
283.205145874023
283.217465209961
283.303631591797
283.333084106445
283.391418457031
283.432565307617
283.492853088379
283.525543212891
283.551910400391
283.607788085938
283.624711608887
283.675726318359
283.720553588867
283.737124023438
283.81985168457
283.829651184082
283.861270141602
283.865118408203
283.915151977539
283.971090698242
284.015447998047
284.029583740234
284.082357788086
284.119842529297
284.153143310547
284.190198059082
284.189788818359
284.233053588867
284.159454345703
284.297842407227
284.326141357422
282.532455444336
282.59130065918
282.650665283203
282.696618041992
282.74401550293
282.797088623047
282.839804077148
282.922027587891
282.934841918945
282.95263671875
282.988076782227
283.047808837891
283.105419921875
283.112582397461
283.149279785156
283.197650146484
283.237884521484
283.250939941406
283.31057434082
283.353314208984
283.377758789063
283.438818359375
283.488592529297
283.540438842773
283.566196899414
283.594723510742
283.651330566406
283.654867553711
283.725756835937
283.784259033203
283.818290100098
283.85244140625
283.839419250488
283.900085449219
283.957693481445
283.997737426758
284.019033813477
284.063580322266
284.111276245117
284.121142578125
284.101959228516
284.197222900391
284.225796508789
284.248364257812
284.25549621582
284.255066833496
284.326763305664
284.341619873047
282.58212890625
282.660117492676
282.67389831543
282.778503417969
282.783020019531
282.826102600098
282.873432922363
282.954501342773
282.972229003906
283.008926391602
283.065325927734
283.105703735352
283.15422668457
283.174942016602
283.17765045166
283.254345703125
283.289306640625
283.354217529297
283.363491821289
283.415618896484
283.433776855469
283.477916259766
283.521720275879
283.557906188965
283.617449035645
283.645651245117
283.701388549805
283.714636230469
283.773620605469
283.817581176758
283.847583007812
283.889303588867
283.910043334961
283.938763427734
283.994192504883
283.99289855957
284.047485351563
284.089279174805
282.836389160156
284.171533203125
284.195635986328
284.227133178711
284.273536071777
284.283483886719
284.298906860352
284.303616333008
284.358438720703
284.396911621094
282.620318603516
282.713198852539
282.75244140625
282.783743286133
282.810616455078
282.86787109375
283.276818847656
283.14573059082
283.156964416504
283.070404052734
283.075598144531
283.130615234375
283.153930664063
283.218487548828
283.206817626953
283.304360961914
283.317333984375
283.356231689453
283.390938415527
283.454329528809
283.466607055664
283.52001953125
283.554467468262
283.607583618164
283.650329589844
283.691851806641
283.727517700195
283.748291015625
283.785252380371
283.837539672852
283.875278930664
283.921362304687
283.901718139648
283.965751953125
284.023681640625
284.085959777832
284.057962036133
284.1181640625
284.157165527344
284.183247680664
284.219757080078
284.262591552734
284.310614013672
284.325796508789
284.348648071289
284.342825317383
284.386260986328
284.400188903809
