227.354729614258
227.398783874512
227.426345825195
227.451017456055
227.507056427002
227.500039672852
227.519362640381
227.604654541016
227.671135253906
227.683197021484
227.769896240234
227.78173828125
227.802268066406
227.796309661865
227.883028564453
227.921118164063
227.964114990234
227.983715820313
228.020681152344
228.10368347168
228.096711425781
228.145699310303
228.180207824707
228.199338531494
228.237512207031
228.27798614502
228.322716522217
228.362289428711
228.379653930664
228.438598632813
228.507611083984
228.560314941406
228.565811157227
228.592126464844
228.651702880859
228.704925537109
228.741013336182
228.805220031738
228.825500488281
228.86568069458
228.875357055664
228.941755981445
228.962180786133
229.008758544922
229.023284912109
229.068305969238
229.104764556885
229.145355224609
227.329491577148
227.366525268555
227.410479736328
227.469122314453
227.489557647705
227.517095947266
227.562789306641
227.637619018555
227.650639038086
227.686612548828
227.726291503906
227.769351959229
227.795206298828
227.825885009766
227.880035400391
227.900812530518
227.935121154785
227.99018371582
228.048306884766
228.06366027832
228.091178894043
228.135970306396
228.158721923828
228.210403442383
228.238203430176
228.28271484375
228.299758911133
228.357210693359
228.376685791016
228.446666259766
228.485778808594
228.517196655273
228.542282104492
228.607603149414
228.626998901367
228.663955688477
228.721582794189
228.743789672852
228.806830596924
228.818343505859
228.842966308594
228.894577026367
228.922818603516
228.970936279297
228.994872436523
229.040824890137
229.070365600586
229.056396484375
227.251724243164
227.364830932617
227.399124145508
227.400561523437
227.425668945313
227.465305175781
227.499036865234
227.568040466309
227.598197937012
227.640210723877
227.653302001953
227.688114013672
227.762435913086
227.805709838867
227.807338256836
227.827041625977
227.949523925781
227.915571899414
227.961695098877
227.990789794922
228.004060668945
228.045436859131
228.094190673828
228.134529418945
228.148503875732
228.184143066406
228.238883056641
228.244800567627
228.292482757568
228.340496826172
228.369465637207
228.42951965332
228.464059448242
228.486137084961
228.543930053711
228.605195617676
228.631462402344
228.628870391846
228.714672241211
228.735733032227
228.76505279541
228.749710083008
228.827462158203
228.887294006348
228.921407318115
228.915344238281
228.985149536133
228.943230438232
227.178163146973
227.228040313721
227.24961730957
227.325405883789
227.349302368164
227.401069335938
227.417709350586
227.478164672852
227.518488769531
227.564516448975
227.591783447266
227.635357055664
227.659035491943
227.697084960938
227.7532081604
227.760848999023
227.798979492187
227.883772277832
227.912652587891
227.928215332031
227.954922485352
227.989940795898
228.0181640625
228.053419189453
228.061120605469
228.108660888672
228.192232666016
228.203681640625
228.238998413086
228.313049316406
228.333359527588
228.361143188477
228.384689331055
228.408624267578
228.459518432617
228.517639160156
228.533765869141
228.576555175781
228.621755371094
228.662397460938
228.747170410156
228.752585601807
228.806732177734
228.804873657227
228.832242584229
228.856491088867
228.9040184021
228.936874389648
227.058715820313
227.129009399414
227.234146118164
227.160964202881
227.233032226563
227.349255371094
227.339529418945
227.391410522461
227.439711761475
227.463236694336
227.48991317749
227.504738616943
227.564968109131
227.611707305908
227.646255493164
227.698908081055
227.724690551758
227.776888427734
227.869898071289
227.85842666626
227.885134887695
227.973954467773
228.002252960205
228.00809173584
228.054870605469
228.100584106445
228.103987121582
228.133590698242
228.180295410156
228.249584960938
228.287109375
228.310926055908
228.331207275391
228.351349639893
228.408329467773
228.476986083984
228.507213134766
228.538257598877
228.563774414063
228.604169311523
228.651143188477
228.634176635742
228.756423187256
228.749221191406
228.792535400391
228.745950927734
228.870706176758
228.908184814453
226.934083251953
227.008252563477
226.993438720703
227.071242675781
227.103279418945
227.172344360352
227.204624023438
227.291854858398
227.348912811279
227.409622192383
227.42421875
227.422058105469
227.44867477417
227.49782409668
227.539169311523
227.617777099609
227.664779663086
227.720031738281
227.754708099365
227.777503967285
227.809912109375
227.855548706055
227.910400390625
227.918534545898
227.963491210937
227.996695556641
228.026005859375
228.015655517578
228.105464477539
228.179139404297
228.221134643555
228.206088256836
228.281410522461
228.292449951172
228.358458709717
228.39397277832
228.440780639648
228.451974487305
228.511226806641
228.520874023438
228.602783203125
228.641580963135
228.646885986328
228.70295715332
228.75436706543
228.712219238281
228.83452911377
228.858907318115
226.844154663086
226.955403137207
226.928125610352
226.990941162109
226.989593505859
227.082890625
227.136752929688
227.180056762695
227.257144775391
227.301147460938
227.326908874512
227.322020263672
227.298355102539
227.41379699707
227.46254119873
227.550258636475
227.596710205078
227.660774536133
227.680099487305
227.717523193359
227.75021484375
227.7733543396
227.79508605957
227.882216644287
227.898895263672
227.948276977539
227.992919921875
228.019508666992
228.049645996094
228.111907958984
228.164264526367
228.159042358398
228.223015136719
228.25785949707
228.281362304688
228.348397827148
228.390102539062
228.430173492432
228.472625732422
228.460947265625
228.534462890625
228.576194000244
228.615377807617
228.655120849609
228.682842254639
228.730162353516
228.788408813477
228.822128295898
226.70313659668
226.753031616211
226.74626159668
226.854753417969
226.913104248047
226.956968383789
227.014995727539
227.081737518311
227.157163696289
227.21673828125
227.242918395996
227.235595703125
227.244232177734
227.337523651123
227.368962860107
227.467391967773
227.494996948242
227.591171264648
227.635345458984
227.673480834961
227.690308227539
227.75364074707
227.791461791992
227.849561767578
227.901235351562
227.921755981445
227.97633972168
228.008241271973
228.029159545898
228.103163909912
228.134872436523
228.129087524414
228.196628417969
228.221653442383
228.284002685547
228.322085571289
228.362823486328
228.393096923828
228.4401512146
228.500106811523
228.514209747314
228.559086914063
228.570020141602
228.617464599609
228.677872924805
228.688067016602
228.724853515625
228.757444000244
226.532758789063
226.655770874023
226.713875732422
226.711995849609
226.777671508789
226.864718017578
226.939727783203
226.991326904297
227.070748138428
227.102346801758
227.129960632324
227.143461303711
227.160579223633
227.309344482422
227.291413574219
227.322235107422
227.409554290771
227.46031036377
227.534655761719
227.609078216553
227.610385131836
227.701954650879
227.700969848633
227.783448028564
227.814479980469
227.865075073242
227.894765472412
227.909040527344
227.990789031982
228.043807983398
228.118557128906
228.132054901123
228.190292358398
228.220718994141
228.254830932617
228.317044677734
228.341548156738
228.357536010742
228.410659790039
228.447950439453
228.501935424805
228.547300720215
228.56321105957
228.527679443359
228.666395263672
228.660765838623
228.740432739258
228.768890380859
226.492446899414
226.58420715332
226.618376159668
226.664273834229
226.705032348633
226.768342895508
226.812177734375
226.885230102539
226.960111694336
226.961084747314
227.008599090576
227.014470825195
227.068755340576
227.169204711914
227.231224365234
227.271995849609
227.372482299805
227.431745605469
227.450762329102
227.345687866211
227.548340454102
227.609053344727
227.653045654297
227.737966308594
227.786347961426
227.843238525391
227.870746612549
227.915579833984
227.949552612305
227.994644775391
228.041365356445
227.97360168457
228.125610351563
228.1458203125
228.224629974365
228.313441772461
228.286070556641
228.365129089355
228.402969360352
228.369918823242
228.483544921875
228.513946533203
228.559755706787
228.565048217773
228.6394921875
228.643995666504
228.716293334961
228.735733642578
226.407974243164
226.457234954834
226.528959960937
226.573984527588
226.618890380859
226.688578033447
226.73288269043
226.765149688721
226.841537475586
226.899200439453
226.905422363281
226.990248413086
227.038282470703
227.124506225586
227.164008789062
227.203324890137
227.261421203613
227.38604675293
227.405195922852
227.449517822266
227.494964599609
227.563261413574
227.54443359375
227.661315917969
227.726143798828
227.741955566406
227.794140014648
227.847350311279
227.8952003479
227.980568695068
228.007198486328
228.054127197266
228.085299682617
228.121805419922
228.191452026367
228.246150512695
228.283876800537
228.32533493042
228.3705078125
228.412780761719
228.464065551758
228.501876220703
228.443624267578
228.526565551758
228.625821533203
228.572789916992
228.689274291992
228.733459472656
226.312923583984
226.404331054688
226.444053649902
226.498306274414
226.544582519531
226.600808105469
226.661011352539
226.716091918945
226.741664428711
226.84798034668
226.854293823242
226.912796020508
226.956071472168
227.010787963867
227.044318847656
227.132236938477
227.199817504883
227.264443206787
227.246585083008
227.381259155273
227.407485961914
227.480386962891
227.403121948242
227.584456176758
227.638629150391
227.690419006348
227.732363891602
227.801574707031
227.843775177002
227.898529052734
227.945521850586
228.002746582031
228.037096557617
228.110961914063
228.151207733154
228.200481414795
228.252890014648
228.294521484375
228.368084106445
228.382180786133
228.42512512207
228.482415161133
228.518828582764
228.536595458984
228.610549926758
228.627151489258
228.617686767578
228.708715209961
226.280376586914
226.32428894043
226.229156494141
226.408926391602
226.447649536133
226.506956481934
226.561275482178
226.586748657227
226.611557006836
226.734003295898
226.772807006836
226.848086547852
226.793030395508
226.930892944336
227.010763549805
227.053200683594
227.121091461182
227.174878540039
227.219673461914
227.26927947998
227.34538269043
227.408070678711
227.444184875488
227.528442382813
227.545523681641
227.594832611084
227.573098754883
227.689086914063
227.756866455078
227.852203369141
227.89520324707
227.956815185547
227.974807739258
227.983152008057
228.08138961792
228.124445800781
228.191818237305
228.268341064453
228.281950683594
228.325146484375
228.362467041016
228.411457061768
228.49189453125
228.5048046875
228.538431549072
228.565902709961
228.600798339844
228.665250854492
226.176840209961
226.242734375
226.325321960449
226.361195068359
226.364135742188
226.450299072266
226.518688354492
226.580181274414
226.634615325928
226.65969909668
226.566860351562
226.780088043213
226.791513671875
226.859083251953
226.932205200195
226.970327758789
227.027587890625
227.14779296875
227.201139526367
227.215970611572
227.087660522461
227.366995239258
227.447193908691
227.41792175293
227.439895629883
227.53378112793
227.571838378906
227.650712890625
227.685577392578
227.809807739258
227.865692138672
227.868864135742
227.910581665039
227.969287719727
228.032999267578
227.936416625977
228.135375976563
228.202298583984
228.228044433594
228.298347167969
228.316833496094
228.390897827148
228.45150680542
228.496622467041
228.522030029297
228.530181884766
228.520303955078
228.588499755859
226.125205993652
226.163146972656
226.219115600586
226.285461425781
226.310261230469
226.363817138672
226.418762207031
226.492960205078
226.524559936523
226.601764678955
226.634792480469
226.697173461914
226.724683227539
226.803344726563
226.784150390625
226.912921142578
226.944103240967
227.003204345703
227.05823059082
227.147145996094
227.16376159668
227.253217315674
227.302059326172
227.349184570313
227.379042358398
227.441995849609
227.526304626465
227.536078491211
227.610797119141
227.659767913818
227.811616821289
227.806330871582
227.840631713867
227.869908447266
227.958720397949
228.018612060547
228.068172607422
228.108503723145
228.175704956055
228.197762451172
228.269007873535
228.309188842773
228.394094848633
228.433744506836
228.456436157227
228.383833618164
228.5058984375
228.544652099609
226.062650756836
226.134622192383
226.212130737305
226.243006591797
226.295624389648
226.302310180664
226.373977661133
226.401916503906
226.415012817383
226.550827026367
226.572526855469
226.674384155273
226.703628540039
226.73807434082
226.732131958008
226.820587768555
226.858885192871
226.95220703125
227.00455871582
227.038847045898
227.099090576172
227.182861328125
227.216674804688
227.244508361816
227.293077392578
227.358657073975
227.465552978516
227.520629119873
227.531650543213
227.612932739258
227.638488769531
227.694365844727
227.77200088501
227.842736816406
227.859183349609
227.920120239258
227.977670898438
228.033305053711
228.075689697266
228.121658325195
228.156635284424
228.204622192383
228.111042022705
228.098704833984
228.345393371582
228.371505737305
228.427227172852
228.461197509766
226.026611938477
226.102965545654
226.201354217529
226.195220947266
226.239844360352
226.306246948242
226.325191650391
226.389785766602
226.451149291992
226.488815307617
226.490036010742
226.620738525391
226.654708862305
226.582075500488
226.683809814453
226.665313720703
226.792592163086
226.854110717773
226.958480072021
226.981040039062
226.995160675049
227.096673583984
227.145195770264
227.222061157227
227.2333984375
227.295994873047
227.343723754883
227.40878112793
227.462105712891
227.517051696777
227.613946533203
227.649906158447
227.664912719727
227.711223754883
227.798187255859
227.872503662109
227.911191558838
227.948394775391
227.980013427734
228.054182128906
228.043838500977
228.12318359375
228.2576171875
228.253526000977
228.278914642334
228.296580810547
228.347105102539
228.356852722168
226.010635375977
226.052680969238
226.080978393555
226.135726928711
226.176208496094
226.233139038086
226.293776702881
226.327662963867
226.395681762695
226.460281982422
226.467946166992
226.559827880859
226.59504699707
226.644315795898
226.6458203125
226.731887817383
226.752744750977
226.815739135742
226.885227203369
226.933073120117
226.965037536621
227.035339355469
227.086293945312
227.157073364258
227.178778076172
227.257732543945
227.285699462891
227.343742675781
227.375503540039
227.506630859375
227.580978393555
227.588088989258
227.596988677979
227.64680480957
227.739196777344
227.795234985352
227.811726074219
227.858128662109
227.876309967041
227.964401245117
227.910263061523
228.055206298828
228.117426300049
228.175347900391
228.200958251953
228.224524536133
228.266896362305
228.309105224609
225.957544555664
226.033247375488
226.082939453125
226.135375213623
226.143499755859
226.187942504883
226.104618530273
226.315290527344
226.366492919922
226.413373413086
226.468613433838
226.501394042969
226.531623535156
226.585902404785
226.600277099609
226.675646972656
226.712905883789
226.812360839844
226.831100463867
226.894327392578
226.925018310547
227.000183105469
227.031354980469
227.094116210938
227.150465698242
227.225971069336
227.262359619141
227.267541503906
227.34229309082
227.40523147583
227.475656890869
227.535255737305
227.56598815918
227.575921630859
227.658762207031
227.700043945313
227.733109283447
227.821352539063
227.876617431641
227.901271362305
227.958374023438
227.988494262695
228.056228637695
228.066177368164
228.11882019043
228.10454284668
228.209171295166
228.245878601074
225.961789550781
226.024200439453
226.077865600586
226.121593017578
226.145215454102
225.95704574585
226.258751220703
226.299758911133
226.331112670898
226.367559204102
226.401354217529
226.494896240234
226.473432617187
226.578086547852
226.597120666504
226.680337524414
226.721252441406
226.763928222656
226.842680358887
226.843573608398
226.90071472168
226.978804931641
227.02297668457
227.087498474121
227.128323364258
227.170076904297
227.243087768555
227.277115631104
227.312355804443
227.357267456055
227.428247680664
227.479833984375
227.51989440918
227.60216003418
227.616592407227
227.627704467773
227.664746856689
227.753921508789
227.818445587158
227.866583251953
227.922249755859
227.966475830078
228.009437866211
228.043487548828
228.086500549316
228.098515014648
228.161483764648
228.220410919189
225.952756958008
226.000355224609
226.030263061523
226.099166870117
226.152821655273
226.193200073242
226.257056884766
226.279996948242
226.330245361328
226.372817993164
226.412583618164
226.475919189453
226.507204437256
226.550611114502
226.583395385742
226.66455078125
226.698516845703
226.757046508789
226.805006408691
226.839344024658
226.864408111572
226.933630981445
226.967093658447
227.039733886719
227.088836669922
227.132736968994
227.181856079102
227.24560546875
227.277838897705
227.300750732422
227.372028198242
227.408401489258
227.519394683838
227.52703918457
227.575986480713
227.626512145996
227.678981933594
227.724016723633
227.807096557617
227.839570922852
227.885537719727
227.928950805664
227.999299926758
228.014193725586
228.024185180664
228.059389648438
227.984649047852
228.216873168945
225.874954223633
225.922443847656
226.0317237854
226.053469085693
226.09880065918
226.126170654297
226.307910919189
226.313321685791
226.329464111328
226.361404418945
226.372905273438
226.482444458008
226.490061035156
226.510468292236
226.549879455566
226.613202667236
226.655254516602
226.713424682617
226.76893157959
226.789528198242
226.840715942383
226.867599487305
226.96603515625
227.025321044922
227.070780029297
227.100364685059
227.151106567383
227.192628173828
227.153689575195
227.300807495117
226.873123168945
225.926542358398
227.448026733398
227.499237060547
227.28903503418
227.655288696289
227.679490356445
227.714771118164
227.722716522217
227.810302734375
227.813401031494
227.902330322266
227.97638092041
227.993350830078
228.044794311523
228.055729675293
228.118238067627
228.163375854492
