315.217761230469
315.249450683594
315.248612976074
315.244995117188
315.259733581543
315.249253845215
315.28786315918
315.329675292969
315.320668029785
315.351043701172
315.376893615723
315.390007019043
315.382926940918
315.385498046875
315.417474975586
315.432678222656
315.452431030273
315.440434265137
315.511791992187
315.522692871094
315.510589599609
315.537213134766
315.550903320313
315.54969329834
315.549799804687
315.529113769531
315.546832275391
315.563385009766
315.573944091797
315.583174133301
315.618223571777
315.65471862793
315.638301086426
315.629379272461
315.675764465332
315.725677490234
315.737896728516
315.726161193848
315.739282226562
315.77442199707
315.777954101563
315.777404785156
315.784820556641
315.808765869141
315.835108947754
315.827026367188
315.825521850586
315.843566894531
315.555114746094
315.590057373047
315.613642578125
315.633361816406
315.645608520508
315.639068603516
315.661372375488
315.718505859375
315.717681884766
315.742926025391
315.778604125977
315.775323486328
315.778259277344
315.791201782227
315.801550292969
315.803253173828
315.820581665039
315.807601318359
315.862335205078
315.88236541748
315.865141296387
315.901620483398
315.915623474121
315.917448425293
315.899726867676
315.922454833984
315.947021484375
315.976586914063
315.971940917969
315.980380859375
316.008885192871
316.026152954102
316.01800994873
315.982905273437
316.051137695312
316.097862548828
316.087387084961
316.088287353516
316.096801757813
316.092828369141
316.093078613281
316.107173156738
316.133880615234
316.1154296875
316.134213256836
316.115512084961
316.128802490234
316.134246826172
315.893162536621
315.943078613281
315.968074035645
315.994137573242
316.010001831055
316.023739624023
316.044305419922
316.092056274414
316.083871459961
316.109222412109
316.109223937988
316.129974365234
316.136901855469
316.14361114502
316.157791137695
316.156805419922
316.167724609375
316.183590698242
316.238212585449
316.223297119141
316.227521362305
316.261505126953
316.285237121582
316.297838745117
316.288565673828
316.288137817383
316.299754333496
316.325718688965
316.321313476563
316.363032531738
316.384466552734
316.38384552002
316.367919921875
316.341888427734
316.376088256836
316.427429199219
316.429656982422
316.426760864258
316.429209899902
316.429652404785
316.447561645508
316.455993652344
316.458702392578
316.45684967041
316.467889404297
316.453843688965
316.462748718262
316.463093566895
316.206018066406
316.262004089355
316.27660369873
316.296463012695
316.307897949219
316.318092346191
316.345475769043
316.390768432617
316.3857421875
316.420204162598
316.424378051758
316.440318603516
316.430557250977
316.455641174316
316.458984375
316.464721679688
316.490284729004
316.494207763672
316.536747741699
316.535125732422
316.548481750488
316.561645507813
316.582456970215
316.584767456055
316.573433227539
316.572909545898
316.608958435059
316.598107910156
316.599304199219
316.646041870117
316.650337219238
316.685493469238
316.652691650391
316.661433410645
316.663481140137
316.733020019531
316.729086303711
316.72423828125
316.73065612793
316.714661254883
316.748178100586
316.748779296875
316.751371765137
316.74132232666
316.749145507813
316.759707641602
316.763314819336
316.755456542969
316.490595092773
316.543075561523
316.561730957031
316.596984863281
316.592799072266
316.594480895996
316.611938476563
316.667134094238
316.663330078125
316.689522705078
316.694983520508
316.71884765625
316.721221923828
316.759547424316
316.743708496094
316.770999145508
316.760649108887
316.778442382813
316.810333251953
316.83360748291
316.820465698242
316.833731079102
316.853500366211
316.90926574707
316.855798950195
316.880050048828
316.902948608398
316.909027099609
316.909553527832
316.922947387695
316.945527648926
316.953062438965
316.944732666016
316.912060546875
316.942916870117
316.939888000488
316.981036987305
316.988459777832
317.012615356445
317.005096435547
317.00813293457
317.01719909668
317.011376953125
317.01220703125
317.019538574219
317.011885375977
317.021685791016
317.025050354004
316.712840270996
316.761592102051
316.777111816406
316.809478759766
316.814041137695
316.83317565918
316.872993164063
316.925262451172
316.928955078125
316.945373535156
316.946527099609
316.963864135742
316.970576477051
316.99697265625
316.997737121582
317.038388061523
317.030578613281
317.045401000977
317.08903137207
317.09895324707
317.095855712891
317.096492004395
317.144348144531
317.165512084961
317.151515197754
317.144864501953
317.151141357422
317.155298461914
317.178617858887
317.223480224609
317.228472290039
317.243846130371
317.228179931641
317.200164794922
317.223133850098
317.231268310547
317.274473876953
317.268035888672
317.28988494873
317.292907714844
317.310364379883
317.321624755859
317.313262939453
317.312464904785
317.317144775391
317.328190612793
317.346980285645
317.325262451172
316.92133026123
316.968463134766
316.988687133789
317.007307434082
317.029090881348
317.052638244629
317.08148651123
317.141299438477
317.157975769043
317.202131958008
317.200028991699
317.194146728516
317.184585571289
317.212615966797
317.221278381348
317.270686340332
317.265924072266
317.307196044922
317.341278076172
317.346239013672
317.339990234375
317.362443847656
317.396203613281
317.403240966797
317.401684570313
317.393257141113
317.404534912109
317.402220153809
317.428715515137
317.474731445313
317.47998046875
317.495727539063
317.489134216309
317.466363525391
317.495446777344
317.529739379883
317.539184570313
317.54764465332
317.54970703125
317.56743927002
317.586654663086
317.590800476074
317.594305419922
317.591970825195
317.594273376465
317.604190063477
317.612762451172
317.610443115234
317.121429443359
317.169311523438
317.208856201172
317.225131225586
317.255247497559
317.266094970703
317.294830932617
317.347503662109
317.37608795166
317.416063842773
317.428492736816
317.389024353027
317.383833312988
317.436047363281
317.447261047363
317.524871826172
317.500579833984
317.51947479248
317.56499786377
317.596704101563
317.589050292969
317.605738830566
317.613098144531
317.640782470703
317.644839477539
317.657034301758
317.682765197754
317.68257598877
317.688899230957
317.74610748291
317.742730712891
317.743408203125
317.724281311035
317.703034057617
317.73168762207
317.758711547852
317.780450439453
317.79106628418
317.797589111328
317.812742614746
317.821166992188
317.83005065918
317.831604003906
317.812380981445
317.817607116699
317.821955871582
317.848907470703
317.852960205078
317.302124023438
317.356164550781
317.387309265137
317.417807006836
317.438694763184
317.466856384277
317.500268554688
317.554954833984
317.581842651367
317.624322509766
317.625939941406
317.589353942871
317.588394165039
317.64677734375
317.659166259766
317.734252929688
317.720457458496
317.752128601074
317.790244750977
317.811279296875
317.81494140625
317.849211120605
317.863430786133
317.896311950684
317.895834350586
317.908084106445
317.929476928711
317.931268310547
317.957612609863
318.002131652832
318.005706787109
318.003056335449
317.983557128906
317.97033996582
317.99520111084
318.002900695801
318.041192016602
318.043601989746
318.057601928711
318.074017333984
318.082656860352
318.096319580078
318.098851013184
318.098382568359
318.088409423828
318.092996826172
318.104254150391
318.114143371582
317.478759765625
317.534021606445
317.554290771484
317.584716796875
317.596237182617
317.627339172363
317.661972045898
317.716156005859
317.752258300781
317.781982421875
317.78826965332
317.791010131836
317.778665161133
317.833709716797
317.852153015137
317.924626159668
317.915422973633
317.937766723633
317.975610351562
318.019519042969
318.025877380371
318.055145263672
318.068109130859
318.102519226074
318.115875244141
318.114929199219
318.136988830566
318.135188293457
318.169664001465
318.211401367187
318.223483276367
318.2451171875
318.229606628418
318.217736816406
318.248684082031
318.257250976562
318.287341308594
318.284497070313
318.300543212891
318.320481872559
318.331683349609
318.342242431641
318.346492004395
318.354531860352
318.356220703125
318.350465087891
318.34478302002
318.365202331543
317.638980102539
317.711639404297
317.726427612305
317.763854980469
317.767420959473
317.794683837891
317.831986999512
317.877833557129
317.927738952637
317.9477734375
317.963928222656
317.960682373047
317.961259460449
318.013641357422
318.039655151367
318.088548583984
318.089443969727
318.124699401855
318.144400024414
318.184872436523
318.194819641113
318.232574462891
318.26065826416
318.304553222656
318.307398986816
318.323968505859
318.354864501953
318.355621337891
318.387731933594
318.421722412109
318.444021606445
318.452178955078
318.442192077637
318.437514648438
318.470698242187
318.513455810547
318.510467529297
318.514343261719
318.533708190918
318.548106384277
318.569676208496
318.576674804687
318.582092285156
318.578386230469
318.580291748047
318.576748046875
318.588653564453
318.60128326416
317.77428527832
317.844468994141
317.866536254883
317.907817993164
317.916499023437
317.952244567871
317.99153137207
318.03271484375
318.068159484863
318.099931640625
318.111017456055
318.137538146973
318.144989013672
318.188842773438
318.191892089844
318.258116149902
318.259912109375
318.294354248047
318.333862304688
318.379455566406
318.373206176758
318.418865966797
318.447727966309
318.483625793457
318.496199035645
318.499053955078
318.532440185547
318.543458557129
318.580244445801
318.623742675781
318.63145690918
318.647094726563
318.637901306152
318.636840820313
318.655242919922
318.684222412109
318.721340942383
318.734436035156
318.745753479004
318.765289306641
318.786784362793
318.788241577148
318.79768371582
318.807913208008
318.809204101563
318.799828491211
318.807708740234
318.828828430176
317.910064697266
317.983313598633
318.011683654785
318.049038696289
318.056178283691
318.093203735352
318.125051879883
318.165217590332
318.188623046875
318.218840026855
318.233531188965
318.286608886719
318.294372558594
318.333274536133
318.329110107422
318.408647460938
318.411689758301
318.455509643555
318.475067138672
318.528364868164
318.526029968262
318.585266113281
318.601475524902
318.636473083496
318.634744262695
318.644017028809
318.67932434082
318.681016845703
318.724453735352
318.770571289063
318.788438720703
318.829721069336
318.818023681641
318.821539306641
318.852046203613
318.890690612793
318.90375213623
318.922756958008
318.938603210449
318.960388183594
318.979937744141
318.989477539062
318.996774291992
319.000862121582
319.018502807617
319.008542480469
319.026153564453
319.04143371582
318.055528564453
318.130976867676
318.156372070313
318.194793701172
318.190673828125
318.217247009277
318.2529296875
318.293928527832
318.315734863281
318.356350708008
318.348875427246
318.416717529297
318.423825073242
318.453569335938
318.446833496094
318.512969970703
318.519714355469
318.563022460938
318.610817871094
318.646063232422
318.645135498047
318.701843261719
318.724363708496
318.773602294922
318.770397949219
318.787317504883
318.849995117187
318.840301513672
318.870971679688
318.919147338867
318.943603515625
318.974940185547
318.972076416016
318.968627929688
319.002258300781
319.048712158203
319.055380249023
319.082699584961
319.106562805176
319.111047973633
319.126533508301
319.14344329834
319.15576171875
319.162632751465
319.148812866211
319.141436157227
319.170959472656
319.192108154297
318.188667297363
318.24905090332
318.271850585938
318.310852050781
318.310760498047
318.339138793945
318.384155273438
318.428983154297
318.445587158203
318.470762634277
318.47216796875
318.531555175781
318.537934875488
318.575953674316
318.566319274902
318.62847442627
318.639300537109
318.684133911133
318.734558105469
318.760954284668
318.771209716797
318.822146606445
318.846891784668
318.889147949219
318.888750610352
318.903375244141
318.954554748535
318.956045532227
319.011442565918
319.030833435059
319.058338928223
319.090850830078
319.088500976563
319.094934692383
319.135252380371
319.148602294922
319.197424316406
319.235979614258
319.243106079102
319.260954284668
319.265374755859
319.279327392578
319.293257141113
319.321105957031
319.293243408203
319.297130126953
319.305637207031
319.335052490234
318.306178283691
318.35796661377
318.377716064453
318.409332275391
318.415435791016
318.442356567383
318.488861083984
318.534728393555
318.558139648438
318.575643920898
318.585139465332
318.648204040527
318.64656829834
318.687821960449
318.683288574219
318.749450683594
318.754762268066
318.805433654785
318.828848266602
318.865325927734
318.882855224609
318.94112701416
318.949212646484
318.978729248047
318.985229492188
319.008515014648
319.046299743652
319.042170715332
319.079359436035
319.123306274414
319.149513244629
319.200891113281
319.197331237793
319.206059570313
319.24839630127
319.272796630859
319.298247680664
319.317047119141
319.327178955078
319.34367980957
319.374607849121
319.38923828125
319.404483032227
319.419097900391
319.418281860352
319.404081726074
319.414074707031
319.450317382813
318.414567871094
318.487548828125
318.510371398926
318.543931884766
318.541107177734
318.560699462891
318.603271484375
318.641906738281
318.663064575195
318.688710021973
318.684600830078
318.737518310547
318.745893859863
318.786497497559
318.774597167969
318.839019775391
318.840393676758
318.890646362305
318.911148071289
318.946864318848
318.955157470703
319.012507629395
319.023096313477
319.076216125488
319.069119262695
319.098551940918
319.141632080078
319.129272460938
319.180535888672
319.195132446289
319.235346679687
319.271919250488
319.274763793945
319.274147033691
319.315350341797
319.355163574219
319.356785583496
319.377593994141
319.408238220215
319.427017211914
319.438641357422
319.45757598877
319.467119750977
319.496765136719
319.483903503418
319.485521850586
319.487241210937
319.52880065918
318.52067565918
318.593048095703
318.613420410156
318.664115905762
318.655725708008
318.665222167969
318.72178894043
318.759887695313
318.788482666016
318.794764709473
318.796234130859
318.842979431152
318.852236938477
318.88321685791
318.871051025391
318.941694641113
318.943058776855
318.982025146484
319.010803222656
319.048199462891
319.044923400879
319.096258544922
319.110621643066
319.138676452637
319.163416137695
319.174763793945
319.220585632324
319.232275390625
319.269037475586
319.299247436523
319.325317382813
319.355651855469
319.348233032227
319.342625427246
319.400115966797
319.434600830078
319.438877868652
319.465818481445
319.473131713867
319.510467529297
319.508697509766
319.529602050781
319.544595336914
319.566261291504
319.546081542969
319.561248779297
319.547485351563
319.585708618164
318.609246826172
318.673522949219
318.69649810791
318.735198974609
318.739893188477
318.751481933594
318.806058959961
318.847102661133
318.8583984375
318.881665039062
318.887390136719
318.937977600098
318.940983581543
318.957278442383
318.954344177246
319.01416015625
319.019843139648
319.038188171387
319.079930114746
319.129804992676
319.127807617188
319.176507568359
319.184254760742
319.223419189453
319.237339477539
319.243255615234
319.275852966309
319.281330871582
319.328918457031
319.371870422363
319.381988525391
319.419830322266
319.411956787109
319.41573638916
319.460510253906
319.491934204102
319.498979187012
319.512791442871
319.526623535156
319.560827636719
319.568757629395
319.582455444336
319.5986328125
319.614231872559
319.604100036621
319.611842651367
319.613005065918
319.660064697266
318.699716186523
318.774751281738
318.786773681641
318.822038269043
318.824951171875
318.847296142578
318.886993408203
318.921788024902
318.933009643555
318.956790161133
318.956268310547
319.010261535645
319.012271118164
319.03101348877
319.023977050781
319.087644958496
319.092224121094
319.140667724609
319.164808654785
319.187376403809
319.183239746094
319.237339782715
319.24944152832
319.288787841797
319.303118286133
319.31321105957
319.345642089844
319.339947509766
319.390312194824
319.397123718262
319.439805603027
319.46875
319.47287902832
319.47601776123
319.501525878906
319.511932373047
319.553593444824
319.572352600098
319.580200195313
319.604870605469
319.612463989258
319.632664489746
319.643707275391
319.659375
319.636627197266
319.647700500488
319.657263183594
319.713877868652
318.777619018555
318.851567077637
318.866485595703
318.913446044922
318.916368103027
318.932757568359
318.963897705078
319.000231323242
319.012586975098
319.032104492188
319.020721435547
319.072953796387
319.08385925293
319.115097045898
319.103245544434
319.168823242188
319.169221496582
319.204626464844
319.225830078125
319.259086914063
319.2549609375
319.303909301758
319.316970825195
319.353244018555
319.372035217285
319.382598876953
319.41641998291
319.414289855957
319.457855224609
319.484558105469
319.501077270508
319.523867797852
319.525119018555
319.532188110352
319.560455322266
319.573847961426
319.59984588623
319.62080078125
319.635589599609
319.671472167969
319.675717163086
319.688105773926
319.708103942871
319.719474487305
319.700494384766
319.696934509277
319.710656738281
319.752849121094
318.833146972656
318.902194213867
318.914978027344
318.957043457031
318.957881164551
318.969808959961
319.008692932129
319.047871398926
319.066040039063
319.090637207031
319.086151123047
319.138505554199
319.137481689453
319.168371582031
319.159144592285
319.225033569336
319.224060058594
319.253958129883
319.270283203125
319.312687683105
319.316711425781
319.363067626953
319.369825744629
319.412310180664
319.427128601074
319.438537597656
319.467321777344
319.470723266602
319.495666503906
319.523170471191
319.552764892578
319.576202392578
319.578623962402
319.58359375
319.621485900879
319.654876708984
319.659893188477
319.674568481445
319.688938903809
319.716032409668
319.731785583496
319.752993774414
319.769374084473
319.775497436523
319.752095031738
319.766905212402
319.762728881836
319.820817871094
