238.649889678955
238.662534484863
238.70503692627
238.718612670898
238.724886474609
238.735441894531
238.775811920166
238.796223449707
238.844868164063
238.881378173828
238.920928344727
238.922351379395
238.940290222168
238.968050842285
238.992974243164
238.994245300293
239.021957397461
239.038141174316
239.098157653809
239.115141906738
239.135248413086
239.15411529541
239.186469726563
239.159919128418
239.178844909668
239.199795532227
239.238268890381
239.240259399414
239.261172790527
239.293490905762
239.345313415527
239.394846191406
239.393539428711
239.386174621582
239.468024597168
239.480942077637
239.507064819336
239.503181152344
239.545007019043
239.570229034424
239.581563415527
239.58203125
239.587697143555
239.628232116699
239.650573730469
239.652032165527
239.682958679199
239.688356018066
238.978630981445
239.035835876465
239.063730773926
239.110850524902
239.122421264648
239.141143798828
239.181195373535
239.235063476563
239.243072509766
239.265741577148
239.300811767578
239.320405578613
239.333209533691
239.379156799316
239.390924682617
239.392893676758
239.446941223145
239.453749389648
239.48950378418
239.506630859375
239.513224182129
239.532494506836
239.552240600586
239.558771362305
239.539916992188
239.610895385742
239.665765686035
239.667716369629
239.676045227051
239.71305847168
239.759371948242
239.76692199707
239.759334411621
239.76189666748
239.835250854492
239.837799987793
239.866153259277
239.87249206543
239.890559692383
239.914256896973
239.948197021484
239.9501953125
239.959884643555
239.98104888916
239.962650146484
239.973014221191
240.012756958008
240.022989959717
239.346053161621
239.397430419922
239.431332702637
239.488052368164
239.489730834961
239.5325390625
239.549881896973
239.612222290039
239.605584106445
239.614772644043
239.647414245605
239.683987731934
239.712545471191
239.727920837402
239.741311035156
239.76311920166
239.790791015625
239.820410461426
239.848728027344
239.860032653809
239.88298034668
239.896102905273
239.931967773437
239.945327758789
239.949493408203
239.950973510742
240.006482543945
240.020913391113
240.027020568848
240.048485412598
240.078910827637
240.103729248047
240.106764526367
240.093719787598
240.158800354004
240.170704498291
240.195569458008
240.204696044922
240.240781555176
240.230184020996
240.249580535889
240.266227111816
240.282943115234
240.314507904053
240.30751953125
240.330963134766
240.351275024414
240.356857299805
239.64032623291
239.706947631836
239.713215332031
239.772190551758
239.78182434082
239.818266906738
239.846885375977
239.895077819824
239.915322265625
239.924287414551
239.946894226074
239.971564941406
239.99399810791
240.028421630859
240.040086669922
240.045347290039
240.092796936035
240.094064941406
240.13602722168
240.154514770508
240.159555664063
240.17890838623
240.21379119873
240.231836547852
240.235783081055
240.248366699219
240.279247741699
240.291244506836
240.31898223877
240.314012451172
240.35546081543
240.37848449707
240.386435852051
240.406477661133
240.369678039551
240.451424865723
240.494373779297
240.499623718262
240.514410400391
240.518536071777
240.530586242676
240.545646057129
240.577163696289
240.567695007324
240.58725982666
240.607071533203
240.618996582031
240.613173522949
239.946530151367
239.98362487793
240.011245727539
240.054280700684
240.051695861816
240.072940673828
240.120239868164
240.1687890625
240.176731872559
240.184692382813
240.205374145508
240.244897460937
240.27473449707
240.304824829102
240.315826416016
240.351296691895
240.363793945312
240.403290100098
240.415884399414
240.422550964355
240.440980834961
240.462779998779
240.491821289063
240.51545715332
240.53866394043
240.519608764648
240.583223266602
240.584288635254
240.621774902344
240.658944702148
240.681735534668
240.652719726563
240.665249481201
240.647221374512
240.67600189209
240.735433044434
240.743469238281
240.756605529785
240.797080383301
240.79582244873
240.809678649902
240.821921691895
240.833770751953
240.837327575684
240.824012145996
240.860626220703
240.897376708984
240.895041809082
240.139655761719
240.182364196777
240.215164794922
240.254629058838
240.270431518555
240.290191650391
240.352557373047
240.378272705078
240.411831054687
240.442247619629
240.469329833984
240.485264892578
240.494909362793
240.534441223145
240.560012207031
240.601028442383
240.621030883789
240.646334228516
240.744134521484
240.697429199219
240.707059631348
240.737579345703
240.779846191406
240.797772827148
240.804498596191
240.794906005859
240.819956054687
240.832338867188
240.875718994141
240.910202026367
240.936960449219
240.929031677246
240.942668457031
240.940674133301
240.975842895508
240.98725189209
241.027244262695
241.036575317383
241.061315917969
241.087403869629
241.094287414551
241.124103088379
241.090787353516
241.15818939209
241.164200744629
241.166412353516
241.194760437012
241.18631439209
240.319674987793
240.380378112793
240.408203430176
240.448386535645
240.475388183594
240.531973266602
240.563071899414
240.622469482422
240.647082061768
240.691934814453
240.71744934082
240.702526550293
240.71477722168
240.755803527832
240.793271789551
240.840827636719
240.86083984375
240.897378540039
240.93783782959
240.931246948242
240.946809387207
240.971603393555
241.027481994629
241.035537109375
241.036042785645
241.035766601563
241.067886352539
241.077122192383
241.10527923584
241.138088378906
241.169974975586
241.208139953613
241.205587463379
241.19193939209
241.236206054688
241.266857299805
241.282706604004
241.30421661377
241.305068969727
241.333129882813
241.356162719727
241.376979980469
241.389745178223
241.411335754395
241.427210388184
241.420879211426
241.471696472168
241.478220214844
240.509025268555
240.548778381348
240.610634765625
240.640817871094
240.682352600098
240.711634216309
240.716268005371
240.807626953125
240.844117431641
240.89968170166
240.91466217041
240.897180786133
240.896418151855
240.947872314453
240.984206237793
241.066491699219
241.067872314453
241.092927856445
241.151482696533
241.178787231445
241.197355651855
241.235747070313
241.264999389648
241.238581237793
241.287420043945
241.293390808105
241.332244873047
241.350765380859
241.372170715332
241.404083862305
241.431424255371
241.415912475586
241.444086303711
241.468665466309
241.464904785156
241.481374206543
241.530461120605
241.55289276123
241.569404296875
241.583326416016
241.611940612793
241.619462585449
241.640666809082
241.630906066895
241.648793029785
241.666320800781
241.699417114258
241.714881286621
240.680099487305
240.735743713379
240.783964538574
240.859122924805
240.865115661621
240.934234619141
240.983488464355
241.013704223633
241.052225646973
240.999093933105
241.108838195801
241.098446960449
241.078083496094
241.143358154297
241.186594238281
241.251624908447
241.272366333008
241.308944702148
241.357897949219
241.394975280762
241.396311035156
241.433380737305
241.475899963379
241.502094116211
241.508349914551
241.541254272461
241.569910583496
241.605611572266
241.626708984375
241.64680480957
241.671394042969
241.673367919922
241.681293640137
241.668772583008
241.714543151855
241.731237487793
241.777404785156
241.784808654785
241.820353088379
241.828597717285
241.846672973633
241.866740722656
241.896596984863
241.897971496582
241.906847839355
241.908819580078
241.944580078125
241.954298706055
240.841289367676
240.898778076172
240.935114746094
240.970985107422
241.010128631592
241.040191650391
241.058273620605
241.150248565674
241.200418701172
241.23853515625
241.252815856934
241.25624420166
241.273834228516
241.336844177246
241.377563171387
241.445774841309
241.458264465332
241.479370727539
241.52297454834
241.576959838867
241.584288330078
241.639629516602
241.666293945313
241.7180859375
241.740852813721
241.744940185547
241.771936645508
241.78554107666
241.822742919922
241.851147155762
241.799243774414
241.912586975098
241.905902404785
241.922913208008
241.973861694336
242.019610900879
241.997396850586
242.027709960938
242.048294067383
242.071728515625
242.093864746094
242.105080871582
242.123948669434
242.143835754395
242.142810058594
242.164352416992
242.186294555664
242.197281188965
240.924240112305
241.048193359375
241.084914245605
241.12614440918
241.15797454834
241.197418212891
241.247497558594
241.293846435547
241.348592834473
241.368850708008
241.375355529785
241.417407226562
241.413366699219
241.503609924316
241.542963256836
241.573389282227
241.622439575195
241.653583679199
241.699598083496
241.707554016113
241.752987060547
241.798081970215
241.82975402832
241.879249267578
241.90785369873
241.914214477539
241.973176574707
241.98908203125
242.015364685059
242.035610351562
242.077781066895
242.022981262207
242.092276916504
241.982284545898
242.155021057129
242.209507751465
242.222309570313
242.245975952148
242.260503234863
242.259490966797
242.301878356934
242.325762634277
242.333360595703
242.357205200195
242.360166015625
242.360052490234
242.355316162109
242.406188964844
241.117581481934
241.165469665527
241.212991943359
241.258821411133
241.29037109375
241.33432800293
241.383026123047
241.435597229004
241.476207275391
241.519912719727
241.534028930664
241.578537597656
241.588966369629
241.647171020508
241.673890686035
241.732364349365
241.784110412598
241.828450012207
241.847936706543
241.897375488281
241.902411193848
241.938455810547
241.981338500977
242.033175048828
242.043563842773
242.078439941406
242.126701049805
242.15596496582
242.186551513672
242.221170349121
242.259215393066
242.290585632324
242.298182067871
242.32292175293
242.353164672852
242.374039001465
242.358691101074
242.430844421387
242.4863671875
242.486716918945
242.525152893066
242.54155670166
242.556506347656
242.561411132813
242.561673583984
242.565550537109
242.588426818848
242.597605285645
241.21218963623
241.276316833496
241.319943847656
241.367874145508
241.38436340332
241.430133361816
241.482350158691
241.522430419922
241.566893615723
241.600657043457
241.630920410156
241.686136474609
241.711424560547
241.761782836914
241.801697387695
241.857842712402
241.91403137207
241.948262023926
241.96481048584
242.011448974609
242.029586791992
242.082349243164
242.124481201172
242.111110534668
242.177744445801
242.190841674805
242.244706726074
242.256632080078
242.291343383789
242.33982421875
242.388026123047
242.437744445801
242.441095581055
242.452758789063
242.511336364746
242.536642150879
242.574036560059
242.598874816895
242.628182373047
242.652707214355
242.663784790039
242.689877624512
242.711989440918
242.706451416016
242.751065368652
242.758047180176
242.782775878906
242.794585266113
241.31670501709
241.385846557617
241.432922363281
241.404181518555
241.48084564209
241.533707275391
241.592883605957
241.55827331543
241.660101013184
241.704385070801
241.719326477051
241.779688110352
241.802294921875
241.838302612305
241.865517883301
241.681284179687
241.959250793457
242.028277893066
242.064661865234
242.110845031738
242.130794525146
242.196905212402
242.244750061035
242.27682434082
242.29448638916
242.332950134277
242.376952209473
242.391498413086
242.434844970703
242.483835754395
242.513013000488
242.560564575195
242.562114562988
242.580501708984
242.624936218262
242.629973144531
242.680297851563
242.712387084961
242.762775878906
242.773724975586
242.799083557129
242.817079162598
242.844696044922
242.873514404297
242.870514221191
242.871214599609
242.906870727539
242.930762939453
241.416983337402
241.456600952148
241.524121398926
241.55697265625
241.575895996094
241.622481384277
241.673733062744
241.727126464844
241.770195007324
241.797823486328
241.810416259766
241.869981384277
241.879239196777
241.911347045898
241.954723510742
242.017944946289
242.063276672363
242.12133972168
242.143873596191
242.15237121582
242.211252746582
242.272362976074
242.307026672363
242.349973754883
242.391701965332
242.417083740234
242.459394989014
242.462311401367
242.535194091797
242.579538269043
242.620498657227
242.647852172852
242.660796356201
242.684763183594
242.729956970215
242.73510925293
242.769302368164
242.822388305664
242.87504486084
242.903110961914
242.891998291016
242.945625
242.98494720459
242.985472564697
243.00916229248
242.979293823242
243.023147583008
243.039479675293
241.503445739746
241.529470825195
241.619340515137
241.648338623047
241.667987670898
241.712426452637
241.761519775391
241.817396850586
241.835096435547
241.867042541504
241.896500244141
241.966943969727
241.970271911621
242.016540527344
242.035542907715
242.109268188477
242.12539276123
242.173527832031
242.226986999512
242.270079650879
242.293866577148
242.354187316895
242.382116699219
242.427048339844
242.441853637695
242.447071228027
242.502380981445
242.534351501465
242.587872314453
242.632360839844
242.666196899414
242.715745849609
242.732047424316
242.730391540527
242.796142578125
242.784682312012
242.884168395996
242.806506347656
242.926891479492
242.960209655762
242.996682434082
243.016587982178
243.026168823242
242.926527404785
243.086633911133
243.081376647949
243.077301940918
243.112206115723
241.566585693359
241.656528015137
241.717704162598
241.744720458984
241.757326049805
241.785711364746
241.779281616211
241.867197875977
241.918196716309
241.958188781738
241.985576171875
242.035081481934
242.068054199219
242.093426818848
242.100842895508
242.162367553711
242.169847259521
242.222640991211
242.262979736328
242.245091247559
242.340662536621
242.389989929199
242.430979309082
242.455181274414
242.506653442383
242.533985595703
242.570698242187
242.592963562012
242.622308959961
242.669840698242
242.712546691895
242.743869934082
242.773376464844
242.818817138672
242.842140197754
242.867861022949
242.897977294922
242.938661193848
242.968510742188
242.98550994873
243.012175292969
242.985676269531
243.078259887695
242.982331237793
243.126212463379
243.124160766602
243.143096923828
243.17046295166
241.656979064941
241.703470458984
241.737850036621
241.799331665039
241.817802124023
241.857446899414
241.911743774414
241.962205505371
242.001868591309
241.98939666748
242.021204223633
242.08299987793
242.127105712891
242.148522033691
242.151750793457
242.232744750977
242.220016937256
242.296188964844
242.329763793945
242.247680664063
242.376129150391
242.438224487305
242.476325683594
242.486329345703
242.553694763184
242.578857421875
242.615064086914
242.637004089355
242.671976013184
242.704169616699
242.775508728027
242.81232421875
242.82011932373
242.842284545898
242.882758483887
242.912933654785
242.950645141602
242.976240234375
242.987301025391
243.010803222656
243.050537109375
243.087760314941
243.113205566406
243.070731201172
243.147120361328
243.153042602539
243.177133789063
243.188722839355
241.736188354492
241.751044616699
241.802069702148
241.859886169434
241.861029663086
241.911690063477
241.964257507324
242.017244567871
242.042003479004
242.063071899414
242.112101593018
242.154495239258
242.166607971191
242.188877868652
242.214172363281
242.232009887695
242.305516357422
242.354666137695
242.363261108398
242.426559448242
242.436043701172
242.493982849121
242.481185913086
242.549634399414
242.598756103516
242.496108093262
242.63238494873
242.586324157715
242.654434204102
242.738647460938
242.602005004883
242.671357727051
242.842594299316
242.868095397949
242.861868896484
242.927668762207
242.97629486084
242.95539855957
243.021222839355
243.047463684082
243.064575195313
242.985473632813
243.134387817383
243.142094116211
243.162078857422
243.17448425293
243.171284484863
243.214359741211
241.77486114502
241.817283325195
241.861437530518
241.917554321289
241.89990234375
241.922103881836
241.998195800781
242.050557250977
242.067209472656
242.093503723145
242.13079284668
242.181762695313
242.236204528809
242.230838012695
242.25579864502
242.305989074707
242.341888427734
242.38970703125
242.400968933105
242.433335266113
242.457827148438
242.516537780762
242.536206359863
242.577845458984
242.616991577148
242.645189819336
242.665394287109
242.689772338867
242.710571289063
242.777862548828
242.823983764648
242.833115234375
242.816118774414
242.882522583008
242.92456237793
242.917884216309
242.983140869141
243.002117004395
243.037124633789
243.044906616211
243.085067749023
243.118728637695
243.137963867188
243.126949310303
243.157102966309
243.15829284668
243.184007568359
243.119607849121
241.804951782227
241.864209289551
241.897502746582
241.89953338623
241.966284790039
242.002194824219
242.054632263184
242.093063354492
242.111329040527
242.132926330566
242.156997375488
242.18438873291
242.246627197266
242.220762481689
242.223759155273
242.348481750488
242.343192443848
242.414579467773
242.432083740234
242.473292236328
242.492136230469
242.54150604248
242.551025390625
242.622544555664
242.60661315918
242.650906677246
242.713229675293
242.720565795898
242.748878936768
242.736282348633
242.827658538818
242.748107910156
242.88236907959
242.902793579102
242.829493103027
242.807394714355
242.967529296875
243.007051696777
243.056561889648
243.097551879883
243.038863220215
243.133883972168
243.144643859863
243.164857177734
243.123016357422
243.170028686523
243.223981018066
243.250915527344
241.860554199219
241.854885864258
241.918093261719
241.949822692871
241.972660827637
241.997380065918
242.035400390625
242.113057861328
242.165521240234
242.150694274902
242.159830322266
242.238396911621
242.251444854736
242.294405517578
242.2594140625
242.357043762207
242.388320922852
242.419326782227
242.446401977539
242.494064331055
242.502037353516
242.551239013672
242.564239501953
242.591204223633
242.650430908203
242.663482666016
242.688781738281
242.721968078613
242.757838439941
242.784465637207
242.808677978516
242.830567321777
242.818862915039
242.880086669922
242.956775817871
242.99198425293
243.00964263916
242.966888427734
242.943997497559
242.962471313477
243.099911193848
243.133342590332
243.172453613281
243.186273803711
243.18895111084
243.188400268555
243.21684967041
243.22338684082
