2.92690037631214
2.05865809187608
9.55948225041651
0.573206109538285
10.6716786084606
4.40273554460405
1.99806601190684
2.967390164622
8.37841797443875
3.98331644006384
0.935537613738306
3.18810655575361
3.98331644006385
3.66642200552235
7.32754010695188
20.3371663579276
8.66467151328743
2.58514836950823
5.80399100579031
9.53189146365615
0.478659140423845
2.52000978644578
3.22836205189146
5.41603753800985
1.65561310917712
3.55727051367193
6.15713070730371
1.49800414758891
0.618643179196811
1.76416995794158
4.79448463877529
2.71224354269337
5.3406032644787
1.66253072827467
6.48701548355528
0.398619994640756
3.10370137359757
14.9627765544721
10.3825422623001
5.063205993033
1.79423706499831
1.07534398191838
0.492290261321403
0.82369251919425
2.8250760197127
5.0604154579241
1.6576928454091
10.4058462362961
2.8928267682593
0.600002330106137
1.54771474840679
12.393202963895
0.806216723171739
2.71493295119591
40.6598366595599
10.9841203266809
5.32804678853123
1.52254960213438
5.2695350273205
10.4821542996284
3.47651835541109
5.19642503466033
0.316894434541496
4.12515873848054
1.94771521442802
1.79330502254377
1.39788705975558
3.92606852842147
39.2801253597101
5.71359022753485
6.24934465764916
3.33598965432875
1.44518716577541
2.10059068190556
1.1312665291904
6.82253806810899
1.32816049771067
52.665347244067
5.20894061724513
2.78791082683816
9.51615346079013
8.31381869444153
23.349932426922
23.0700248156303
2.9172928826908
2.4568056574977
12.1877919914252
7.08818286672957
14.9627765544721
5.83559050714761
3.97786154509337
7.92585602274183
3.40485361108198
4.29205550312817
3.88195682313329
10.7685855090699
0.638449081355658
1.40126757773816
1.13243158225857
1.40907052066221
0.619630561672081
2.0337719758135
2.90827583796442
6.00112718884345
10.852469329978
2.49334160521012
10.3529499143686
5.15768993277644
11.7751913599665
5.42365057728381
3.21536879754873
4.41788123449024
2.74369997553388
3.81230715459088
0.209709552270108
6.42951720200855
2.85884263628207
4.41322102221757
2.29835552759428
7.49682523038924
45.3128138361702
5.46526394277259
16.3716588025584
3.05127398553004
6.39386949075531
57.4053597101348
11.249752426223
3.48650053009914
14.4932601680007
9.32391970454254
7.64624328638169
11.8407925856023
6.10487807719642
14.6746589307143
3.84467512495195
0.848158633625763
3.35133049060384
1.7184532755467
1.76592627544185
16.2128784966155
8.68204816329385
2.08817995409691
2.21051052625447
1.29030501089325
3.69175899712232
1.09345729497979
2.99551734181493
1.65839187725001
0.999204851280974
1.39571307073037
2.19379492735894
1.10009844698427
12.9545628138362
1.9887455873615
1.27357484883436
5.65091223655237
2.05515361224703
1.19767455407594
2.10029941863852
3.34137219950369
5.25700779420502
1.35251197092028
11.7492194144443
84.8753708946442
8.83415749187375
3.59634115083941
1.23289119569396
7.69867067444922
11.0027611757716
4.28101499423298
17.3689518017546
7.92585602274184
1.88622091736279
1.13167138513159
16.0704515745692
4.95272960283342
3.43743828131372
4.31885172369601
2.69598813975977
2.26442265795207
4.58437896846202
3.75763401022917
1.38291799191453
1.18369391725793
2.16018023370965
6.60969557163328
2.30729719338716
18.898847179989
3.89955192058998
7.28274672911352
0.991460161010333
2.87913448207566
4.89821991541715
0.716096955716328
1.1417520068039
3.58836344995514
2.02253212633836
2.22175620099495
1.1312665291904
0.838838209080418
2.57344191627928
3.22826698356111
2.15301806997309
1.21637365582003
2.78214672678341
1.69049200191068
1.44437162862769
1.85942469679494
2.52933021099111
0.208544499201939
4.25011359267415
2.65754977689233
5.75536215674625
1.19411822958535
3.59185860915965
0.985584565376954
11.9243181526918
10.5720963964909
9.72650087961508
6.98245138816073
2.04658755956333
5.04892931623035
7.53876714084326
5.23137662670536
4.22791641909289
1.03066128412149
5.65282397213193
2.66010450526021
22.3224167860846
5.91264432094882
1.68117157736535
2.36837812962379
1.52272436009461
0.42805913809375
1.90282292358417
6.13633451003694
1.1312665291904
5.58759451493016
6.56623909219066
3.33304207006629
2.07798993394149
2.3627276222432
1.85656740414526
4.952640592779
3.14564328405159
3.01435345379981
0.847468339682877
2.04810212855196
0.840408118089777
7.18971432898769
0.982139736464998
4.23496790278797
4.39788472964944
1.97831836240141
67.6056994396095
4.65438700732819
1.02990691225985
1.971269791339
14.4408327799331
7.36339449861942
3.65575885731593
16.118509198094
10.6116416762784
3.99392121911153
2.31952745447555
7.13361993638811
4.17904535551595
1.67830834294502
3.16005685458975
13.5620885906353
6.02734088287722
22.1078693509489
3.0990411613249
1.87252863117915
1.13295294350658
3.55413547237076
7.35731012547622
3.59185860915965
0.409845164447239
1.28155837498398
1.00887479174676
4.74421539501124
1.84078384770427
10.8115148019992
3.24729125161651
13.5935450234758
10.5207516922396
4.17904535551595
6.09887514126269
4.30953129915067
4.25983887316068
26.4128774480675
1.12194610464507
62.7033633917025
4.23631190800741
2.09656833618771
3.44273181643424
13.4808290517633
11.5877860496546
1.44932601680006
1.38291799191453
2.58819987650437
21.0790138990831
4.99429019141823
2.56777696224063
6.11973250381555
6.0769168035604
38.903452052241
5.67169678328848
9.71144245220371
5.93711043538033
2.08194983281488
2.24441357053814
6.47186979366911
6.83536635093729
1.56088171216199
5.25205923129799
0.991460161010336
2.6664569571144
3.88195682313329
2.63185488098983
3.52396805424488
5.9312851700395
14.9426065732294
1.98969906679249
11.3650926799716
14.9882324979903
9.78533605955752
2.3672946302704
0.783204012442764
4.65438700732818
9.23070380855848
1.63078011953444
0.942159309356542
2.835587244999
1.28735789265201
1.15497244649494
0.478836811016745
1.6673627858749
3.00467186280335
3.1736045576876
2.52915545303089
2.87622476203791
0.812234338774136
6.38449081355656
2.04938368692694
2.24173394848135
3.08003623315042
14.1226860298487
5.58315566274042
0.814372094648913
7.21383279158369
90.0599642328713
2.9641839385784
1.89734426153111
45.9470832896438
5.23113907238476
2.63768014633066
1.81748278634092
1.80233709645474
3.21571831346918
1.7184532755467
4.20297775913694
17.8323697179407
2.47457271678725
1.53664383162653
1.99590775109806
6.61167616184917
1.99806601190684
2.39399764659281
1.7184532755467
61.7854991669871
8.71972446494937
7.01390782100124
22.8385365768411
5.03145352020785
4.96312607039251
6.00701361947036
1.18369391725793
2.75039903067585
2.20456875560682
36.4524875048059
0.67431221092121
0.372816981813519
0.422621951929913
6.04895552992438
0.820197359989747
14.2424824950776
0.947919215220243
2.7416289771999
10.845534468095
57.6423374459707
1.67214241608705
2.95923479314483
4.83905071476007
23.8183449256114
1.51787354513999
2.74952524087472
4.93778325352719
4.06022438922093
1.54719047452611
10.9736348490674
1.80233709645474
1.70913285100136
44.9158970326098
51.4440832779933
13.5332564398308
9.18061817715797
11.179849242133
7.61478685354118
2.70018233080517
2.24301550685634
3.22486689268696
52.0129511959269
48.4009646639404
4.8349497279601
3.38138885976257
8.34451493015507
5.04584483823238
4.31534677804574
1.49476308645859
1.8286001887386
11.7565505108758
6.45776088450829
6.22752740787342
3.15320214835786
9.40780352545057
20.0435729847494
23.662749175725
42.7105966236762
5.22409795766197
2.83253527198164
0.124660678293895
28.0309991495113
3.89099425628838
0.973984364987826
1.46330665361807
28.4494308715762
55.5439050248739
32.0539040928314
3.24542716670745
2.49501054373027
3.1827292533175
4.49774270968042
1.04738270828236
3.9387606165461
1.80121060664313
2.72505912644321
9.570500856314
5.55234874698544
2.99722717369776
27.9006908764694
61.8643179196812
20.0442108513043
3.91556569151724
4.42127153891859
7.95032213717335
6.79650891848123
1.84544405997693
5.04584483823239
6.31458762946654
4.20310078874093
1.50460545477847
0.879615066466271
6.39340346952804
5.59574988640732
1.15392389873359
7.43018128225741
4.38741218412497
9.45091048897277
2.79962252280592
4.58914403551081
0.790430254098067
5.36596367364532
5.18565120641245
9.94501229130987
4.05164680251184
3.12700243496091
1.78985704798853
0.400778255449533
4.16955017301039
4.20817168222013
1.66369578134284
61.9000412428786
1.79301667190941
0.658653897685038
4.46026866123752
88.5661691890066
109.398483100905
3.42525602041173
5.48232905758857
4.16430452157096
2.67606573229411
10.0077126513113
30.7082911001596
7.61478685354117
49.2957836729463
1.05372933487121
2.16752298067178
0.82019735998975
4.79419337550826
2.72156396723871
4.26409422949216
3.80691435694896
3.07923525916606
3.17976582433331
0.792236086353732
3.47069309007026
98.6808657509349
4.14147239406754
3.95535516642783
5.02830787692379
2.05398855917887
4.62642573369217
3.42228222245524
3.32658476343597
6.45258525275827
1.38291799191453
45.5645935712382
2.22175620099495
0.963903743315502
0.879615066466274
3.47401057868186
3.1540404040404
2.27808360420817
1.9141821909988
5.27100579031374
3.64771719501823
2.55729148462712
11.3091701326995
3.60234408677315
1.81748278634092
3.15280544778814
0.628485547516692
0.795731245558232
2.68253748558246
3.1419704542542
0.823692519194249
1.74291938997822
1.01942143464635
2.37653058846831
1.30586417811332
1.58913238498013
2.81995269884544
10.9794396094742
1.75019805902159
1.39340346952804
1.09066151713211
3.62651602530496
1.61008283527315
3.32895867556766
3.56040217631913
4.04040404040403
2.9662810341011
9.62254366036372
4.92287057425465
3.04311861405287
5.21192024046696
4.1697249309706
1.30957219251337
3.01474665921033
4.34681299733202
3.43171321053674
3.15529924388057
2.58670616196568
11.3048011836939
1.59186734705766
2.98719606678084
2.49204851280976
1.35699264851514
10.7204804678853
7.69204944485222
2.33249158249159
4.81877879137395
3.75962625097573
4.24545338040148
2.19198618247061
1.9141821909988
7.69284540910838
62.9635016835017
74.6589860543148
6.96567753661179
0.949107569349784
6.33631353908171
1.54136520918528
2.30680507497116
9.30302983700908
0.796954551279809
1.37010240816469
0.374852912050146
2.15622196591055
12.1252199037666
9.68266284529261
2.23078244964058
1.21165519089394
1.34563629373318
1.7718680460895
4.44933766733075
2.68777742826186
1.21165519089394
0.428739529085549
2.3489160346254
2.68107546048722
6.45451329908078
0.944425104563513
2.84295084641105
6.83192653175352
2.01862628592732
0.460195961926062
2.35712266843755
5.01879510211691
5.02792911817133
4.00195728915452
3.19108035371012
13.0556429345357
42.7707175561846
73.3144995514546
1.55796721540667
2.22210851304277
1.17021844745028
3.03263313643936
6.2726457190125
3.77948749315531
3.44273181643424
4.79535842857642
4.94448522130184
1.43374040287535
1.93439586173151
1.34563629373318
0.740973751354372
0.95417846282898
0.482270804935165
7.04413221022217
2.59602658651101
4.06524297181738
0.320497244649495
2.48606014003939
2.1797471834842
2.17742301911852
5.94413989957243
5.93267158319061
5.99303298265237
2.69709785280719
3.531567112882
10.419638134517
7.76407908380232
5.06605559633242
15.2079153705451
5.82876050004078
5.78332343038226
4.65438700732819
1.30584973145527
13.23500285438
0.821315810935186
7.01361947036688
3.92117530553517
7.61828201274568
5.28205643517062
4.90415388020924
8.14954621182995
3.67574243006768
0.948059021588432
3.67586173150187
5.84227464961029
6.9092889681125
5.05228466906668
2.51703598848927
2.54771754453415
6.59886057809933
0.870294641920938
0.624407279251573
12.0183932753137
3.81385655866624
15.2095930469633
3.72205328952733
6.02070008038866
6.59115957731873
1.3799471065907
3.83331294490463
0.964663940442489
2.93848228536809
3.1510578681859
5.59452366805307
2.19862698495917
1.67586767327252
3.61626355830508
6.72352125639323
1.32816049771067
1.55132350028545
1.89666911327811
6.33608285857421
2.30919052112823
3.45379982058182
0.73980869828621
1.89979087297426
0.973984364987828
7.82136241305791
2.25088252769913
4.48900481166917
50.0001718453276
2.2390549089511
4.14799377861662
3.80372059697318
8.20197359989748
6.23070380855849
3.64428599722717
11.1414024908835
4.51213682383234
9.08810131301481
1.43534537998206
0.754077685738584
8.23504060209944
3.61049945825033
5.25793983665956
2.40816469190172
5.68633276245733
5.63052672049211
1.13889471415423
2.68289107918866
19.1394918038517
0.629128656810316
3.18286381694686
3.73206983328091
3.11651695734741
4.82477601854765
3.10690526953503
1.19237064998311
5.56532091386764
0.674565726468839
2.24091841133363
1.54608076147869
8.79650297671059
2.93023370964547
7.22776554472056
4.72895040369089
1.13243158225857
3.48950578448849
85.3555886430627
18.0105553807976
2.7215639672387
4.28139235492176
4.44844698426014
2.76350587769274
7.74481551384665
1.1675149418056
2.97261892279193
4.56502557291485
1.56646919017162
2.86486549462329
3.51742045600177
1.9738882481097
4.68351333403237
1.91919191919192
3.20418428809433
2.61437908496732
7.0590565400254
4.73827082823623
5.86446646394743
11.3299663299663
2.15587699369706
9.42643272401059
3.89342968322207
1.00194563862384
2.60971887269465
1.7774603008167
0.978644577260493
2.46991250451457
0.848158633625757
2.58525275826314
0.739763960248391
1.01010101010101
1.54719047452612
18.1450112427621
13.8393158808384
2.59288094322696
1.24311162373446
9.57557116726667
5.63687206552256
3.18292498223294
2.09709552270106
1.22522805913809
1.45398622907273
1.45022077755641
1.86600433399741
8.17750748546596
33.3862528398169
69.8225041650647
4.57037211794998
4.7569116773269
6.52779234094113
12.9342588514907
7.59032073910967
12.3961646452996
6.58650682138571
7.84692076474084
7.00799506017499
16.8360071301248
3.00117670359884
0.853689723066886
2.59614309181783
8.52206901774376
67.502880593711
39.1306374005336
4.45865809187609
3.39117821816784
11.6432461873638
3.35342758612655
6.32987825195438
6.29639637435486
65.7409708387217
46.4757242552398
3.47651835541109
0.898255915556955
1.07819544930272
3.36816842007154
5.30798177857001
1.80309205084291
2.75302040007922
6.86332762457328
1.68088031409831
3.05709925087088
1.8967063949763
2.65166078314867
35.6403043118614
3.85865576176994
1.14868115992684
2.28903801568161
5.97044027355448
4.73925821071149
3.49568347838244
2.3161254995165
1.59896123868442
3.80273321449793
1.02320494448522
0.308438945393962
1.23512809758485
1.49476308645859
31.916628802442
1.95905630701479
2.60371593676092
91.9926485151398
14.8354449920194
65.7909516153461
3.51011848589703
3.14447823098343
9.09166637540341
2.05049339997437
12.1442783078769
2.63691994920369
2.34542367154824
46.1594025607867
93.2228863024711
1.72829564386657
1.95262894224832
1.74635338389664
1.3269954446425
1.64054897300572
30.2308552654573
47.7221930958961
2.46778966131908
3.04777882632554
6.38198303682734
2.16583365372292
3.21554646814162
1.56583132361679
4.35094602309135
122.753486421306
131.099119802407
54.5111408199643
18.6629850989713
3.57117600456701
0.388408187992959
27.1480460894994
2.86561392471428
1.23379119918912
1.65968427061853
0.810876935444408
0.736313539081707
8.74261647618049
2.26835832372164
1.72893875316021
1.17437349271259
39.3991821327461
1.98059021588433
1.1312665291904
1.35495671827851
1.20233476634861
5.32545757459253
8.68844011044706
9.15615206272646
8.87304416716181
2.74369997553388
3.12892477252338
14.9707716146471
9.23717859098484
5.35458390129671
6.0014767047639
1.16377150979227
5.07805564293454
1.56117111134412
63.9043258420421
11.1973250381555
6.54846912026843
3.98331644006385
6.72665291904046
6.65478312537138
10.3491664045297
4.12428786131208
2.55149231647502
0.63932287115678
1.70913285100136
2.15279437978399
3.22836205189147
1.40068213857141
1.85825964372677
1.9615415982198
3.10370137359757
2.83579450793984
9.5720148427761
4.31659431687113
2.4502784476833
2.5906255169923
22.513237915487
4.61087227523214
3.92855894585999
2.02602728554286
12.2749991262102
7.30721284354503
2.5529225356215
2.65963848403294
11.1635478196032
70.67753369916
1.14990737828108
1.41501229130987
10.274603008167
3.34364114035394
3.00467186280335
37.7367067444922
76.5968683373535
12.7083988675684
2.33010613633451
4.82764204909533
8.84150606410122
3.1130217981429
4.86060140039379
55.8731727890205
1.60660818100265
7.89653058846831
5.68895413186071
13.408887024804
4.52872251931076
6.52106113033448
83.952559039065
6.35652953992053
8.82265562196358
82.3459508580616
65.4247200960003
10.5182156047208
1.1783900131651
4.98992229096036
3.05127398553004
2.45153076322627
1.00660585089651
2.23224167860846
3.53593606188762
4.69122353873219
1.17710845479011
2.72134027704963
6.91007887409272
15.8109351880978
1.71495811634221
3.43770810760431
1.29746134936447
1.51340393554926
1.44932601680006
1.25458448382324
1.18369391725793
4.66166858900421
6.44061608006245
7.83691866764532
11.0120816003169
75.314211899852
48.2844593571237
5.63303158458868
5.21763191313365
2.91146761734997
10.8163526848648
15.872445795906
4.37477427096805
6.01114664522969
6.27510106835366
1.56583132361679
2.16991821327461
5.0703109526639
1.71967658126828
2.67093029487492
5.66641035499166
15.9752076707094
5.36920240466954
4.77671757948574
3.18255030116621
1.24311162373446
1.31644006384492
1.4729327880885
12.9598266401035
8.705371593676
3.31224587279951
3.44045705031864
6.04895552992439
0.544079782834109
1.01010101010101
1.83146342315893
1.01942143464635
0.568321624549996
1.51340393554926
1.70913285100136
1.81329791572006
2.1099111064509
3.84001491267927
0.406894784057413
1.29903417100649
0.376312141018025
2.14526755443711
0.877806321577951
15.7177309426444
3.15350447962906
27.1584676056994
3.72816981813521
9.57207600806217
13.4317220649401
61.9173306304102
14.2043270070952
4.31535656449151
5.38254517493271
17.2214765882586
43.4370258525276
6.15781296238042
2.53981568860461
2.14773152517097
2.3438625004369
47.4131278179737
15.7270513671898
6.02448941549287
4.59673307469155
6.24567182785176
3.64496766977736
2.43769587454709
4.99108734402852
8.03886617035405
3.47651835541109
3.86127421854067
13.7623612130533
15.1834637027717
3.34020714643552
15.3510275768061
19.8897859797514
