2.90884333531393
0.95068330362448
2.08194983281488
1.26757773816597
4.59496930085166
0.699320774061263
1.87982931972552
3.08855568371139
1.31901191849289
2.53917199678446
2.2545495322312
1.75587990632972
4.54457784302075
2.0839857630515
4.74687765777731
10.1927551174956
7.44497745622312
1.90486176645346
9.01495636876261
10.2885224796989
0.330875071359498
1.76243402887002
6.52745156291871
4.91343364440251
1.57515174816213
2.01827677000687
1.08582945953188
1.68117157736535
0.460195961926066
7.1989182482262
3.48001351461559
1.31062353640208
0.680390991809676
1.38291799191453
0.516118509198097
0.601167383174303
8.25794088520732
7.61828201274568
3.02268637936458
13.372309484697
0.485547516689383
1.48544266191325
0.908799645823874
1.18584635280137
2.05089825591556
0.680390991809676
0.386797618631528
6.22943098808151
2.1099111064509
1.0594787552573
1.51276315636177
15.387959759067
1.32390514137919
2.37478300886606
9.22315426467673
9.43954830892547
3.89835890624818
3.60752566029383
0.851653792830267
10.1766714433842
0.82019735998975
7.24431675462817
1.31998834946932
6.38798597276106
3.69438327915837
2.15651322917758
0.898255915556955
3.04777882632554
12.8444635513148
2.84557815758508
5.00314273065138
4.18923665722974
0.964663940442486
1.17437349271259
3.63846073188634
10.9007607796535
3.64778989432968
8.74281733132944
3.03379818950754
1.57981196043479
4.05758857315951
1.85784896252025
4.98613295585614
1.60701303694383
2.65166078314867
1.18718907646243
4.22042804049725
6.01516899094753
5.15902683117217
3.42298125429614
8.86721890182097
3.90410215185302
2.07664592872206
2.87535097223678
0.72699311453637
4.49960679458948
0.652429718173658
1.56334090617828
2.12505679633708
4.06399345240176
0.767769971922223
1.18223760092272
2.28845257651485
5.88718499877668
7.53958221196977
1.07237309659455
4.04972446494938
5.01438840539187
9.3145992799972
1.80233709645474
4.19536774900095
5.0738061118684
0.665536565190545
4.55343224633882
0.894760756352452
19.1255111670337
5.31613715004718
2.7075833304207
3.85865576176995
3.48117856768376
10.5972615427633
6.30410215185302
3.46719793086575
1.6447548145818
0.982139736464997
9.6118596577074
1.9887455873615
3.68914333647897
7.78255449535726
6.05748558246831
2.29631959735766
6.11739948504654
3.08506052450689
6.69142113173255
3.95025503011663
0.798233197022124
3.53296517656379
1.16098703295936
1.21515035009845
16.4934815280836
1.65903556907017
2.44195123087856
4.01092819777941
1.54852737292184
0.842333368284925
1.20582992555311
3.31341092586767
1.29903417100649
2.967390164622
4.86082276047673
1.82631668472499
14.097546980765
8.23343003273799
1.0934489065977
2.15214136753929
6.15793739004813
1.323500285438
2.26515151515151
2.92014435007515
1.56932648282129
5.82992555310894
1.13871121829599
22.625407943332
49.4333735276642
26.7158319061433
2.63185488098983
2.93022776787483
11.5247602903312
7.39459182365756
2.33819288618597
11.8509198093973
2.01023790383652
6.17944147355912
1.06602355737304
16.5938508499062
2.93774375822819
0.439440658021976
0.754954388172384
3.09164307434204
2.81607307212844
1.32600223690189
8.16416471520277
7.4056127596612
3.02954283317606
5.02411368587839
6.39962485291202
4.62123833490615
2.11775703983317
4.59071394452017
7.58682557990517
0.840294525415634
0.699031840900354
3.47014260249554
1.62262474805728
0.72699311453637
1.31417986089266
1.58872170377361
2.93785315671129
0.793922500669907
1.32699544464251
2.09167511330141
5.51641851036315
0.698970675614273
1.74291938997822
4.47572320669206
0.960003728169818
3.39641804434191
1.17437349271259
7.87109852853796
1.70476098936306
1.02990691225986
1.60969265900062
8.20737758204888
0.572041056470124
0.939557046823487
1.5227243600946
8.02401174373493
4.21749210676547
5.26534782659382
3.98150769517551
0.935537613738309
2.53981568860461
3.8688499761164
4.74963009565085
2.60697808535179
1.12456456141578
2.84738969860077
6.85348001351462
11.9498188342479
2.19373376207287
0.642995584448871
3.3707402747195
4.32939254133026
0.334658581198371
2.11614122773292
6.46190858993627
1.85476448452227
3.81205363904326
0.792236086353734
5.57215464914428
1.30199561940046
1.32816049771067
0.343046963289174
1.53734286346743
1.49592813952675
3.08896053965258
0.90408118089779
0.498642713175582
3.45140854915941
5.64232917409388
2.02602728554286
2.63185488098983
2.73554460405672
2.02602728554285
22.8854257686438
7.16629676231751
6.36414898698637
1.40155884100521
28.6261083732364
3.73708247410668
1.16405986042664
2.1809793436091
1.39340346952804
1.35495671827852
4.05840119767455
2.55734682464786
2.3802034182657
4.53904675357963
2.83055176913309
3.7440727925157
10.6101382917992
3.64428599722717
3.13253352440204
1.00689420153088
1.55068563373062
4.60161884123822
3.71418918131721
1.84561590530449
5.08895180175456
0.945449302715738
6.81789055491477
2.58064788601121
0.96134062656554
7.54954388172382
6.42823564363357
5.09413337527524
8.28414758892268
7.710143534538
4.01724965922198
6.6641035499167
4.71030955460021
10.7790709866834
2.52933021099111
1.15963265876761
3.8959374599513
3.09904116132489
1.44681824007083
1.38635198583296
7.71840329477006
1.36931203616324
2.86422180280312
2.42021413675393
36.5209185278389
2.19601132431582
2.88903743315509
13.1829803222537
2.78692624049025
12.5089971223189
7.19092377057773
6.20163282187503
8.37768969976583
1.40173068633277
0.810876935444407
1.43534537998206
7.17090163456947
1.87109666445306
3.48076788647722
1.70331690608507
2.89282676825929
0.554565260447613
7.04158074400289
0.926039518600073
4.6086568103177
4.23496790278797
0.137315950741556
5.86027227290203
4.48691062877914
16.6196538627335
6.37138396653967
0.876119907261777
2.06592744049491
6.37324513881607
2.29382917991914
1.61709365861615
2.66913657917118
7.73472615427632
1.61709365861615
2.51144373376208
1.46330665361807
3.97982128085935
2.01723940675497
3.40661517132106
1.19621823774073
0.848158633625764
2.22175620099495
2.38952384281104
1.73359896543287
3.0326884764601
10.6443296867172
1.18369391725793
1.7825894469493
1.83687812379854
81.1243800170098
9.37547330280893
2.03663206459055
4.59246152412243
13.2987895098622
3.29226230004776
0.827959409551107
0.973984364987822
0.920097747952416
1.56204490114524
3.89011219461046
12.8190789090443
0.414758892267542
2.94612794612795
0.767769971922223
12.7223795043864
0.96349888737432
0.600057670126874
3.46253771859308
22.2881468665898
11.5608215954237
5.5815227243601
3.02913797723486
0.823692519194249
4.18574149802523
2.56841482879545
1.17426572530379
2.53981568860462
1.4416920065709
8.86721890182099
5.30299348735336
0.506798084652756
2.94874931553132
9.35000524273881
6.16721715424138
3.44150559807999
2.55234000908741
2.25769517551524
3.95535516642783
10.184020132117
1.21515035009845
2.51975627089814
1.7184532755467
7.04303414770543
0.854854776135058
3.07192746379597
2.13525101068354
0.991460161010333
0.711436743443663
4.63474700872624
1.87105472254261
1.57492001910687
38.5982523038925
5.52601854764485
16.5763750538837
3.46725618351915
1.55068563373062
2.4637959759067
2.47340766371909
1.40155884100521
0.862893642305407
4.25360875187865
35.6113615975208
4.92118415993848
2.88608006244684
2.81010800041941
1.87239127142242
4.45556778861277
1.01324944951242
0.638449081355651
7.08264886465577
9.00353011079654
2.73513392285018
3.0277952535738
2.92923176400686
8.75170097747953
40.2413378304382
43.8903918073468
5.19386483054303
2.3627276222432
14.1297636107325
109.146653967588
7.87109852853798
3.1185558002167
1.37010240816469
8.64160346253772
74.9769902019037
44.2475504759242
6.74798737082474
1.76047662321019
1.09614017918516
2.03365547050668
0.240289282676826
1.41114070345903
3.68794507939836
0.699707105658667
6.52924574464367
7.03226031945755
3.69292405019049
10.3395547167173
21.2661125674274
14.5559283725374
2.34682173523004
7.01600491652394
4.93399974368833
2.41748511644706
1.2308203138653
2.33360129553901
8.96304451667772
2.44195123087857
9.25814954621182
1.21794228327101
4.61413151119035
3.46719793086575
3.01824181841483
2.8928267682593
4.73477566903173
8.53011079654679
0.907576340102291
2.85641000547575
1.06602355737304
9.24003588363449
2.69709785280719
5.37788496266006
8.51227383407315
1.32699544464251
2.28753789335105
0.675902624864562
2.39785105961576
1.71868849976117
3.20684305570119
7.96896298626403
2.20428040497245
1.96123868442208
3.24416611326647
13.0054873999511
63.0200505633032
1.34441007537894
9.53799820581827
7.46915522002027
3.70370370370371
11.7445797071057
8.53168361818881
15.6711288199178
10.8621946104645
2.27884380133515
1.87108454790115
2.48103584868291
2.7716612491699
1.38291799191453
5.93128517003949
5.86243332983817
6.62216163946267
1.15662740437827
0.694371628627682
0.966210548390477
66.6261810725479
8.56896531637017
1.1312665291904
1.73359896543288
1.48876015052486
1.15916663754034
4.44933766733075
1.46330665361808
5.27867778127295
3.09061549753592
7.75808838092575
1.26175247282514
1.97016007829157
1.62524903009332
3.308750713595
3.20040077825545
0.855204292055503
3.52661563734228
1.88622091736279
6.02448941549288
0.488157235562082
4.30603613994618
2.72791059382755
3.07107988768888
3.98331644006384
0.713012477718359
1.13126652919041
3.07978702829915
2.51703598848928
0.291172858923724
1.29903417100649
0.643109293628326
0.570348816888604
0.600002330106132
1.18718907646243
2.26020295224447
5.5364552095348
1.24498258245663
0.892037328300303
1.1312665291904
7.00517283562267
0.670892896671447
8.65418603567391
2.36425384176249
1.89781028275838
0.618465508603923
5.85281884589843
5.53622546106976
0.96466394044249
1.97272610767421
3.21082509058287
1.12194610464507
1.06059720620274
1.02145736488297
7.13817517737933
2.37268591334335
9.68945510468001
13.2877215057146
0.478836811016743
4.54504386424801
7.82688185196835
1.79298125429614
1.06398471450375
5.93739878601471
12.1734618386868
5.08213332867313
10.0312116551909
1.15922780282642
1.02058648771452
1.55185068679878
5.27786224412522
17.5845042116668
43.1020586487714
5.85219624153881
1.97010473827083
5.77400300583691
0.44964931902648
1.22347756690318
3.33671198723101
0.820136194703672
0.810876935444408
0.702235736837808
1.04414665688023
9.68106380995655
2.10059068190557
8.65284913727821
4.68351333403236
1.49476308645859
0.898255915556951
1.19145596681929
2.3767082590612
0.643109293628324
0.652429718173661
2.46743839781902
5.39914426852143
2.2566466277539
1.01010101010101
1.47477951370685
3.51846026586511
2.49204851280976
1.10447030862256
1.01942143464635
2.94705113417916
3.92861719851339
4.614134423823
1.91551908939452
4.65292498223293
3.26534957417311
35.4797426397773
4.97244649493784
0.534759358288766
0.831906143324825
1.82394591823658
3.82143231624201
3.31224587279951
11.7708224109608
2.86051099227569
3.62395290855498
4.26409422949215
1.18992403853996
5.32196241538803
1.02990691225985
1.1707006629152
0.506798084652759
9.40976955250311
1.24311162373447
4.30953129915068
0.273496207752263
2.67508114594619
2.02719233861102
2.63185488098983
3.00467186280335
2.24622231542647
5.09751202917293
2.0389011219461
6.53827781855464
14.0793750655342
3.61248284459357
14.2147513194226
6.75911071499307
6.79080307107989
0.766025188447329
2.25035534118579
1.88359954795941
13.4901494763086
3.36467326086703
1.63573450770682
5.18803665256952
2.37204804678853
4.25063495392215
5.62953642538417
2.33010613633451
1.21450665827828
3.32956135751983
3.72333193526966
6.84914007433038
3.98069507066047
0.661808395372403
2.62835972178533
6.11885871401443
5.56778861277131
0.898255915556951
1.48194750270875
11.2154387007328
4.62808290517634
8.62139270443769
1.85519543765218
10.0903787587525
2.77863991704822
2.5575798352615
1.06602355737304
2.0547429310405
7.71731152353989
2.93942889098598
4.33581070217749
1.35664313259469
0.600002330106134
2.46991250451458
3.01901075343984
0.34485570817751
1.61213927044377
1.97784942854147
6.41245208719257
2.62398098633395
3.61981988279567
1.84893921918143
1.56740123262615
0.698220497943676
6.25895343282886
1.64138501508743
7.14544231239734
29.1356471287267
11.3369566483753
5.80504001957291
4.62293057448767
12.2504165064719
3.59634406347208
4.2182464786271
3.41827502242728
2.59259259259259
1.7644146190859
1.09048967180455
0.828291566180839
6.9106870317943
1.12293348712034
0.926217189192966
2.12009646639405
3.78875257767991
2.15651322917759
0.386797618631532
2.27418358906249
7.19886290820546
0.950683303624479
2.50550196311441
1.37936166742395
1.30410774410774
6.8633276245733
1.67301620588818
1.37936166742395
4.1056470122214
0.316894434541491
1.85866449966796
0.739808698286206
6.27351950881362
2.04466813463353
2.15244614542193
3.32273135041302
1.42136474316405
1.79884193725024
16.9040462293057
13.4621882026726
3.8994326191558
1.62904710309555
4.43069681824007
5.5398273391353
7.98696014353455
1.5644915125884
1.69049200191069
3.97475330001283
4.03574382813138
0.545244835902282
4.34681299733203
1.07534398191838
2.01326995444642
1.24311162373446
3.8959374599513
1.20439120151924
1.21165519089394
3.17948516304918
5.36390432584204
2.76928454091083
6.99381356820803
8.6894619784931
5.79363415003554
0.562720631924786
1.27107289737047
0.534759358288772
2.34367900457866
1.37039075879906
0.633844209103726
3.39921708433819
0.966089499376699
0.447380378176223
2.15301806997309
4.17904535551595
7.49449221162024
1.9141821909988
1.29023510770916
2.69409481201869
3.37865389768504
0.907576340102288
1.52534572949798
3.83855568371139
2.00855148952035
3.47936982279543
2.4670552118649
2.83340906178277
14.4711794997262
41.9396356879056
5.54914776368064
13.4676056994396
4.22564747824264
5.41050644856874
10.4625814080831
1.63456945463866
4.76186315286662
2.8236779560309
5.03682732748477
6.62294222501839
1.30951964862
0.415513264129179
2.28961762958302
21.7998293197257
93.0668856966434
3.17243950461944
1.27084920718139
8.48397469504736
1.93480642643273
2.1099111064509
4.44933766733075
7.91304043899198
85.0989712581408
46.9838289469085
4.01017091328511
1.12037037037037
1.05786818589587
1.65112439271609
5.9558794403085
1.39613843160556
4.2429927883215
5.40546176878356
1.82097794554542
1.93282304008948
1.73709412463738
1.39415784138968
20.8998258245663
4.10576631365559
4.03207391096664
2.24971747463097
13.6732346533384
1.81748278634092
4.08005825265342
5.69127258746636
11.5608215954237
9.41182295853576
2.24039705008563
0.878272342805211
1.21165519089395
3.03263313643936
4.95846585811984
1.3762160241399
2.43594829494483
49.4486944415318
20.1359616930551
60.9369356774201
11.0278098167371
2.48389314133259
5.01904861766453
1.93544440949286
1.51259061200238
3.06367888807335
3.6324577959526
75.0563856558667
78.7203057099251
5.06448568732305
1.05566623559704
3.7664418114245
7.04973611548006
0.831437209464891
3.6381694686193
6.69141752006802
0.7839753940792
0.685575477963016
12.8528770985518
9.8551839036268
1.24248529120502
2.28539186559948
1.58067689583261
53.6212732864982
168.018142672399
2.19379492735894
2.80894294735126
3.7002085444992
1.88231507695176
11.5854070112894
5.16566763366072
4.00778255449536
0.600002330106138
0.639086947910479
3.78799238055293
10.9939621124742
3.46212703738655
1.64505493225216
2.29224843591625
9.14222676592919
2.02602728554286
3.69818135216059
0.848158633625764
19.8957830904197
4.4726269616581
7.2547854554775
7.40501613598499
6.07382055852645
1.5192292008901
3.66292684631786
42.3446110470332
5.01943017254435
4.91652394766581
11.2997885428681
1.69049200191069
0.944566775016604
5.38369857747019
16.9189081122645
3.77826710006641
9.24032714690155
14.5677735835867
1.77396514161219
2.15155884100521
0.481458180420121
0.54407978283411
2.70134738387334
3.63846073188633
1.14175200680391
1.61470238719374
4.45848333391585
1.34900096699405
1.40138117041231
1.09048967180455
4.93463481411578
6.28662635583051
7.48479244579589
1.70913285100136
2.82041872007271
2.59159938485198
9.71391830647884
3.80348106206238
1.40101639229667
1.83146342315893
18.6909463726073
8.05767886477229
3.42059580813907
2.02253212633835
46.3473809607028
85.3453217294048
1.43745121340277
0.543559703144477
3.64806950706605
1.85476448452227
0.191068703179432
44.0390059767222
76.1356326820679
20.9709552270106
1.04522444747358
7.80469050365244
2.02697097852807
0.589170132699537
0.655924877378163
27.0709195763867
1.05466137732574
14.5994518425314
1.40627439329861
1.89583260517516
4.20706196917269
7.84295958430905
46.59477124183
4.60236226160103
3.38331410995771
107.41206761968
69.6793162303543
1.42521221441637
3.71418918131721
1.70097747952419
2.41384595668333
5.88823354653805
1.23582712942575
0.951456432840528
3.0187078396421
3.5567322591544
1.03456712453252
2.152956904687
3.42945953188168
7.01984959164889
1.10330525555439
1.61824706115364
1.81497500961168
3.72496592219777
1.09846737268883
0.992625214078497
2.01321170179301
6.93353593606189
8.67084920718137
2.26835832372164
12.6709394987942
94.7013818694442
19.4853041371034
5.49322521640861
2.32295550662332
2.05398855917887
4.86875677187097
9.13651206412452
1.39415784138968
5.22587070241048
10.5542157445272
1.5192292008901
2.40193165798702
2.47998730092155
2.93127351950881
2.66913657917118
1.70097747952419
25.2303892442301
7.47806496335908
2.24971747463097
2.25280195262894
2.52000978644578
0.86557326436219
2.24971747463097
14.4233569839106
17.3639509279648
7.81790034136054
3.36816842007153
2.86982617408223
0.940363729567883
0.683886151014179
1.42136474316405
0.842042105017884
1.010101010101
0.410217981429053
1.8626285927324
0.61864317919681
0.618643179196809
1.3269954446425
0.311069169200655
0.940020155418077
0.410503535936058
1.96078431372549
1.05256672841448
4.13360828585742
14.2145212214416
6.72002609718873
1.83932753136905
5.18157305465264
16.6882201484278
8.03420595808139
3.15496370859693
2.5013689373551
1.38576945929887
4.79419337550826
13.2105367399485
6.18293663276362
1.69714154229725
2.80544778814674
1.47728729043608
32.3216565889576
1.3269954446425
2.88933160905479
1.19767455407594
15.0385050039029
3.68392984050423
1.14175200680391
7.34303822539117
1.61709365861615
4.97063775004952
1.57515174816213
8.52716507636924
9.22179989048501
2.64879754872834
1.19767455407594
4.60385574312911
