1.77349550872042
1.42363147041347
5.30011767035988
1.04854776135053
37.4217695991053
2.08194983281488
0.758449547376882
1.13126652919041
14.1386273344751
1.36594025607868
0.786410821012897
2.73007165076369
1.04382044202113
2.08989829086715
2.06725664954038
12.0387524611746
5.71447159018094
4.29089045006
5.31780737012571
1.1874774270968
0.946023091351805
2.8315314622581
6.77944380366525
3.538557431291
1.11260517516573
2.24395046194354
3.19353675159904
1.33136439364814
0.358836344995512
1.42602495543672
7.9889813941025
0.701184858970329
2.07559143919006
1.24992718418324
1.32553621567462
1.26175247282514
1.32868477159135
4.81318653664675
0.479261356354782
4.71030955460021
2.64117530553517
1.73544953572636
2.98801440005592
0.624468444537644
0.612876166509381
1.70563769179687
0.366991716472687
4.76623210187224
0.740350564468218
1.3840830449827
1.75100765439866
10.7126629617979
0.973984364987827
1.02412953060012
22.592645136486
3.58647082124592
1.8735771789405
2.34644297647757
1.30612701408549
0.741495112602383
0.834177996807755
5.9312851700395
0.264467046473965
0.708352265445692
1.01942143464635
0.98796500180583
0.670193864830538
1.50383407314203
6.34254890310254
4.12529959339647
5.78351496510667
8.19432339543067
3.68418615217922
2.86486549462329
5.71628907296728
1.55068563373062
1.74693404634581
39.6624611746064
2.60039844814931
2.19379492735894
7.67420456001771
5.01904861766454
8.09362366455792
6.22202125056798
0.66641035499167
1.59728775645731
5.80079922640476
2.42511330141088
4.95614553842928
2.43927440494914
1.71699125045145
1.39404133608286
1.98406487015484
1.9141821909988
0.540584623629603
5.66099285822469
0.28893316090548
1.84544405997693
0.540584623629605
0.478836811016738
1.21165519089395
2.83690422098727
1.43884053918656
2.77166124916989
1.61144023860287
1.53909044306968
3.12700243496091
2.6383711393054
3.47470961052276
7.27984574697377
5.22014609765473
1.46680181282257
2.1669987067911
0.627963603742153
3.33769936970629
5.03171635618002
1.56117111134412
1.3735975673692
1.94330851770298
14.7728729043608
40.4466445306584
4.51661062761409
4.11019351531462
2.19222210571691
3.19160171495811
30.8447799797281
5.33145468526092
6.49983106730511
7.04208591101325
11.2649242132979
6.74210094019782
9.50217282397214
1.85476448452227
3.956520219496
1.07625551943891
2.66913657917118
9.2516252490301
0.95516584530425
2.39720340661517
31.3529295259398
4.24664453065837
1.43283760325282
14.4233569839106
0.478836811016743
1.85825964372677
0.504307667214243
3.91152866613074
2.13437722088241
0.795731245558235
1.97010473827083
1.24311162373446
2.02719233861102
8.13841704239628
1.16517236960144
4.47729894096676
4.56589831416821
0.91440634720912
0.391457830904198
2.94111530530215
6.52284086540142
2.7821467267834
0.936702666806471
3.61807509932077
103.572052707001
27.0586389850058
1.10715272680671
1.31417986089267
6.37422378339333
4.6823482809642
3.30088427527874
7.04973611548006
7.32601901366607
1.26757773816597
0.406303403120011
6.61706150315147
32.2185658196731
2.81010800041941
4.12667330746915
1.0132028473897
3.03263313643937
4.58098866403365
2.29592627544185
2.08194983281489
0.556502044668139
3.72234455279438
5.79147880185943
2.07262940826955
7.13944520172894
29.8699101744084
1.50496056295366
4.09142171425908
0.982139736464997
1.35495671827852
2.27418358906248
2.30226416413268
2.55729148462712
1.66369578134283
0.646604452832829
1.69049200191069
1.29952628942248
1.86874512134028
1.99923106497501
0.674565726468843
1.5192292008901
1.60777323407081
2.44244334929456
1.13243158225857
1.67148893782112
2.305640021903
1.91068703179429
0.971782414688984
0.898002400009312
1.06539722484359
0.814372094648912
3.84351007188376
2.7912476553307
10.1334539163259
7.85470052310882
5.84740134913145
1.70942120163574
1.55068563373062
0.987670825906121
2.10891195693963
2.40000932042455
1.38005475749421
0.70959001782531
2.60826255635945
1.85825964372677
1.80233709645474
5.98471729987301
1.85825964372677
0.6562161406452
1.13819568231333
2.44544639008307
2.71573870189787
3.6690317243951
0.866799482716431
2.49204851280976
2.21826104179046
4.02991856279054
0.834177996807755
3.64894620949983
0.478836811016741
1.24311162373446
3.64778115643168
2.93942889098599
0.96000372816982
2.55141623850966
0.554565260447616
9.20078524576795
0.750294175899707
1.61709365861615
8.71415702585254
1.7755408758869
51.0945673575431
3.72478230983421
2.76962240630061
2.13949972621253
4.72085037223446
4.69749397085037
2.5759323337178
11.8124730581478
6.10837323640093
2.30583575081845
0.292428320109984
4.33749257278669
6.18876189810446
3.36816842007153
5.21816783754498
5.03652441368704
5.79421714259083
7.48896112217912
1.53320983770811
1.77437582281873
1.59728775645731
2.66564141996668
3.5650623885918
5.04584483823238
0.171262801020587
0.58190020155418
1.89925786119559
3.98331644006384
3.08572227464962
2.01519508813627
4.48550965246467
2.89282676825929
4.85814080831382
1.96660957906633
5.42042105017879
32.0669206482355
4.33749257278669
4.11820861440239
2.07262940826955
50.2131435461886
3.39315880838371
2.7075833304207
1.46330665361807
3.05127398553003
11.78567683758
2.55729148462712
0.736313539081706
1.90486176645346
32.0625195437652
2.815147903487
1.61563442964827
1.03806228373703
2.6970978528072
3.92739389279182
8.34616988803841
7.13944520172894
5.76736499947572
3.32273135041301
1.5192292008901
8.78916034625376
6.58371488821316
1.16331713909568
22.4097957661971
0.991460161010338
1.12194610464507
1.34873813102187
2.967390164622
4.52388055875946
9.31459927999721
5.38008586441114
0.610560507031096
0.549602134377218
18.015270933091
7.59206831871191
1.80222105716915
1.43884053918656
4.02991856279054
2.69577248843685
1.77815933265761
1.9141821909988
2.34408677315251
0.655924877378166
3.03263313643937
0.422287931215266
1.64840049864271
2.53090023650577
6.18252839816852
1.15688965782391
1.90136660724896
0.76427481271772
4.51458063914812
0.823692519194246
3.54276606899445
1.77785047708923
5.3192855894586
1.70818030361283
1.7910477322242
9.79926135635478
70.2946419209396
0.758449547376883
1.99923106497501
5.90332389640348
2.14095685808489
0.876119907261778
0.292428320109979
3.0773100089709
0.851653792830266
2.14835785770042
3.13515780643809
62.315007048571
2.86787412766652
2.21826104179046
2.94874931553132
3.42612981021285
1.97010473827083
0.946023091351808
1.37942283271003
15.503649528736
3.67574243006769
12.8190789090443
3.1107209348386
1.87257581582841
2.11159752076707
2.44544639008307
1.1277713699859
2.66564141996668
3.0654264676756
2.75302040007922
1.32699544464251
0.363382848088731
6.33206342548904
3.67586173150188
0.348350867382007
3.05127398553004
2.1844745028136
1.28163107429543
62.4049025433109
10.8435100718836
2.89282676825929
4.51458063914811
2.14835785770042
63.9546356296529
1.69049200191068
2.3309981009635
4.26718115410157
2.1886326937192
2.83252490300932
6.47303484673726
2.05398855917886
1.964831591579
2.54797106008178
21.0268777742826
55.021190451225
2.15651322917759
2.56777696224063
4.17555019631144
1.11606258665082
3.78409236540725
2.45307457504689
35.8261922570573
0.846338704227976
6.23070380855848
2.2375934663824
2.58913005487399
27.1911735579556
1.46942318222595
2.24622231542647
0.466688919180271
4.76896112217912
3.73380995654352
4.15108408187993
1.56504561182762
11.7422860671304
46.886395675323
45.3205643517062
30.5185651206412
0.792236086353735
1.22908205468759
0.107184882271389
0.0873789801125455
1.93592487737816
0.54419908426829
0.862139270443766
0.0966994046578837
37.9914746076684
47.0996003867976
2.62025607866439
6.20379387881118
0.918061817715793
6.49051064275977
0.432234688290049
2.23678818170168
4.00189612386845
1.2087028299139
2.5848420770566
5.4932252164086
3.84578611955773
11.4843776869036
27.5826313888597
11.5899479221279
3.20012710728973
6.30410215185302
1.43884053918656
2.98783393333566
2.94740717439681
3.54222921254062
3.92389873358731
0.685356914007429
2.42208416343364
1.71701746414549
7.45056609928582
12.5747789311803
2.31907017114629
6.55575361457714
3.51613528596228
6.11885871401443
3.59302366222782
2.0795060174991
0.488052380785945
5.12040823459508
7.9786860531497
12.7303572052707
4.21550126408256
1.42952011464122
1.24427667680263
0.320389593745999
32.2296203092051
0.617690631808281
2.21610278098168
46.6801816317733
0.683886151014176
0.652429718173662
1.24311162373446
33.6222664942388
17.9777591369287
2.65632099542135
2.21243577644961
2.33451283305954
4.08234595085806
3.3176312141018
21.0554709727028
1.31355352836322
5.12972865914042
2.10059068190556
1.323500285438
0.512623349993596
3.90291973949413
2.01670686099752
3.956520219496
4.06720026097188
4.95846585811984
2.17020260272855
1.27007374785922
4.89422762806845
61.5226631948085
36.4148986986357
2.40816469190171
3.4087849661552
7.41708014400054
3.42574813882772
1.94086318781821
6.69381519928232
4.32205270700081
1.80704519240851
50.7194867941237
0.943515314622577
1.323500285438
1.13029382638379
3.14447823098341
1.57864690736663
1.39439085200331
1.35146155907401
6.21104283900131
5.04234967902788
4.52506611676163
49.4362191697832
2.68777742826185
0.991460161010336
2.22175620099496
0.311069169200658
1.06374879125744
2.54797106008179
2.08194983281488
1.07184882271388
0.524842426572527
0.590681905560799
0.320389593745993
1.47745261146646
2.41748511644706
2.27767874826699
3.01894085025574
1.67301620588818
7.33866927638554
0.814660445283283
0.932042454533808
0.786582666340456
1.20006000023301
0.795731245558237
1.72893875316021
1.27606864492678
1.83338284808873
2.62853156711289
0.919165705497886
2.36156256917502
2.54518425314273
3.85865576176995
1.73359896543288
3.66642200552235
1.14990737828108
2.967390164622
1.40738410634604
6.08150990877635
2.41398995724255
2.37190404622931
1.26757773816597
0.973984364987824
1.25210816352686
3.05709925087087
1.02990691225985
1.8637208299838
6.69582876050007
2.94874931553132
1.54842822690573
2.35806740997052
1.67156781191383
33.820187573544
30.4533221488239
2.88933160905479
1.54223608635373
1.46572809991495
0.795731245558237
1.06969161045286
4.48312420630759
0.353182924982233
1.28155837498398
1.63107429543415
1.01942143464635
1.00194563862384
1.67756969929982
8.06641734531008
3.8959374599513
3.14150734565958
0.62446844453765
7.37711602763506
2.8589097433388
1.77113977141659
0.590681905560797
0.754954388172382
1.38291799191453
2.41398995724255
2.27767874826698
2.34408677315252
1.50420281243811
2.38253107779059
1.23029603998462
1.3900033786539
1.5937925972528
4.12312280824391
3.11295469108618
1.31486724220289
25.2989810445866
29.2123322032319
30.3814877727681
5.50842915894819
3.01981755268953
4.25011359267414
1.00761059266249
1.66369578134284
1.50239127142242
1.80233709645474
2.00974263977724
2.21039693358031
1.69049200191069
1.77893118031526
0.80266039868116
0.679904465648412
0.898255915556955
0.517283562266257
2.96737851409131
3.57415912294806
1.40511225286311
0.307574009996157
0.659708387217039
1.90561905094778
2.76350587769272
1.03806228373702
1.43884053918656
2.55729148462712
2.02253212633836
3.10317418708421
13.840830449827
8.87304416716182
1.60311302179814
3.50535341884823
0.823692519194253
2.11107615951907
3.07917409387999
1.4015588410052
8.97383651975347
2.138996772803
3.7002085444992
2.15835680915265
2.38602868360654
9.07449058054595
2.86690433749258
13.9934524017569
0.842079852737296
1.76234828096421
4.56764589377046
3.82865459671688
0.739703843510072
4.93337341115888
1.19767455407594
2.92760360234409
7.82722542611815
0.861335383826742
3.09909650134563
10.2058648771452
1.36138408304502
5.28956228956229
2.51214276560298
6.26804375939324
9.69644542308902
0.907576340102291
2.05398855917887
1.15822865331517
28.5103019817553
1.59396444258036
2.97321542996283
1.61435287127328
1.38425489031026
4.23147274358346
15.7234723241644
0.680390991809676
1.29903417100649
0.811514801999233
2.24622231542647
0.279612736360139
1.9106870317943
1.09398483100905
3.3588479955262
1.67852644087939
2.2840385399555
1.50524856407209
11.0940081320704
0.143301527384573
3.51846026586511
2.86137033541877
2.19029976815444
14.9686018198129
7.89014423356983
3.35884799552619
10.5722158144303
2.93936772569991
4.87924224948447
0.711847424650191
0.359054792445793
1.69245802896322
2.01321170179302
4.94448522130183
2.26020295224448
2.79550103107197
2.10539536075869
2.61321403189916
8.27963883354887
4.91100439225005
0.442720165903558
4.53322148823878
3.74681066722589
27.4614658697704
0.680390991809678
1.59728775645731
1.3192855894586
3.88217771719502
0.996286276839913
1.16039285589459
0.738698985238778
6.19225705730897
1.21998240769867
0.927787098202324
6.17846282898181
2.79629920892897
3.03393053953607
34.2280940896858
9.07226824181842
3.94603474188249
1.28372816981814
3.63496557268184
3.86344121724744
2.24971747463097
1.28971374646115
3.98181352160591
3.8959374599513
2.81507392261718
1.62821106101384
2.58175759905864
2.80309391492782
3.70087029464193
2.5118544149686
1.3592068318712
1.9141821909988
4.18021040858411
3.19690561905095
16.7056959444503
32.5783789451609
3.25632332552748
2.04760534992369
1.60660818100264
1.12194610464507
1.7289387531602
2.1099111064509
1.28971374646115
0.882606922745327
1.51566274043782
0.908741393170456
1.70557652651077
2.77748651451074
3.28813207041581
9.42549182715273
7.54488366945114
3.81554879824776
2.39068889587921
0.946023091351813
0.255146621928627
2.39670744352404
1.24311162373446
0.460195961926068
0.663203546421537
1.72223678538557
1.42783498188342
2.60523050574954
11.9367259678678
40.4335278971957
6.74750084466349
2.38952384281104
7.64790045786585
1.323500285438
8.72479116423752
45.9925523982624
2.80384281104005
50.2703277294281
1.23473384362658
6.70604546037072
2.09243531042839
1.03805063320634
0.666410354991671
49.3831044004054
32.0948819218715
33.6254149336502
3.40214882387894
1.87690049281745
4.59945184253142
0.881980590215881
4.10012745680566
4.83264012675778
52.2165134621882
13.4726736802862
3.91457830904197
1.74620763575781
2.79257103911083
3.49914648212227
2.24622231542647
0.460195961926062
2.1320732119348
1.1883541295306
0.567136649074366
2.09447124066501
0.694659979262057
1.03806228373702
4.2302284669067
6.5184719163958
1.97126979133899
1.72327939137628
9.29331888667529
2.27804818659489
2.11809257511679
1.52097957661971
4.21295434157025
4.93001805832255
2.16233849451842
0.152621951929913
3.08605536332181
1.28010205864877
36.660724896019
1.66253072827467
2.16583365372292
64.0590565400254
25.5659584309065
37.6393694732795
4.64541365209185
3.3459187025969
4.59060221593093
1.44478510596158
2.92384921883191
1.80649994757261
2.33476634860718
19.2513368983957
60.9473163002575
3.67284144792796
0.40427341465404
0.823692519194252
0.991460161010336
1.5227243600946
30.3193410459846
1.84573241061131
4.48350214952291
1.29553901180199
5.43555788566168
0.27109328579917
2.32078571178917
3.64012442766771
4.09516153460791
47.7967564922584
70.7117849778057
5.54802127386902
28.8011165868605
5.4911076159519
1.07737397038435
1.02990691225985
2.55014784523435
0.964663940442489
0.41475889226754
0.734335744993186
0.89010054407978
8.76119907261776
24.343390537439
0.831258839840149
1.81607481970803
31.6772458145468
0.770126175247284
2.22175620099495
0.431590996469886
9.01520673866696
1.57520708818286
8.07718942597836
4.83264012675777
10.7604301375928
1.48238742674728
3.9739960155185
9.21032982652359
3.87147134551979
3.07923525916606
8.96158820034252
0.355184952174569
1.63456945463866
1.20582992555311
29.4001141752007
1.44975662041407
8.03004671862804
1.20445795906003
3.72234455279438
1.99226684375474
6.0489555299244
2.21745715517342
3.82603427586126
0.364134423823003
0.973984364987826
1.03299139025783
0.696367481038762
3.06175946314354
1.23897277270979
0.751048547761349
53.269554949728
3.14564328405159
4.82418463761024
4.88528002050494
5.51769133084012
0.99146016101033
7.93634150035534
1.27223795043864
19.4004636911211
0.806216723171744
19.0386535481691
24.8988412382184
5.79147880185942
34.4890659769553
53.392052007969
27.1259305861382
4.27807486631016
0.680390991809676
1.29903417100649
1.77178416226859
1.9141821909988
25.0951028159333
51.0106835366351
28.0125359710135
0.635048990481514
1.5192292008901
6.02661726841656
2.13676266703949
3.61997087367328
61.4084820523575
2.74009110714993
3.14564328405158
1.86874512134028
24.5601410879266
6.87557046823483
4.19925611361598
6.55575361457714
5.71342024629222
8.17978353313994
43.0137592767351
30.1916046275908
7.96442801719618
1.51340393554926
2.77164959863922
1.57864690736663
1.323500285438
1.6686617035406
1.00523388440344
1.323500285438
0.813801218645508
1.09763785490429
2.5544282502068
11.7285892372398
14.9599192618224
0.540584623629606
0.833551664278303
1.54136520918528
1.28075448836696
1.65631214101803
1.17871436393928
0.638449081355657
1.41689093938227
1.40155884100521
8.04817016765114
3.87594514930155
20.5643517062202
21.036198198828
4.17904535551594
4.29812263348597
2.60389360735382
3.36496161150139
7.64404028753512
2.89408257896148
8.42909778290402
6.0626453694966
1.46330665361807
1.81748278634092
3.33595179010403
1.23029603998462
2.75985040718604
3.01981755268952
5.03652441368704
2.08654293803083
1.51535877809234
10.031928978365
2.05049339997437
1.50524856407209
1.9141821909988
11.7012658301585
27.0388573159507
0.906003518460261
1.60919739494134
3.51397189892
0.475341651812237
0.516118509198095
2.00855148952035
0.544079782834107
1.47728729043608
0.627319911921988
3.04694930854101
1.00660585089651
0.89010054407978
0.695126000489325
1.05839245977654
1.57778896228723
1.05786818589586
1.5192292008901
1.3840830449827
21.0247763680636
1.11303053604092
29.2015220253282
13.8650053009915
10.4109142171426
3.90047976885347
25.9496318432304
6.32856826628453
1.38255391283073
1.01641839385784
7.17880488856272
40.3329721668822
2.31221965910548
1.83029837009076
2.74340871226685
2.54895844255705
34.0919314249772
9.0408118089779
2.20894061724512
5.37788496266005
47.1275616604337
2.26354653804481
1.12165484137802
18.76550976897
2.35866158703527
34.6684487318397
9.91110645089884
5.29400114175201
34.4949494949495
4.7569116773269
12.4811669171531
4.36702620204349
