6.31458762946652
10.1813987627136
1.44000559225472
6.05476343597451
1.26757773816597
6.24817960458098
8.61207227989235
8.78630025747673
0.848476809618677
7.05937296843877
4.1056470122214
12.3437372572321
10.6485850430487
2.95182086144023
8.86721890182097
3.38545407943332
11.8622236202859
6.83536635093729
9.18411333636247
0.0652429718173658
2.64234035860334
5.45157736534899
1.12194610464507
4.49710484312559
8.76336886745191
7.18954248366012
0.143301527384572
10.2373213099857
10.4015937925973
9.55268952500785
10.4050889518018
0.5803623315042
7.92511970920275
7.72663194808524
3.82708328964384
2.36361259655377
5.12614542192399
0.264467046473965
7.79653513217527
7.91653559819649
7.58967949390094
0.983636946162891
1.94403679237589
6.63031701093984
6.12094497454361
6.02448941549288
6.10565295399206
0.059417706476532
9.33736663055002
4.7569116773269
1.50653699626018
2.47340766371908
0.0407768573858536
3.30642573369218
4.58098866403365
0.107184882271387
2.55729148462712
0.163107429543415
0.0407768573858536
4.01127771369986
6.61643552013793
9.20275418545314
1.67478895063669
2.7746232800904
0.596507170901638
2.1099111064509
9.04947001735927
1.54002306805075
4.99039949669709
0.428998636887916
3.61049945825033
0.0407768573858536
0.824857572262419
5.07248074749806
0.223690189088114
0.330875071359503
0.884094812018688
0.0687381310218675
0.898255915556955
3.6697366980066
8.9336269267065
5.78378141274335
7.7208066827444
7.69867067444922
5.93711043538033
5.38138012186455
7.09452960982372
6.32933440518217
7.0555613808209
1.56117111134413
7.16158121002412
2.60364323744946
4.38772779700115
7.37711602763506
6.21998765043747
13.3049060384701
4.26225391166567
2.96158109351882
3.8327449815339
4.61430673517178
7.10798073002224
5.38138012186455
11.8229585357613
5.37404308366246
0.0314564328405157
1.34214113452868
11.3239256463132
0.0314564328405157
12.7368056574977
10.6743541528317
2.41019782601097
0.88078011953445
6.44440063844907
5.70493994151433
4.33614623746112
6.17064054617688
2.77748651451074
3.81554879824776
13.6250741556278
3.54467675602624
10.3044376871367
1.35495671827852
4.03923898733587
8.22410960819265
0.236505772837951
5.41050644856872
0.180583225565927
6.38798597276105
1.7077608845083
2.9324646697657
9.99499027180689
8.20558806053618
1.59818845898431
3.81205363904327
11.0279286521501
6.47303484673726
3.76855649924854
5.01541877832536
5.21011732084397
0.121165519089394
6.59420036582666
3.36816842007153
3.98154369531533
3.7008870714061
6.03497489310638
5.35106590705206
0.0233010613633449
9.13939347337271
12.5581070217748
2.71224354269337
12.0746826977969
10.2665948993977
5.18565120641245
8.59230645555905
4.20700662915194
10.3864481027111
1.27856127596612
8.94294735125185
3.07107988768889
8.56547015716566
4.45865809187609
1.14516514627241
8.55614973262032
2.72505912644321
0.0512623349993589
0.926217189192969
1.86098866403364
2.7716612491699
0.0407768573858536
2.83806927405543
0.311069169200655
8.77517970943577
0
2.91999813591508
7.22332902263699
0.908741393170461
6.04895552992439
4.60602845059592
11.6769168035604
0.669749280579732
0.374539396269497
2.71573870189786
3.44769773863199
4.7569116773269
0.581340976081458
2.08194983281488
6.63915976372727
3.75613109177123
0.0687381310218676
4.59769832115854
4.06370510176739
4.22215231903813
4.52506611676162
4.50085479943609
4.65822049794368
0.330875071359498
5.39186559947805
4.23147274358347
8.98838442091037
9.49168734635862
0.0211368587839185
3.07738934908485
4.02171880279147
5.07380611186841
9.50217282397213
5.68941211422181
10.0512292474922
9.83314622581059
8.67790942877447
6.60818100264468
5.49322521640861
13.7977234863048
2.3161254995165
3.9105298661354
7.33061829366328
10.8897510281593
0.376312141018026
5.04584483823238
2.5118544149686
2.33360129553901
9.43226963988211
0.260971887269463
4.74671175422041
0.0838838209080418
7.10565866275208
0.638449081355657
2.06447403679237
1.24570957557117
5.80196427947292
3.44855708177507
8.91013759276735
7.35613528596227
8.3184789067142
3.41127538359373
5.46526394277258
12.4353775354467
1.7755408758869
0.978644577260492
10.3270303962345
0.236505772837956
5.74604173220089
5.23807859447997
5.53633217993079
4.08799925436602
5.53603147973389
4.93399974368832
0.961966959094983
1.19599687765777
0.0407768573858536
0.0233010613633449
2.4806630317011
3.71884939358989
0.0652429718173658
0.0284239162093834
0.0372816981813519
8.80314098307178
7.42599979029046
0.0128155837498397
0.196602705253223
0.923488168886076
11.9709202754185
0.0279612736360147
5.08895180175458
0.627963603742153
2.26027565155593
4.93399974368832
10.274603008167
4.69749397085038
0.0407768573858537
5.99652814185686
3.78758752461174
12.0590411613249
4.16472114454814
4.82093973180478
0.442720165903561
7.23097689699768
7.24218552305059
9.92974729998952
0.862139270443769
10.274603008167
4.62405182156046
4.48778441858026
2.18447450281361
3.30292544825416
7.65160381205364
5.53167196765813
1.68762876749036
8.6163423158925
0.208896811249755
0.0792236086353749
0.0128155837498404
0.11501998066012
7.97760709750328
0.037281698181354
0.124660678293899
0.0652429718173684
1.85973040672003
0.107184882271387
2.94763680635654
9.67740193165797
0.473852247969895
1.91900830682837
0.600002330106136
0.534759358288766
6.43760744701922
10.4214723940675
7.07532580709052
16.3919499493202
0.0314564328405157
1.10960248389314
4.07985553341955
9.43593850849904
5.77335989654329
0.610487807719642
0.0512623349993589
0.665813847820767
0.0687381310218675
0.758449547376885
0.681264781610806
1.90806752647582
0.199224074656601
0.0407768573858536
3.52601575151748
0.0652429718173658
6.47185243437839
0.348350867382007
2.40000932042454
11.981405753032
5.72950671653095
3.45321729404775
5.02314774037958
2.45586476063985
5.34594340172194
2.27767874826698
8.73096955716333
1.1312665291904
0.163107429543416
0.488157235562082
3.56389733552364
3.14271806880804
1.22794542891429
0.120091806181771
1.48896706394976
0.876119907261776
7.70216583365372
2.21826104179045
8.22103340207146
0.107184882271387
0.180583225565923
0.219029976815442
11.8945841343073
0.0652429718173669
0.0372816981813519
9.37634709261007
0.823692519194248
0.124660678293895
4.1833122458728
0.0966994046578815
3.47238008691296
7.45167942399776
1.10330525555439
0.0407768573858545
7.65780993324247
0.0233010613633449
0.0419419104540209
2.05379469434835
0.205049339997438
7.28274672911351
0.596350005242739
2.85101487772767
0.907576340102291
1.11162653058847
0.124660678293898
0.037281698181354
5.91264432094883
4.5355478662053
4.17904535551595
10.2040259573824
0.806216723171742
4.2131463423159
4.18443209488192
0.202372514068015
1.47950322137173
8.62488786364219
0.376312141018021
0.0792236086353728
2.85555439050249
7.67616779094286
1.48055538079759
0.932042454533802
0.121008353430498
0.0838838209080418
1.32145212214415
4.5437069658523
2.81110190719187
0.0512623349993609
4.76623210187224
0.0687381310218676
1.8337994710659
5.25084990621324
1.9141821909988
3.06059441007538
0.469126210198868
4.45516293267158
1.985250428157
0.0594177064765306
0.180583225565926
6.96585229457201
3.97425279321474
6.34485850430489
8.47625318933278
6.52687276455441
3.8373114070346
0.0932042454533797
0.135146155907402
0.857316416762781
1.16971328043993
8.56896531637017
3.11302179814291
0.0966994046578815
2.23224167860846
4.55302739039764
0.0594177064765296
2.79489520347651
1.927819253667
0.137455757109735
0.111845094544056
4.67885312175969
0.0407768573858536
0.0687381310218676
0.936702666806471
12.2701152237485
0.180583225565923
0.180583225565923
0.0687381310218676
1.74291938997822
0.152621951929909
0.227185348292613
0.111845094544056
2.89399182132746
3.33088672189017
0.13980636818007
4.93399974368833
0.163107429543415
2.84738969860077
4.19504106812067
4.64506658278285
1.07534398191837
4.48505108757702
1.80169060850722
0.0932042454533827
0.059417706476532
0.0559225472720278
4.6077643796675
0.0407768573858536
0.0559225472720278
1.97010473827083
0.260971887269463
1.35612177134668
0.15262195192991
0.898255915556952
0.208544499201942
0.0512623349993589
0.0512623349993589
8.14605105262544
0.20854449920194
0.0932042454533797
0.726993114536367
3.42409096734355
0.149126792725408
0.226235946547367
6.97167755991285
5.29232381484978
1.92466766861231
2.53403935549264
5.34314587629468
6.19225705730896
4.19969941630842
2.2923379119919
1.82097794554542
3.80751272820476
0.27381729637785
2.57593233371779
0.143301527384574
0.27745925226894
0.830160427807489
0.67456572646884
12.3563677140494
0.190442370649983
9.0408118089779
0.152621951929913
0.713012477718363
0.534759358288774
2.46365663555979
0.283107895564643
0.34101382917992
0.0687381310218676
5.94060559458483
0.195728915452098
6.58391655889926
1.17786865191709
2.60971887269465
0.680390991809677
0.38679761863153
3.51201938648305
0.376312141018027
0.726066198315328
0.517283562266263
0.0372816981813519
0.152621951929909
1.5937925972528
0.0838838209080418
4.43723730965945
0.195728915452099
0.377477194086193
1.67767641816085
2.44544639008307
2.61878578169236
0.0407768573858536
1.28155837498398
4.2850912819079
1.10330525555439
0.152621951929909
11.8500785245768
3.65518110749944
0.0931371383966535
3.39612969370754
2.93593373178148
1.6130951964862
0.288933160905477
1.44083464401802
0.666410354991671
1.37359756736919
0.219029976815442
0.398057973040668
4.93399974368833
4.41788123449023
9.07427446320179
5.1092684631785
4.90720352312048
3.09934454114385
0.404273414654034
4.03120291729288
7.19886290820548
4.98060186641502
7.59148579217783
5.67120466487249
8.02273204944486
0.153777218552303
8.96994151433598
2.1099111064509
4.6823482809642
2.22175620099495
3.63791828317779
1.2302289329279
4.11380238369858
2.67079375065534
0.0512623349993608
0.0889895494739782
2.83806927405544
0.848158633625761
2.00009600037282
2.14835785770042
2.09243531042839
3.81178521081636
2.40751039809863
5.18215604720795
0.237670825906122
2.4978737781506
3.70869945126002
0.964669882213132
3.41477054279822
1.35612177134669
3.59185860915965
6.96548879801475
8.14605105262545
0.163107429543415
0.730488273740869
1.21515035009845
3.61234303822539
0.143301527384571
8.34177996807754
2.56489881514104
2.37204804678854
0.568545897265622
0.246991250451458
7.98177857001387
7.81005906819055
0.219029976815442
4.86444887164611
2.89399182132746
0.167767641816085
0.302913797723487
2.02470192117251
2.43587244999009
7.67420456001772
5.8567217736768
8.93246187363835
2.21243577644962
9.81247899991846
3.04311861405287
7.33866927638554
4.37477427096805
12.3151496510666
1.30291146761735
0.419419104540209
0.364501299034168
3.63846073188633
3.45209697901739
0.823692519194251
3.50797478825161
4.90603847005231
1.73709412463738
0.171262801020585
0.177088066361421
0.107184882271387
0.143301527384571
0.316894434541491
0.209709552270104
8.19813172089988
5.05633031584589
3.31341092586767
6.72002609718874
6.56009320424545
0.470681439539574
6.41594724639708
1.61709365861616
6.91977211561986
1.76999149511261
0.50679808465276
2.09027110784897
5.42798224459124
10.0101359616931
0.989715377535443
5.10293243857259
2.58525275826314
7.18138711218296
0.934911281208863
1.5401128936423
7.51692239581513
5.8811878881083
3.16894434541494
5.48973005720411
7.15342583854695
0.23767082590612
7.92590775109801
5.20744049491454
0.348350867382009
2.93942889098598
0.148938520149596
8.47137674321065
1.32816049771067
0.344855708177509
0.778255449535728
1.46680181282257
1.24311162373446
4.44409772465135
0.0932042454533797
0.0873789801125435
1.98059021588433
1.05786818589586
8.0621672317174
7.70333088672189
1.97010473827083
2.01575431360899
1.69732200901751
5.52118649004461
9.71998135915091
2.5926115829576
3.56389733552363
3.46932426922046
10.1779870213088
2.10257406824882
1.37681905560798
3.54053988559177
8.3079934291007
0.436827793505998
1.06786713734811
3.15168105507206
6.08041196276491
0.366991716472684
1.71153565644915
2.80705835750819
1.01942143464635
0.199224074656599
1.67767641816085
1.37710204699825
3.542447310475
4.43596099402329
2.01536471986299
2.61750888352968
1.80233709645474
4.14882667505505
1.08582945953188
0.375245418428806
4.40273554460405
5.51501450491069
7.0590565400254
0.233010613633453
0.30291379772349
1.323500285438
6.17381007304883
2.05448067759487
0.121165519089394
0.181748278634092
4.89671804550698
0.0932042454533797
8.13397737466942
5.40584623629606
3.44513462188203
2.98719606678084
2.72546118625703
10.5926624957767
1.88622685913343
1.41087926555054
5.06099052811856
0.991373830577982
0.991460161010337
5.32196241538802
3.96584064404133
4.59631889832582
4.68234828096419
0.21398716111519
3.28992159192852
0.264467046473969
6.47186979366909
5.31965840644042
8.54100404273414
3.64213857141193
9.03618142206385
3.93787937040532
7.17251220393089
1.94214346463482
0.26446704647397
1.79884193725024
9.9043752402922
0.288933160905479
0.544079782834108
0.377477194086192
5.51947153192829
6.41711229946524
3.17243950461944
1.51549124462619
12.5057057308961
3.24700290098215
3.35884799552619
3.68622790768119
0.754954388172376
4.29089045006
5.0432798573975
1.21515035009844
4.65438700732818
0.233010613633454
2.50136893735509
2.26835832372164
5.21361248004846
0.935537613738308
0.208544499201939
2.13389069472115
7.29344785804993
8.66799482716437
1.27406137499563
2.08194983281489
8.80642689874523
3.90888912189951
2.21635408292846
5.73097188726946
18.8598790674915
4.18953083312945
2.37438747334941
2.86486549462328
0.758449547376884
0.943888714130928
15.0839420735615
6.81199818251721
16.9665805692449
0.246991250451456
3.11880279146716
11.1100653594771
8.89497326203208
3.03378840306175
8.7070567264339
1.88112078105157
7.11497908729744
0.470681439539574
0.124660678293898
0.20504933999744
2.27418358906249
0.135146155907401
0.227185348292616
1.77437582281872
16.1305288175876
1.15922780282642
6.63031701093984
0.107184882271387
0.637825894469491
0.124660678293895
2.59958570712897
0.851653792830264
4.51458063914812
0.928584111006239
0.135146155907401
0.0966994046578815
0.205049339997435
11.7111134412172
1.79884193725024
0.107184882271387
0.149126792725408
3.59003133992752
0.205049339997439
0.125825731362065
1.10330525555439
0.260971887269468
3.308750713595
0.572041056470122
7.04274393298614
0.432234688290051
2.15804923514266
4.93683268672887
1.15922780282642
5.15930050213788
0.236505772837951
2.35806740997052
0.236505772837951
1.40155884100521
0.125825731362063
4.92467931914299
5.57051763307819
2.14358393624829
7.35912993836869
6.02237181503617
3.41865005300991
4.12312280824391
2.66564141996668
1.51848589703261
0.131863502382534
0.0932042454533819
0.149126792725411
4.37419454056132
6.13633451003694
0.124660678293899
0.645262311698303
0.246991250451461
0.180583225565927
0.111845094544059
0.236505772837955
3.98441438607529
3.34020714643552
0.125825731362063
0.265630235457225
0.0932042454533797
0.171262801020587
0.298372886885001
3.63076159519065
1.56310789556465
7.15819043957452
4.59286043829296
0.0594177064765296
4.05787983642655
0.163107429543415
0.541778919529785
0.0792236086353728
6.90643458809549
2.38985238777627
0.73048827374087
0.76427481271772
0.0559225472720278
0.498016380646141
1.13474118346091
1.26757773816598
4.90603847005231
0.0687381310218676
0.0699031840900348
2.52000978644576
4.42559668192888
0.13980636818007
5.52936795871052
1.63456945463866
2.48368937355096
0.233010613633449
1.43414304521571
0.992625214078502
0.163107429543415
0.83796150664663
0.180583225565923
0.559225472720282
0.143301527384571
9.97751447578437
0.320389593745993
7.79626146120956
0.135146155907401
0.935537613738303
0.283107895564641
0.264467046473968
1.09981009634989
0.963498887374317
0.255146621928629
0.233010613633454
0.208544499201942
5.74487667913272
0.135146155907404
0.320389593745998
0.316894434541496
3.61455896916106
0.488157235562082
5.37205969731921
9.32121491733948
9.99149511260238
2.72505912644321
0.121165519089395
6.97517271911737
7.66998427178358
0.918061817715796
1.35495671827851
0.95068330362448
8.58411100625633
0.0687381310218676
4.76204490114521
0.143301527384571
0.0625226894085016
0.516118509198096
0.175533769063186
1.74291938997821
4.02176319131336
1.93864830543031
0.834177996807756
3.94253958267798
0.152621951929912
1.96892663660831
1.5693264828213
0.0792236086353746
0.096699404657884
4.70914683163818
2.94874931553133
0.143301527384575
1.56932648282129
1.2089317628418
0.734568755606823
0.125825731362063
0.0652429718173658
1.49541772977759
0.199224074656602
0.0966994046578815
4.43186187130824
6.91285449652232
0.135146155907401
0.121165519089394
14.3196672608437
1.79884193725024
0.115340253748557
2.1343772208824
1.94617408222944
0.274952524087472
3.36816842007153
3.02331271189402
0.180583225565923
4.43454428949238
0.562720631924784
3.15851059615765
2.47340766371907
1.40862185872567
0.460195961926068
1.09981009634989
6.00550091456667
0.0978644577260499
0.0687381310218676
0.0687381310218687
7.70216583365372
0.358836344995512
0.152621951929912
0.199224074656601
4.57770601050879
0.0407768573858536
3.81958582363427
9.70376382044203
8.42915894819009
3.01515734041686
0.0966994046578815
3.84351007188378
7.60546642899584
2.86966784337025
0.0512623349993589
0.0966994046578815
2.00239022287464
0.0966994046578815
1.40974030967111
3.73548448731839
1.67608215954236
0.77315531322452
4.59846446005616
0.037281698181354
2.1064159472464
0.0687381310218703
4.76623210187225
2.69247445621148
5.94060559458483
4.88975382428671
0.135146155907402
5.96856686822085
7.8384770426293
0.152621951929909
0.219029976815442
4.73477566903173
3.53244090268312
0.293593373178146
0.180583225565923
3.07716426083208
7.49616394626776
1.41087926555055
7.28274672911351
8.82989654328754
13.2911789171997
11.0320296389501
15.6431675462817
1.9591061712861
9.57858294595321
5.71691540549673
1.35495671827852
11.5449787377815
2.36373550965246
8.71821141052976
3.99380191767735
11.151887968497
4.71476285344797
0.674172404553025
1.30889646173382
0.181748278634093
0.236505772837956
0.0966994046578826
6.49983106730512
0.219029976815445
5.52118649004463
1.10111728589236
3.05367679097783
2.98629326715832
0.302913797723484
0.506798084652756
0.115340253748557
0.0825118544149684
6.2182856244102
4.64139654911281
0.157427912341407
0.512623349993592
6.31522269989397
0.236505772837952
3.81671385131593
0.0966994046578815
0.135146155907401
0.274952524087472
0.233010613633451
0.48815723556208
12.2760769168036
0.302913797723486
1.6823891743269
0.750294175899713
2.36156256917503
