0.219029976815442
0.327598359605281
0.0512623349993588
0.115340253748557
0.0314564328405157
0.694371628627686
0.293593373178151
0.0772685330816817
0.0407768573858536
1.27107289737048
0.0813033448673564
0.0419419104540209
0.118145701536706
0.0407768573858537
0.0372816981813519
0.0594177064765296
0.768935024990387
1.29553901180199
0.111845094544056
0.191068703179428
0.191068703179428
0.428739529085547
0.121165519089394
0.118445236680529
0.851653792830258
0.357627019910752
0.0559225472720294
0.0407768573858536
0.715561031304977
0.180583225565927
0.115340253748557
0.103454848368342
0.0652429718173658
0.0932042454533797
0.659689862873257
1.6944555124486
0.705228059138089
0.376312141018021
0.283107895564641
0.348350867382009
0.0512623349993598
0.107184882271389
0.320389593745999
0.238088380925753
0.563328789626375
0.348350867382009
0.265414351123695
0.0838838209080418
1.65321030372933
0.237670825906118
0.107184882271387
0.0407768573858536
0.0233010613633449
0.0652429718173658
0.0792236086353728
0.0512623349993589
0.0371245325224564
0.0419419104540209
0.0279612736360139
0.500303030303028
1.28398762713642
1.01942143464635
0.358836344995512
0.32155464681416
1.41570538138012
1.28621858725665
0.059417706476532
0.208544499201938
0.171262801020589
0.089222560087612
0.0652429718173669
0.0407768573858536
0.111845094544056
0.135146155907401
0.121165519089394
0.107184882271387
0.236505772837951
0.124660678293895
0.0873789801125435
0.0888761898104456
0.111845094544059
0.139806368180073
1.08813906073422
0.610487807719643
0.236505772837954
0.894274230191189
0.923977840690647
1.27107289737048
0.526603986811599
0.0966994046578815
0.124660678293895
0.0699031840900348
0.288933160905477
1.08881013130148
0.378205468759098
1.73466277538942
0.924641454918271
0.0372816981813519
0.0512623349993589
0.394952990108697
1.3269954446425
0.177088066361422
0.23207985273729
0.240829983805758
0.0233010613633449
0.152293872985913
1.48491267927254
0.0419419104540209
0.191068703179433
0.124660678293898
0.107184882271389
4.04272436009461
0.829679027879719
0.442720165903558
0.596507170901635
0.479805669148232
0.0687381310218676
0.0372816981813519
1.99806601190684
0.528466207635754
0.823692519194248
0.208544499201937
0.546614472289209
0.0652429718173684
0.096699404657884
0.0625661458879453
0.177088066361421
0.171262801020587
0.0966994046578815
0.17047569116773
1.53563908986054
0.0687381310218676
0.23424836601307
0.0807130124777177
0.9926252140785
0.0407768573858536
0.163107429543419
0.154895669497747
0.491417520068042
0.152621951929913
0.488157235562083
0.236505772837951
0.288933160905482
1.10449116307248
0.348350867382007
0.0419419104540209
0.0372816981813519
1.2273372712127
1.02990691225985
0.344855708177508
0.227185348292613
0.0314564328405157
0.820197359989742
0.0128155837498404
0.0966994046578832
1.56932648282129
0.062491582491583
0.107796651637481
0.0407768573858536
0.321554646814163
0.251651462724125
0.432234688290052
0.107184882271387
1.37032737991215
0.0233010613633449
0.0347739214521222
0.0792236086353728
0.260971887269465
0.0687381310218697
0.460445166777349
0.0407768573858536
0.0687381310218676
0.0372816981813519
0.0512623349993588
0.0652429718173658
0.0372816981813519
1.35495671827852
0.038154439434716
1.21165519089395
0.0792236086353754
0.0687381310218676
0.208544499201937
0.918061817715798
0.796896298626405
1.12194610464507
0.124660678293895
0.488157235562076
0.45670080272156
0.0792236086353754
0.153787004998079
0.189620658721008
0.208544499201937
0.0792236086353728
0.0966994046578815
0.926217189192968
0.0966994046578815
0.0406905269535024
0.0512623349993589
0.0372816981813519
0.124660678293895
0.0873789801125461
0.233010613633454
0.554565260447615
0.0512623349993603
0.0206894784057411
0.0687381310218676
0.180583225565923
0.0426591171227844
0.121210257127211
0.0233010613633449
0.374011277713697
0.730954760989348
0.0384759940815325
1.63456945463867
0.0687381310218687
1.1778686519171
0.0372816981813519
0.0932042454533797
0.233010613633449
0.302913797723484
0.158752927195835
0.180583225565928
1.89773397178241
0.152621951929913
1.34367714049375
0.283107895564641
0.152621951929909
1.67301620588818
0.666410354991669
0.107184882271387
0.311069169200655
1.37358673237565
1.17911712278494
0.125825731362066
0.456700802721567
2.66913657917118
1.04927603602344
1.74101557675952
1.35943052206028
1.98032120513089
0.628944461920237
0.331620705323121
0.320389593745993
0.498642713175581
0.035589458599839
0.478210478487291
0.0128155837498397
0
0.0128155837498397
0.0314564328405157
0.590681905560794
0.348350867382013
0.0395633381100506
0.013217643563664
0.0687381310218675
0.600002330106138
0.260971887269469
0
0.0265893071429405
0.0233010613633449
0.87961506646628
0.0314564328405157
0.124660678293895
0.823692519194251
0.0699031840900348
0.26446704647397
0.33318467256184
0.20854449920194
0.0512623349993589
1.31128307294397
0.0687381310218676
0.135146155907401
0.302913797723484
0.191068703179428
1.53787004998078
0.124660678293895
0.935537613738305
0.0407768573858545
2.01769063180826
1.93702317290553
0.149126792725409
0.960003728169818
0.322262999079606
0.643109293628327
0.794657532650614
0.306065382778187
0.0873789801125435
0.209709552270104
0.0128155837498397
0.0314564328405157
0.0128155837498397
0.0233010613633463
0.0594177064765296
0.0407768573858536
0.0512623349993598
0.0932042454533797
0.907576340102293
0.149126792725408
0.0652429718173658
0.488157235562081
0.520768818519684
0.264467046473965
0.171262801020585
0.0932042454533819
0.820197359989748
0.348350867382012
0.545244835902276
2.27767874826699
5.37859708105235e-32
0.115340253748557
0.0314564328405157
1.5838099565435
0.363496557268186
0.0594177064765296
0.0372816981813519
0.0594177064765296
0.104244754348558
0.143301527384571
0.0978644577260487
0.0838838209080418
0.124660678293899
0.0314564328405157
0.13980636818007
0.0687381310218693
0.0687381310218676
0.149126792725407
0.152621951929909
2.50205818275022
0.472991040741907
0.320389593745993
0.265697808535179
0.0966994046578815
0.44010858294595
0.498642713175582
1.26757773816597
0.0932042454533797
0.0932042454533811
0.0873789801125455
0.195728915452101
0.0873789801125435
0.11534025374856
0.0966994046578815
0.199224074656601
0.198457935758973
0.0407768573858536
0.197852108163527
0.121165519089394
0.0966994046578815
0.0704916523947679
0.0792236086353754
1.26552538068109
0.0966994046578844
0.0407768573858536
0.545244835902276
0.0594177064765296
0.0792236086353728
0.0419419104540209
0.0372816981813519
0.231043538033154
0.121165519089396
0.105440098796503
0.0699031840900348
0.511018372886881
0.0407768573858536
0.0610282758379643
0.0687381310218676
0.0128155837498397
0.545244835902275
0.0512623349993588
0.124660678293895
0.107184882271387
0.0687381310218676
0.0233010613633449
0.0792236086353728
0.264467046473969
1.21165519089395
0.40427341465404
0.67065708993045
0.0699031840900348
0.0559225472720278
0.236505772837951
0.0554080598371251
0.346093460557129
1.08643342304242
0.0966994046578815
0.0966994046578815
0.191068703179428
1.22563582771195
0.295420176389032
0.67456572646884
0.0932042454533797
0.0792236086353728
0.646604452832826
0.0873789801125435
0.0788489275686521
0.0873789801125455
0.152621951929909
0.149059685668681
0.0314564328405157
0.0792236086353728
0.167767641816084
0.197136299558444
0.283107895564646
0.230150524856406
0.455230039728311
0.0966994046578815
0.0512623349993589
0.0687381310218676
0.394952990108697
0.954178462828979
0.311069169200659
0.0407768573858559
0.059417706476532
0.152621951929909
0.0687381310218676
0.171262801020585
0.219029976815442
0.153787004998077
0.394003588363452
0.0966994046578846
0.517283562266264
0.514291239965979
0.0128155837498397
0.349515920450174
0.236505772837954
0.0873789801125435
0.845034427318166
0.0372816981813519
0.0407768573858536
0.0512623349993589
0.27495252408747
0.935948993976673
0.264467046473967
0.246991250451458
0.0978644577260499
0.307574009996156
0.265632099542136
0.339030442836673
0.124660678293895
0.246991250451461
0.180583225565923
0.0687381310218676
0.195728915452098
0.149126792725408
0.764274812717717
0.750294175899709
0.0559225472720278
0.0233010613633449
0.786410821012897
0.149730756235945
0.0643090652779229
0.0652429718173658
0.061800356506237
0.811954726037769
0.0407768573858536
0.0233010613633449
0.350707070707074
0.199224074656601
0.0652429718173658
0.0687381310218676
0.156888842286765
0.107184882271387
0.0873789801125435
0.0687381310218697
0.081393403469531
0.105440098796504
0.107184882271387
0.124660678293895
1.01010101010101
0.152621951929909
0.227185348292616
1.30877215057146
1.7184532755467
0.165187165775398
0.31106916920066
0.0279612736360139
0.0838838209080441
1.01697761933056
1.15922780282642
0.253341605210115
0.624652988943641
0.400778255449533
0.262722262999078
0.143301527384574
0.0966994046578815
0.27495252408747
0.674565726468836
0.251651462724129
0.152621951929909
0.991460161010331
0.163107429543416
0.460195961926068
0.348350867382009
0.593620169398714
0.209709552270104
0.208544499201937
0.180583225565923
0.0930159728775637
0.11534025374856
0.419419104540212
0.121165519089397
0.0372816981813519
0.135146155907401
0.223690189088111
0.468517236960145
0.149126792725408
0.0652429718173658
0.307574009996153
0.069903184090036
0.175462933836639
0.190165903556907
0.0838838209080418
0.177088066361421
0.18174827863409
0.0407768573858536
0.152621951929909
0.0419419104540233
0.114814931320124
0.0419419104540209
0.0838838209080418
1.61522770962217
0.0687381310218676
0.0966994046578815
0.0512623349993589
0.300939149278246
0.152621951929909
0.416053965258111
1.01877494669882
0.311069169200655
0.292428320109979
0.331665443360943
0.27495252408747
0.311069169200655
0.372816981813519
0.171262801020585
0.191068703179428
1.15922780282642
0.75901471462025
0.33553528363217
0.786090547924458
0.246991250451461
0.124660678293899
0.352115852877105
0.81341954726038
0.171262801020585
0.264467046473967
0.152621951929909
0.208544499201937
0.0838838209080418
0.820197359989744
0.227185348292613
1.26175247282514
0.219029976815447
0.366461733831975
0.16398121934454
0.163107429543415
0.115340253748557
0.0128155837498397
0.0687381310218693
0.0687381310218697
0.209709552270108
0.680390991809679
0.302913797723486
0.143301527384571
1.12777136998591
0.810876935444409
0.963498887374319
0.0407768573858545
0.191068703179431
0.674172404553027
0.0652429718173684
0.428739529085552
0.111845094544058
0.255146621928632
0.918061817715797
0.143301527384573
0.236505772837951
0.2764963359081
0.149126792725408
0.655924877378165
0.236907832651775
0.404273414654038
0.778255449535725
0.376312141018021
0.730537205969725
0.339030442836669
0.433399741358218
1.78463761024315
0.264467046473967
0.358836344995514
0.912840515885501
0.186667598709122
0.53126419908427
0.758449547376883
0.265632099542132
0.336406160800621
0.260971887269463
0.404273414654035
0.256643831626529
0.432234688290049
0.841244160171495
0.274952524087474
0.247612340242097
0.163107429543419
0.0966994046578844
0.177088066361425
0.386797618631526
0.366991716472685
0.105015436953152
0.0687381310218676
0.191068703179432
0.153787004998079
0.236505772837956
0.279612736360145
0.260971887269463
0.0710118485897019
0.135146155907401
0.246991250451456
0.163107429543415
0.152621951929909
0.109691610452856
0.544079782834109
1.57515174816213
0.316894434541491
0.251651462724125
0.456700802721564
0.358836344995512
0.236505772837954
0.702669136579175
0.372816981813524
0.180583225565923
0.767769971922222
0.177088066361421
0.142406300606993
0.540584623629602
0.386797618631526
1.00660585089651
0.432234688290049
0.07685284214696
0.501708666829775
0.565106660608396
0.280617478126131
0.68388615101418
0.660404622930573
0.208544499201939
0.223415702585253
0.125825731362063
0.399173278342832
0.205653303507973
0.149126792725408
1.74906283131196
0.0966994046578815
0.276496335908104
1.141237519369
0.470681439539568
0.124660678293895
0.20854449920194
0.0512623349993588
0.0932042454533797
0.0372816981813519
0.153787004998077
0.217768340847921
0.167767641816084
0.199224074656603
0.54058462362961
1.23029603998462
0.803410809362355
0.163107429543416
0.590681905560801
1.30019922407465
0.311069169200659
1.10257488378595
0.360380156816142
0.292428320109979
0.376312141018023
0.518780771964158
0.121165519089394
0.528147798632232
0.364053918655997
0.180583225565925
0.288933160905481
0.322671233674697
0.739808698286204
0.292428320109979
0.292428320109979
0.208544499201937
0.246250742721332
0.489322288630246
0.31708678480305
0.516118509198096
1.59219833863432
0.847084920718141
0.544365337341118
0.450875537380731
0.307574009996159
0.683886151014179
2.61256754395162
1.66253072827467
0.191068703179428
0.302913797723484
0.233010613633449
0.348350867382007
0.16248424265725
0.124660678293897
0.037281698181354
0.191068703179431
0.0407768573858551
0.633771509792271
0.206659909358874
0.157587874127667
0.708956228956232
0.0913452867778099
0.240550371069402
0.139392890846178
0.208544499201937
0.152621951929909
0.0687381310218675
1.33613878112148
0.377467407640414
0.143301527384571
0.177088066361424
0.153787004998077
0.34835086738201
0.236505772837951
0.219029976815447
0.363496557268187
0.568545897265624
0.422914263744717
0.358836344995516
2.55845653769529
0.264467046473965
0.724412638495682
0.330875071359498
0.264467046473965
0.292428320109979
0.873819043957448
0.251651462724125
0.152621951929909
0.292428320109979
0.236505772837956
1.02058648771451
1.07929957009541
0.236505772837951
2.76048268148614
0.738222362028591
0.176954201763891
0.233010613633452
0.115340253748557
0.149126792725409
0.149126792725409
0.48815723556208
0.264467046473967
0.191068703179428
0.156932182260899
0.0873789801125435
0.152621951929909
0.320389593745997
0.180583225565926
0.199224074656603
0.736313539081705
0.0792236086353754
0.26446704647397
0.124660678293896
0.394952990108699
0.754954388172384
0.353793529295259
0.34951592045018
0.54149930679343
0.897935642468517
0.685051204082349
0.838724499900973
0.348350867382011
0.488157235562082
0.768935024990391
0.288933160905481
2.09243531042839
0.135146155907404
0.460195961926062
2.34408677315252
0.302913797723487
0.223690189088115
0.199224074656604
0.149126792725409
1.11565295399205
0.264467046473965
0.0509886640336463
0.208544499201937
0.180583225565923
0.163107429543415
0.478836811016738
0.346093460557129
1.22031339927532
0.124660678293895
0.825795556487599
0.111845094544056
0.208544499201941
0.0799394172404575
0.236505772837955
0.171262801020589
0.55605466428996
0.316894434541495
0.143301527384573
0.0652429718173658
0.111845094544059
0.361987930050215
0.125825731362063
0.0788489275686502
0.0512623349993589
0.0930470797944843
0.152621951929909
0.191068703179428
0.163107429543415
0.180583225565923
0.907576340102293
0.0512623349993588
2.19029976815444
0.224853378071373
0.624468444537651
0.393581023615631
0.152621951929913
0.255146621928627
0.684575396409306
0.683654538464227
0.171262801020588
0.149126792725408
0.180583225565923
0.609278482634878
0.195728915452099
0.102647117076181
0.336629967495017
0.274952524087475
0.30291379772349
0.255146621928631
0.978644577260493
0.232458844500365
0.0985927323989589
0.0873789801125435
0.109121666491909
0.292428320109984
0.0419419104540209
0.124660678293895
0.233010613633449
0.339030442836669
0.115340253748557
0.208544499201937
0.177088066361421
0.152621951929909
0.0233010613633449
0.0314564328405157
0.0407768573858536
0.0792236086353728
0.0314564328405157
0.0687381310218693
0.283107895564641
0.711847424650187
1.77088066361423
1.29553901180199
0.0372816981813519
0.0687381310218697
0.0966994046578847
0.115340253748561
0.0390320739109666
0.241471695035712
0.152621951929913
0.0932042454533797
0.0966994046578815
0.0559225472720278
0.0594177064765296
0.0978644577260487
0.497569000267963
0.0792236086353728
0.0594177064765296
0.0314564328405157
0.778255449535725
0.0966994046578815
0.135146155907401
1.23121829599338
0.296884764601025
0.107184882271387
0.135146155907401
0.14292824438153
0.169890834527513
0.111845094544056
0.0966994046578815
0.11534025374856
0.344855708177509
0.0838838209080418
1.23729567881818
0.124660678293899
1.48544266191325
0.037281698181354
0.0419419104540233
0.115340253748559
0.208544499201941
0.180583225565925
0.0792236086353746
0.0699031840900348
0.143301527384571
0.107184882271387
0.601167383174306
0.0691401908356919
0.0792236086353728
0.0966994046578815
0.461361014994233
0.149126792725408
0.53126419908427
0.376312141018024
0.447184183239543
0.149126792725408
0.111845094544056
0.952087309076934
0.274952524087473
0.233010613633449
0.0652429718173658
0.655281185557996
0.180583225565923
0.0407768573858536
0.330875071359501
0.0407768573858536
0.0687381310218676
0.0792236086353746
0.0233010613633463
0.288933160905477
0.27495252408747
0.11534025374856
0.037281698181354
1.00586615870353
0.107184882271389
0.0932042454533797
0.0407768573858536
0.460195961926067
0.0512623349993589
0.422914263744714
0.0602337096454745
0.0978644577260499
0.0792236086353728
0.152621951929909
0.0372816981813519
0.0594177064765296
0.0372816981813519
0.0314564328405157
0.0687381310218676
0.0594177064765296
0.115340253748557
0.260971887269463
0.0699031840900348
0.0407768573858536
1.11677140493749
0.311069169200658
0.135146155907405
0.075493574732331
0.125825731362066
0.26446704647397
0.227185348292617
0.456700802721562
0.124660678293899
0.300302214765885
0.191068703179432
0.748319527454474
0.330875071359503
0.725344680950213
0.0512623349993589
0.0372816981813519
0.214787319562404
0.0305038854519821
0.115340253748557
0.0279612736360139
0.180583225565923
0.124660678293895
0.236505772837954
0.0419419104540209
0.604828445935717
0.0306380995654357
0.0127205154194773
0.930724080481867
0.125825731362065
0.283107895564641
0.0873789801125435
0.121165519089394
0.0372816981813519
0.293593373178146
0.0233010613633449
0.0128155837498397
0.17877168455023
0.0314564328405157
0.0407768573858536
0.121165519089394
0.0314564328405157
0.311069169200655
0.0687381310218676
0.0407768573858551
0.982862535388476
0.0128155837498404
0.0407768573858536
0.135146155907404
0.302913797723488
0.18098528537975
0.0512623349993589
0.68388615101418
0.246991250451456
0.0371245325224565
0.0792236086353728
0.162833758577702
0.572041056470122
0.0559225472720278
0.13980636818007
0.227185348292613
0.498642713175585
0.0652429718173658
0.488157235562084
1.04738270828236
0.456700802721565
0.152621951929913
0.279612736360142
0.26208055176914
0.851653792830264
4.29089045006
1.78179150210292
0.858480537788495
1.88256859249939
0.739808698286206
1.1277713699859
0.394000442720163
0.842333368284926
0.0452333018768995
0.0378856616918897
0.124660678293895
0.0687381310218676
0.124405648177274
0.674565726468842
0.135146155907401
0.115340253748561
0.0419419104540209
0.0356767210746468
0.292428320109981
0.111845094544056
0.153787004998079
0.0407768573858536
0.0838838209080418
0.0873789801125435
0.191245325224559
0.0652429718173658
0.246991250451458
0.195728915452097
0.163107429543416
0.0978644577260487
0.0966994046578848
0.139806368180073
0.163107429543419
0.177088066361426
0.269995339787729
0.454275628254871
0.233010613633453
0.181748278634093
0.37747719408619
0.740973751354377
