0.458823529411765
0.462745098039216
0.462745098039216
0.462745098039216
0.466666666666667
0.462745098039216
0.466666666666667
0.462745098039216
0.466666666666667
0.470588235294118
0.470588235294118
0.470588235294118
0.474509803921569
0.474509803921569
0.47843137254902
0.47843137254902
0.47843137254902
0.485921568627451
0.482352941176471
0.490196078431373
0.486274509803922
0.486274509803922
0.490196078431373
0.489960784313725
0.494117647058824
0.498039215686275
0.498039215686275
0.498039215686275
0.501725490196078
0.505882352941176
0.505882352941176
0.501607843137255
0.501960784313725
0.509450980392157
0.509803921568627
0.505882352941176
0.501960784313725
0.501960784313725
0.505882352941176
0.498039215686275
0.498039215686275
0.498039215686275
0.498039215686275
0.494117647058824
0.494117647058824
0.490196078431373
0.494117647058824
0.490196078431373
0.458823529411765
0.466666666666667
0.466666666666667
0.462392156862745
0.462745098039216
0.462745098039216
0.466666666666667
0.466666666666667
0.470588235294118
0.470588235294118
0.470588235294118
0.466666666666667
0.470588235294118
0.474509803921569
0.474509803921569
0.478078431372549
0.47843137254902
0.482
0.482352941176471
0.401490196078431
0.482
0.486274509803922
0.486274509803922
0.486274509803922
0.494117647058824
0.498039215686275
0.498039215686275
0.498039215686275
0.498039215686275
0.505882352941176
0.505882352941176
0.501960784313725
0.501960784313725
0.501960784313725
0.505882352941176
0.505647058823529
0.501960784313725
0.505882352941176
0.509450980392157
0.505882352941176
0.505882352941176
0.501960784313725
0.501960784313725
0.498039215686275
0.498039215686275
0.494117647058824
0.494117647058824
0.494117647058824
0.454901960784314
0.462745098039216
0.458823529411765
0.462745098039216
0.462745098039216
0.458823529411765
0.462745098039216
0.462745098039216
0.462745098039216
0.466666666666667
0.466666666666667
0.466666666666667
0.466666666666667
0.466666666666667
0.470588235294118
0.474509803921569
0.470588235294118
0.474509803921569
0.474509803921569
0.47843137254902
0.47843137254902
0.482352941176471
0.482352941176471
0.482352941176471
0.482352941176471
0.486274509803922
0.486274509803922
0.486274509803922
0.490196078431373
0.494117647058824
0.501960784313725
0.498039215686275
0.493764705882353
0.501607843137255
0.498039215686275
0.501960784313725
0.498039215686275
0.501960784313725
0.501960784313725
0.498039215686275
0.501960784313725
0.498039215686275
0.501960784313725
0.498039215686275
0.498039215686275
0.490196078431373
0.490196078431373
0.485921568627451
0.454901960784314
0.458823529411765
0.458823529411765
0.458823529411765
0.454901960784314
0.454901960784314
0.462745098039216
0.458823529411765
0.458823529411765
0.458823529411765
0.462745098039216
0.458823529411765
0.466666666666667
0.458823529411765
0.466666666666667
0.466666666666667
0.466666666666667
0.466666666666667
0.466666666666667
0.474509803921569
0.470588235294118
0.474509803921569
0.474509803921569
0.47843137254902
0.474509803921569
0.47843137254902
0.482352941176471
0.47843137254902
0.482352941176471
0.490196078431373
0.486274509803922
0.490196078431373
0.486274509803922
0.490196078431373
0.494117647058824
0.494117647058824
0.490196078431373
0.490196078431373
0.494117647058824
0.490196078431373
0.490196078431373
0.486274509803922
0.486274509803922
0.490196078431373
0.486274509803922
0.482352941176471
0.482352941176471
0.47843137254902
0.450980392156863
0.454901960784314
0.458823529411765
0.458823529411765
0.458823529411765
0.458823529411765
0.458823529411765
0.458823529411765
0.458823529411765
0.458823529411765
0.462745098039216
0.458823529411765
0.458823529411765
0.462745098039216
0.462745098039216
0.466666666666667
0.466666666666667
0.462745098039216
0.466666666666667
0.466666666666667
0.466666666666667
0.466666666666667
0.470588235294118
0.470588235294118
0.470588235294118
0.474509803921569
0.47843137254902
0.47843137254902
0.47843137254902
0.47843137254902
0.47843137254902
0.47843137254902
0.47843137254902
0.486274509803922
0.486274509803922
0.482352941176471
0.482352941176471
0.47843137254902
0.486274509803922
0.482352941176471
0.47843137254902
0.482352941176471
0.47843137254902
0.47843137254902
0.474509803921569
0.474509803921569
0.474509803921569
0.470352941176471
0.454549019607843
0.454901960784314
0.458823529411765
0.458823529411765
0.450980392156863
0.450980392156863
0.454901960784314
0.454901960784314
0.454901960784314
0.458823529411765
0.458823529411765
0.454901960784314
0.458823529411765
0.454901960784314
0.458823529411765
0.454901960784314
0.458823529411765
0.462745098039216
0.462745098039216
0.462745098039216
0.458823529411765
0.462745098039216
0.462745098039216
0.466666666666667
0.462745098039216
0.466666666666667
0.466666666666667
0.466666666666667
0.470588235294118
0.470588235294118
0.470588235294118
0.470235294117647
0.470588235294118
0.47843137254902
0.474509803921569
0.470588235294118
0.470588235294118
0.474509803921569
0.474509803921569
0.470588235294118
0.470588235294118
0.470588235294118
0.470588235294118
0.466666666666667
0.470588235294118
0.466666666666667
0.466666666666667
0.462745098039216
0.450980392156863
0.454901960784314
0.454901960784314
0.458470588235294
0.450980392156863
0.450980392156863
0.458823529411765
0.454901960784314
0.450980392156863
0.454901960784314
0.454901960784314
0.450980392156863
0.454549019607843
0.450980392156863
0.450980392156863
0.454901960784314
0.454901960784314
0.454901960784314
0.450980392156863
0.458823529411765
0.454901960784314
0.458823529411765
0.454901960784314
0.458823529411765
0.458823529411765
0.458823529411765
0.462745098039216
0.462392156862745
0.462745098039216
0.466313725490196
0.466666666666667
0.462745098039216
0.462745098039216
0.462745098039216
0.462745098039216
0.466666666666667
0.466666666666667
0.466666666666667
0.462745098039216
0.458823529411765
0.458823529411765
0.458823529411765
0.462745098039216
0.458823529411765
0.458823529411765
0.458823529411765
0.458823529411765
0.454901960784314
0.450980392156863
0.454901960784314
0.454901960784314
0.450980392156863
0.450980392156863
0.450980392156863
0.454901960784314
0.450980392156863
0.450980392156863
0.454901960784314
0.450980392156863
0.447058823529412
0.450980392156863
0.450980392156863
0.450980392156863
0.454901960784314
0.454549019607843
0.454901960784314
0.454901960784314
0.454901960784314
0.450980392156863
0.454901960784314
0.450980392156863
0.454901960784314
0.454901960784314
0.458823529411765
0.458823529411765
0.458823529411765
0.458823529411765
0.458823529411765
0.458823529411765
0.458823529411765
0.458823529411765
0.466666666666667
0.462745098039216
0.462745098039216
0.458823529411765
0.462392156862745
0.458823529411765
0.458823529411765
0.454901960784314
0.458823529411765
0.458823529411765
0.454901960784314
0.454901960784314
0.454666666666667
0.450980392156863
0.443137254901961
0.450980392156863
0.450980392156863
0.450980392156863
0.454901960784314
0.450980392156863
0.450980392156863
0.446705882352941
0.450980392156863
0.447058823529412
0.450980392156863
0.450980392156863
0.447058823529412
0.450980392156863
0.450980392156863
0.450980392156863
0.450980392156863
0.450980392156863
0.450980392156863
0.454901960784314
0.450980392156863
0.447058823529412
0.447058823529412
0.447058823529412
0.450980392156863
0.454901960784314
0.454901960784314
0.454549019607843
0.450980392156863
0.458823529411765
0.454901960784314
0.450980392156863
0.454901960784314
0.454901960784314
0.454901960784314
0.458823529411765
0.454901960784314
0.454901960784314
0.454901960784314
0.458823529411765
0.454901960784314
0.454901960784314
0.454901960784314
0.454901960784314
0.450980392156863
0.450980392156863
0.447058823529412
0.447058823529412
0.43921568627451
0.447058823529412
0.447058823529412
0.447058823529412
0.450980392156863
0.443137254901961
0.443137254901961
0.447058823529412
0.443137254901961
0.43921568627451
0.446705882352941
0.447058823529412
0.447058823529412
0.443137254901961
0.443137254901961
0.446705882352941
0.447058823529412
0.447058823529412
0.443137254901961
0.443137254901961
0.447058823529412
0.443137254901961
0.447058823529412
0.443137254901961
0.447058823529412
0.447058823529412
0.447058823529412
0.450980392156863
0.447058823529412
0.447058823529412
0.450980392156863
0.450980392156863
0.447058823529412
0.447058823529412
0.450627450980392
0.450980392156863
0.450980392156863
0.450980392156863
0.454901960784314
0.454901960784314
0.447058823529412
0.450627450980392
0.454901960784314
0.450980392156863
0.447058823529412
0.447058823529412
0.443137254901961
0.443137254901961
0.435294117647059
0.443137254901961
0.443137254901961
0.446705882352941
0.443137254901961
0.435294117647059
0.435294117647059
0.447058823529412
0.43921568627451
0.43921568627451
0.447058823529412
0.443137254901961
0.443137254901961
0.443137254901961
0.443137254901961
0.43921568627451
0.43921568627451
0.43921568627451
0.435294117647059
0.443137254901961
0.43921568627451
0.43921568627451
0.43921568627451
0.43921568627451
0.443137254901961
0.443137254901961
0.447058823529412
0.446352941176471
0.447058823529412
0.447058823529412
0.447058823529412
0.447058823529412
0.447058823529412
0.447058823529412
0.447058823529412
0.447058823529412
0.447058823529412
0.447058823529412
0.447058823529412
0.447058823529412
0.443137254901961
0.44278431372549
0.443137254901961
0.443137254901961
0.43921568627451
0.443137254901961
0.43921568627451
0.43921568627451
0.431372549019608
0.43921568627451
0.443137254901961
0.443137254901961
0.443137254901961
0.43921568627451
0.43921568627451
0.43921568627451
0.443137254901961
0.43921568627451
0.443137254901961
0.395725490196078
0.435294117647059
0.435294117647059
0.43921568627451
0.43921568627451
0.43921568627451
0.43921568627451
0.435294117647059
0.43921568627451
0.443137254901961
0.438862745098039
0.435294117647059
0.435294117647059
0.44278431372549
0.443137254901961
0.443137254901961
0.443137254901961
0.443137254901961
0.443137254901961
0.447058823529412
0.443137254901961
0.443137254901961
0.443137254901961
0.447058823529412
0.447058823529412
0.446823529411765
0.443137254901961
0.447058823529412
0.447058823529412
0.443137254901961
0.443137254901961
0.443137254901961
0.443137254901961
0.43921568627451
0.43921568627451
0.43921568627451
0.438862745098039
0.427450980392157
0.435294117647059
0.435294117647059
0.431019607843137
0.431372549019608
0.431372549019608
0.431372549019608
0.431372549019608
0.431372549019608
0.431372549019608
0.427450980392157
0.435294117647059
0.431372549019608
0.434941176470588
0.431372549019608
0.431372549019608
0.431372549019608
0.435294117647059
0.427450980392157
0.431372549019608
0.431372549019608
0.431372549019608
0.431372549019608
0.435058823529412
0.43921568627451
0.43921568627451
0.435294117647059
0.435294117647059
0.43921568627451
0.43921568627451
0.443137254901961
0.443137254901961
0.43921568627451
0.43921568627451
0.443137254901961
0.447058823529412
0.447058823529412
0.443137254901961
0.443137254901961
0.443137254901961
0.43921568627451
0.43921568627451
0.434941176470588
0.443137254901961
0.443137254901961
0.43921568627451
0.435294117647059
0.435294117647059
0.415686274509804
0.427450980392157
0.431372549019608
0.431372549019608
0.431019607843137
0.423529411764706
0.427450980392157
0.427450980392157
0.427450980392157
0.423529411764706
0.423529411764706
0.423529411764706
0.423529411764706
0.419607843137255
0.419254901960784
0.423529411764706
0.423529411764706
0.423529411764706
0.423529411764706
0.427450980392157
0.427450980392157
0.423529411764706
0.427450980392157
0.423529411764706
0.427450980392157
0.431372549019608
0.435294117647059
0.435294117647059
0.435294117647059
0.43921568627451
0.442901960784314
0.43921568627451
0.43921568627451
0.43921568627451
0.443137254901961
0.443137254901961
0.443137254901961
0.438862745098039
0.43921568627451
0.443137254901961
0.435294117647059
0.435294117647059
0.43921568627451
0.43921568627451
0.43921568627451
0.43921568627451
0.435294117647059
0.435294117647059
0.435294117647059
0.415686274509804
0.423529411764706
0.419607843137255
0.423176470588235
0.415686274509804
0.415686274509804
0.423529411764706
0.419607843137255
0.415686274509804
0.419607843137255
0.415686274509804
0.411764705882353
0.411764705882353
0.407843137254902
0.411764705882353
0.415686274509804
0.415686274509804
0.419607843137255
0.415686274509804
0.415686274509804
0.415686274509804
0.419607843137255
0.419254901960784
0.423529411764706
0.423529411764706
0.427450980392157
0.427450980392157
0.427450980392157
0.431372549019608
0.431372549019608
0.435294117647059
0.431372549019608
0.431372549019608
0.435294117647059
0.43921568627451
0.43921568627451
0.43921568627451
0.43921568627451
0.435294117647059
0.435294117647059
0.435294117647059
0.435294117647059
0.43921568627451
0.435294117647059
0.435294117647059
0.427450980392157
0.434941176470588
0.427450980392157
0.407843137254902
0.407843137254902
0.407843137254902
0.411411764705882
0.407843137254902
0.407843137254902
0.403921568627451
0.403921568627451
0.403921568627451
0.407843137254902
0.403921568627451
0.403921568627451
0.403921568627451
0.40356862745098
0.403921568627451
0.403921568627451
0.403921568627451
0.407843137254902
0.403921568627451
0.403921568627451
0.407843137254902
0.407843137254902
0.403921568627451
0.411411764705882
0.411764705882353
0.415686274509804
0.415686274509804
0.415686274509804
0.419607843137255
0.423529411764706
0.423529411764706
0.423529411764706
0.427450980392157
0.427450980392157
0.423529411764706
0.427450980392157
0.427450980392157
0.431372549019608
0.434941176470588
0.427450980392157
0.427450980392157
0.427450980392157
0.431372549019608
0.431372549019608
0.431372549019608
0.427450980392157
0.427098039215686
0.423529411764706
0.4
0.4
0.4
0.4
0.4
0.396078431372549
0.4
0.392156862745098
0.396078431372549
0.396078431372549
0.396078431372549
0.388235294117647
0.392156862745098
0.392156862745098
0.392156862745098
0.392156862745098
0.392156862745098
0.396078431372549
0.392156862745098
0.392156862745098
0.392156862745098
0.396078431372549
0.4
0.403921568627451
0.403921568627451
0.407843137254902
0.407843137254902
0.407843137254902
0.407843137254902
0.415686274509804
0.415686274509804
0.415686274509804
0.415686274509804
0.415686274509804
0.419607843137255
0.419607843137255
0.415686274509804
0.415686274509804
0.423529411764706
0.419607843137255
0.419254901960784
0.419607843137255
0.419607843137255
0.419607843137255
0.415686274509804
0.411764705882353
0.415686274509804
0.407843137254902
0.388235294117647
0.392156862745098
0.392156862745098
0.388235294117647
0.388235294117647
0.388235294117647
0.391803921568627
0.384313725490196
0.384313725490196
0.387882352941177
0.380392156862745
0.380392156862745
0.380392156862745
0.380392156862745
0.380392156862745
0.380392156862745
0.380392156862745
0.384313725490196
0.380392156862745
0.380392156862745
0.384313725490196
0.384313725490196
0.384313725490196
0.391921568627451
0.388235294117647
0.396078431372549
0.396078431372549
0.396078431372549
0.396078431372549
0.407843137254902
0.403921568627451
0.4
0.4
0.407843137254902
0.407843137254902
0.403921568627451
0.407843137254902
0.411764705882353
0.407843137254902
0.407843137254902
0.407843137254902
0.407843137254902
0.407843137254902
0.407843137254902
0.403921568627451
0.396078431372549
0.399647058823529
0.392156862745098
0.380392156862745
0.384313725490196
0.380392156862745
0.376470588235294
0.376470588235294
0.376470588235294
0.376470588235294
0.372549019607843
0.372549019607843
0.372549019607843
0.372549019607843
0.368627450980392
0.368627450980392
0.368627450980392
0.368627450980392
0.368627450980392
0.368627450980392
0.364705882352941
0.368627450980392
0.36078431372549
0.364705882352941
0.368627450980392
0.368627450980392
0.368627450980392
0.372549019607843
0.376470588235294
0.376470588235294
0.372549019607843
0.380392156862745
0.384313725490196
0.383960784313725
0.388235294117647
0.388235294117647
0.388235294117647
0.392156862745098
0.384313725490196
0.392156862745098
0.395725490196078
0.391803921568627
0.392156862745098
0.392156862745098
0.388235294117647
0.388235294117647
0.388235294117647
0.176196078431373
0.384313725490196
0.380392156862745
0.376470588235294
0.372549019607843
0.368627450980392
0.368627450980392
0.368627450980392
0.364705882352941
0.364705882352941
0.36078431372549
0.36078431372549
0.36078431372549
0.36078431372549
0.352941176470588
0.352941176470588
0.356862745098039
0.356862745098039
0.356862745098039
0.352941176470588
0.356862745098039
0.352941176470588
0.352941176470588
0.344745098039216
0.349019607843137
0.352941176470588
0.352941176470588
0.352941176470588
0.352941176470588
0.36078431372549
0.356862745098039
0.356862745098039
0.356862745098039
0.364470588235294
0.36078431372549
0.36078431372549
0.368627450980392
0.368627450980392
0.364705882352941
0.368627450980392
0.364705882352941
0.372549019607843
0.372549019607843
0.372549019607843
0.368627450980392
0.368627450980392
0.368627450980392
0.36078431372549
0.364705882352941
0.36078431372549
0.36078431372549
0.356509803921569
0.36078431372549
0.364705882352941
0.36078431372549
0.36078431372549
0.36078431372549
0.356862745098039
0.356862745098039
0.349019607843137
0.349019607843137
0.349019607843137
0.348666666666667
0.345098039215686
0.345098039215686
0.345098039215686
0.345098039215686
0.345098039215686
0.345098039215686
0.341176470588235
0.337254901960784
0.329411764705882
0.333333333333333
0.337254901960784
0.336901960784314
0.337019607843137
0.337254901960784
0.341176470588235
0.341176470588235
0.341176470588235
0.341176470588235
0.345098039215686
0.341176470588235
0.341176470588235
0.345098039215686
0.349019607843137
0.349019607843137
0.345098039215686
0.345098039215686
0.349019607843137
0.352941176470588
0.352941176470588
0.345098039215686
0.349019607843137
0.349019607843137
0.344745098039216
0.341176470588235
0.337254901960784
0.341176470588235
0.329411764705882
0.356862745098039
0.352941176470588
0.349019607843137
0.349019607843137
0.349019607843137
0.349019607843137
0.344745098039216
0.341176470588235
0.341176470588235
0.345098039215686
0.337254901960784
0.333333333333333
0.333333333333333
0.337254901960784
0.333333333333333
0.329411764705882
0.333333333333333
0.329411764705882
0.325490196078431
0.32156862745098
0.32156862745098
0.32156862745098
0.32156862745098
0.286274509803922
0.325490196078431
0.325490196078431
0.32156862745098
0.317647058823529
0.325137254901961
0.325490196078431
0.32156862745098
0.317647058823529
0.325490196078431
0.329058823529412
0.325490196078431
0.317647058823529
0.325490196078431
0.325490196078431
0.329058823529412
0.325490196078431
0.329411764705882
0.329411764705882
0.329411764705882
0.325490196078431
0.32156862745098
0.32156862745098
0.32156862745098
0.313725490196078
