0.537254901960784
0.545098039215686
0.545098039215686
0.545098039215686
0.545098039215686
0.541176470588235
0.545098039215686
0.545098039215686
0.549019607843137
0.552941176470588
0.556862745098039
0.556862745098039
0.56078431372549
0.56078431372549
0.564705882352941
0.568627450980392
0.568627450980392
0.572549019607843
0.572549019607843
0.576470588235294
0.584313725490196
0.588235294117647
0.588235294117647
0.592156862745098
0.596078431372549
0.603921568627451
0.607843137254902
0.603450980392157
0.611764705882353
0.615686274509804
0.611764705882353
0.607843137254902
0.607843137254902
0.623058823529412
0.623529411764706
0.611764705882353
0.615686274509804
0.619607843137255
0.619607843137255
0.607843137254902
0.603921568627451
0.607843137254902
0.615686274509804
0.603921568627451
0.607843137254902
0.603450980392157
0.603921568627451
0.6
0.525490196078431
0.533333333333333
0.537254901960784
0.533333333333333
0.529411764705882
0.529411764705882
0.537254901960784
0.537254901960784
0.541176470588235
0.545098039215686
0.545098039215686
0.541176470588235
0.541176470588235
0.549019607843137
0.549019607843137
0.556862745098039
0.556862745098039
0.564705882352941
0.564705882352941
0.564235294117647
0.568627450980392
0.580392156862745
0.572549019607843
0.580392156862745
0.584313725490196
0.592156862745098
0.592156862745098
0.592156862745098
0.596078431372549
0.607843137254902
0.607843137254902
0.6
0.6
0.603921568627451
0.611764705882353
0.607843137254902
0.607843137254902
0.615686274509804
0.611764705882353
0.603921568627451
0.607372549019608
0.603921568627451
0.611764705882353
0.6
0.6
0.596078431372549
0.596078431372549
0.584313725490196
0.517647058823529
0.52156862745098
0.52156862745098
0.52156862745098
0.517647058823529
0.517647058823529
0.52156862745098
0.525490196078431
0.525490196078431
0.529411764705882
0.529411764705882
0.529411764705882
0.532980392156863
0.533333333333333
0.533333333333333
0.541176470588235
0.545098039215686
0.541176470588235
0.541176470588235
0.545098039215686
0.552941176470588
0.564705882352941
0.556509803921569
0.56078431372549
0.56078431372549
0.576
0.572196078431373
0.564705882352941
0.572549019607843
0.580392156862745
0.584313725490196
0.580392156862745
0.580392156862745
0.596078431372549
0.596078431372549
0.588235294117647
0.584313725490196
0.592156862745098
0.6
0.588235294117647
0.588235294117647
0.588235294117647
0.592156862745098
0.584313725490196
0.584313725490196
0.576470588235294
0.572549019607843
0.564705882352941
0.505882352941176
0.513725490196078
0.513725490196078
0.509803921568627
0.509450980392157
0.505882352941176
0.513725490196078
0.513725490196078
0.513725490196078
0.517647058823529
0.513725490196078
0.513725490196078
0.513725490196078
0.517647058823529
0.52156862745098
0.52156862745098
0.525490196078431
0.52156862745098
0.52156862745098
0.529411764705882
0.533333333333333
0.541176470588235
0.537254901960784
0.544627450980392
0.541176470588235
0.552941176470588
0.556862745098039
0.552941176470588
0.549019607843137
0.56078431372549
0.56078431372549
0.556862745098039
0.56078431372549
0.572549019607843
0.572549019607843
0.564705882352941
0.568627450980392
0.568627450980392
0.568627450980392
0.56078431372549
0.56078431372549
0.564705882352941
0.568627450980392
0.568156862745098
0.564705882352941
0.556862745098039
0.556862745098039
0.549019607843137
0.498039215686275
0.505882352941176
0.509803921568627
0.505882352941176
0.505882352941176
0.505882352941176
0.509803921568627
0.505882352941176
0.505882352941176
0.509803921568627
0.505882352941176
0.505882352941176
0.509803921568627
0.509803921568627
0.513725490196078
0.517647058823529
0.517647058823529
0.513725490196078
0.513725490196078
0.513725490196078
0.517647058823529
0.525490196078431
0.52156862745098
0.529411764705882
0.525490196078431
0.537254901960784
0.537254901960784
0.533333333333333
0.541176470588235
0.549019607843137
0.545098039215686
0.541176470588235
0.541176470588235
0.552941176470588
0.549019607843137
0.549019607843137
0.541176470588235
0.549019607843137
0.552941176470588
0.545098039215686
0.545098039215686
0.549019607843137
0.545098039215686
0.541176470588235
0.541176470588235
0.537254901960784
0.537254901960784
0.52156862745098
0.494117647058824
0.501960784313725
0.501960784313725
0.498039215686275
0.498039215686275
0.494117647058824
0.501960784313725
0.501960784313725
0.501960784313725
0.501960784313725
0.498039215686275
0.498039215686275
0.498039215686275
0.501960784313725
0.501960784313725
0.498039215686275
0.505882352941176
0.505882352941176
0.505882352941176
0.505882352941176
0.505882352941176
0.513254901960784
0.505882352941176
0.513725490196078
0.509803921568627
0.525137254901961
0.52156862745098
0.517647058823529
0.52156862745098
0.52156862745098
0.525490196078431
0.517647058823529
0.517647058823529
0.533333333333333
0.533333333333333
0.529411764705882
0.529411764705882
0.533333333333333
0.532980392156863
0.52156862745098
0.52156862745098
0.529411764705882
0.525490196078431
0.52156862745098
0.52156862745098
0.517647058823529
0.517647058823529
0.509803921568627
0.490196078431373
0.498039215686275
0.498039215686275
0.490196078431373
0.490196078431373
0.490196078431373
0.490196078431373
0.490196078431373
0.486274509803922
0.494117647058824
0.490196078431373
0.486274509803922
0.486274509803922
0.486274509803922
0.486274509803922
0.490196078431373
0.490196078431373
0.490196078431373
0.494117647058824
0.490196078431373
0.490196078431373
0.498039215686275
0.498039215686275
0.501960784313725
0.501960784313725
0.505882352941176
0.505882352941176
0.505882352941176
0.505882352941176
0.505882352941176
0.509803921568627
0.505882352941176
0.505882352941176
0.513725490196078
0.509803921568627
0.513725490196078
0.513372549019608
0.513725490196078
0.509803921568627
0.501960784313725
0.501960784313725
0.505882352941176
0.505882352941176
0.505882352941176
0.505882352941176
0.505882352941176
0.501960784313725
0.494117647058824
0.490196078431373
0.494117647058824
0.498039215686275
0.486274509803922
0.486274509803922
0.490196078431373
0.490196078431373
0.482352941176471
0.482352941176471
0.490196078431373
0.482352941176471
0.482352941176471
0.482352941176471
0.486274509803922
0.486274509803922
0.486274509803922
0.486274509803922
0.486274509803922
0.486274509803922
0.486274509803922
0.482352941176471
0.482352941176471
0.47843137254902
0.494117647058824
0.494117647058824
0.501960784313725
0.501960784313725
0.494117647058824
0.501960784313725
0.501960784313725
0.498039215686275
0.494117647058824
0.494117647058824
0.498039215686275
0.498039215686275
0.494117647058824
0.494117647058824
0.505882352941176
0.501960784313725
0.490196078431373
0.490196078431373
0.498039215686275
0.498039215686275
0.493647058823529
0.494117647058824
0.486274509803922
0.486274509803922
0.474509803921569
0.482352941176471
0.490196078431373
0.490196078431373
0.486274509803922
0.47843137254902
0.486274509803922
0.485803921568627
0.482352941176471
0.47843137254902
0.482352941176471
0.47843137254902
0.47843137254902
0.482352941176471
0.482352941176471
0.485921568627451
0.47843137254902
0.482352941176471
0.47843137254902
0.47843137254902
0.482
0.47843137254902
0.47843137254902
0.47843137254902
0.486274509803922
0.486274509803922
0.494117647058824
0.490196078431373
0.486274509803922
0.486274509803922
0.494117647058824
0.490196078431373
0.486274509803922
0.486274509803922
0.494117647058824
0.494117647058824
0.494117647058824
0.490196078431373
0.497686274509804
0.490196078431373
0.490196078431373
0.490196078431373
0.494117647058824
0.494117647058824
0.47843137254902
0.482352941176471
0.47843137254902
0.47843137254902
0.466666666666667
0.482
0.482352941176471
0.482352941176471
0.47843137254902
0.474509803921569
0.482352941176471
0.47843137254902
0.470588235294118
0.470588235294118
0.47843137254902
0.474509803921569
0.474509803921569
0.474509803921569
0.470588235294118
0.470588235294118
0.474509803921569
0.474509803921569
0.470588235294118
0.470588235294118
0.474509803921569
0.470588235294118
0.474509803921569
0.474509803921569
0.477960784313726
0.470588235294118
0.482352941176471
0.47843137254902
0.47843137254902
0.47843137254902
0.482352941176471
0.47843137254902
0.474509803921569
0.474509803921569
0.482352941176471
0.482352941176471
0.486274509803922
0.482352941176471
0.490196078431373
0.490196078431373
0.474509803921569
0.47843137254902
0.486274509803922
0.486274509803922
0.474509803921569
0.47843137254902
0.470588235294118
0.470588235294118
0.454901960784314
0.482
0.482352941176471
0.481882352941176
0.474509803921569
0.466666666666667
0.474039215686274
0.47843137254902
0.478078431372549
0.470588235294118
0.474509803921569
0.474039215686274
0.470588235294118
0.470588235294118
0.466666666666667
0.462745098039216
0.470588235294118
0.470588235294118
0.466666666666667
0.466666666666667
0.470117647058824
0.466666666666667
0.470588235294118
0.466666666666667
0.478078431372549
0.470588235294118
0.482
0.474509803921569
0.47843137254902
0.474509803921569
0.47843137254902
0.47843137254902
0.474509803921569
0.474509803921569
0.47843137254902
0.47843137254902
0.47843137254902
0.47843137254902
0.482352941176471
0.482352941176471
0.466666666666667
0.470588235294118
0.470588235294118
0.474509803921569
0.462745098039216
0.466666666666667
0.462745098039216
0.462745098039216
0.450980392156863
0.470588235294118
0.47843137254902
0.47843137254902
0.470588235294118
0.466666666666667
0.470588235294118
0.470588235294118
0.470235294117647
0.462745098039216
0.474509803921569
0.470588235294118
0.470588235294118
0.470588235294118
0.462745098039216
0.462745098039216
0.462745098039216
0.462745098039216
0.462745098039216
0.466666666666667
0.462745098039216
0.462745098039216
0.462745098039216
0.462745098039216
0.466666666666667
0.466666666666667
0.474509803921569
0.470588235294118
0.474156862745098
0.470588235294118
0.47843137254902
0.470588235294118
0.474509803921569
0.482
0.482352941176471
0.482352941176471
0.474509803921569
0.47843137254902
0.482352941176471
0.482352941176471
0.466666666666667
0.470588235294118
0.470588235294118
0.474509803921569
0.466666666666667
0.466666666666667
0.462745098039216
0.462745098039216
0.446705882352941
0.466313725490196
0.470588235294118
0.466666666666667
0.462745098039216
0.454901960784314
0.466313725490196
0.458823529411765
0.454901960784314
0.450980392156863
0.462745098039216
0.458823529411765
0.458823529411765
0.454901960784314
0.458823529411765
0.454901960784314
0.454901960784314
0.458823529411765
0.454901960784314
0.454901960784314
0.45443137254902
0.447058823529412
0.454901960784314
0.454901960784314
0.466666666666667
0.466666666666667
0.466666666666667
0.462745098039216
0.462745098039216
0.466666666666667
0.474509803921569
0.470588235294118
0.474509803921569
0.474509803921569
0.474509803921569
0.47843137254902
0.470588235294118
0.474509803921569
0.482352941176471
0.482352941176471
0.466666666666667
0.466666666666667
0.474509803921569
0.482352941176471
0.474509803921569
0.470588235294118
0.462745098039216
0.462745098039216
0.450980392156863
0.458823529411765
0.466666666666667
0.466666666666667
0.458823529411765
0.454901960784314
0.458823529411765
0.450980392156863
0.450980392156863
0.447058823529412
0.450980392156863
0.450980392156863
0.447058823529412
0.443137254901961
0.443137254901961
0.447058823529412
0.450627450980392
0.447058823529412
0.443137254901961
0.447058823529412
0.450980392156863
0.447058823529412
0.450980392156863
0.450980392156863
0.458823529411765
0.458823529411765
0.466666666666667
0.466666666666667
0.466666666666667
0.466666666666667
0.47843137254902
0.474509803921569
0.474509803921569
0.47843137254902
0.47843137254902
0.47843137254902
0.470588235294118
0.470588235294118
0.47843137254902
0.47843137254902
0.470235294117647
0.474509803921569
0.466666666666667
0.474509803921569
0.470588235294118
0.470588235294118
0.466666666666667
0.470588235294118
0.450980392156863
0.450627450980392
0.450980392156863
0.454901960784314
0.450980392156863
0.443137254901961
0.450509803921569
0.443137254901961
0.443137254901961
0.43921568627451
0.443137254901961
0.43921568627451
0.43921568627451
0.431372549019608
0.431372549019608
0.43921568627451
0.435294117647059
0.43921568627451
0.434941176470588
0.43921568627451
0.435294117647059
0.438862745098039
0.443137254901961
0.447058823529412
0.450980392156863
0.454901960784314
0.466666666666667
0.458823529411765
0.462745098039216
0.462745098039216
0.474509803921569
0.474509803921569
0.470588235294118
0.474039215686274
0.47843137254902
0.47843137254902
0.470588235294118
0.474509803921569
0.47843137254902
0.481882352941176
0.470588235294118
0.470588235294118
0.466666666666667
0.47843137254902
0.474509803921569
0.470588235294118
0.462745098039216
0.466313725490196
0.458823529411765
0.435294117647059
0.43921568627451
0.43921568627451
0.43921568627451
0.431372549019608
0.43921568627451
0.427450980392157
0.423529411764706
0.423529411764706
0.431372549019608
0.426980392156863
0.426980392156863
0.423529411764706
0.419607843137255
0.427450980392157
0.427450980392157
0.431019607843137
0.427450980392157
0.423529411764706
0.419607843137255
0.419607843137255
0.431372549019608
0.435294117647059
0.435294117647059
0.435294117647059
0.447058823529412
0.43921568627451
0.443137254901961
0.447058823529412
0.462745098039216
0.462745098039216
0.462745098039216
0.466313725490196
0.466666666666667
0.470588235294118
0.466666666666667
0.470588235294118
0.474509803921569
0.47843137254902
0.466666666666667
0.470235294117647
0.470588235294118
0.47843137254902
0.47843137254902
0.474509803921569
0.462745098039216
0.466666666666667
0.458823529411765
0.423529411764706
0.431372549019608
0.431372549019608
0.427450980392157
0.423529411764706
0.431019607843137
0.423529411764706
0.411764705882353
0.415686274509804
0.415686274509804
0.415686274509804
0.41521568627451
0.411764705882353
0.411764705882353
0.415686274509804
0.407843137254902
0.407843137254902
0.411411764705882
0.407843137254902
0.407843137254902
0.407843137254902
0.419137254901961
0.419607843137255
0.427450980392157
0.431372549019608
0.435294117647059
0.438862745098039
0.435294117647059
0.435294117647059
0.450980392156863
0.450980392156863
0.450980392156863
0.454901960784314
0.458823529411765
0.454901960784314
0.454901960784314
0.450980392156863
0.462745098039216
0.462745098039216
0.458823529411765
0.454901960784314
0.458823529411765
0.462745098039216
0.458823529411765
0.458823529411765
0.443137254901961
0.446705882352941
0.443137254901961
0.419607843137255
0.423529411764706
0.427450980392157
0.419607843137255
0.415686274509804
0.419607843137255
0.419607843137255
0.407843137254902
0.407843137254902
0.4
0.4
0.40356862745098
0.4
0.403921568627451
0.403921568627451
0.4
0.4
0.4
0.4
0.396078431372549
0.396078431372549
0.403921568627451
0.407843137254902
0.411764705882353
0.411764705882353
0.419607843137255
0.419607843137255
0.423529411764706
0.427450980392157
0.43921568627451
0.435294117647059
0.43921568627451
0.443137254901961
0.447058823529412
0.450980392156863
0.443137254901961
0.446705882352941
0.454901960784314
0.454901960784314
0.450980392156863
0.454901960784314
0.450980392156863
0.450980392156863
0.447058823529412
0.447058823529412
0.427450980392157
0.431019607843137
0.423529411764706
0.415686274509804
0.415686274509804
0.411764705882353
0.407843137254902
0.4
0.403921568627451
0.403921568627451
0.392156862745098
0.392156862745098
0.392156862745098
0.392156862745098
0.388235294117647
0.384313725490196
0.388235294117647
0.388235294117647
0.384313725490196
0.380392156862745
0.380392156862745
0.376470588235294
0.372549019607843
0.372549019607843
0.384313725490196
0.384313725490196
0.384313725490196
0.387764705882353
0.392156862745098
0.392156862745098
0.396078431372549
0.4
0.415686274509804
0.411764705882353
0.415686274509804
0.419607843137255
0.427450980392157
0.423529411764706
0.419607843137255
0.423529411764706
0.431372549019608
0.431372549019608
0.435294117647059
0.427450980392157
0.423529411764706
0.423529411764706
0.427450980392157
0.423529411764706
0.411764705882353
0.411764705882353
0.4
0.403921568627451
0.403921568627451
0.403921568627451
0.403921568627451
0.395607843137255
0.396078431372549
0.388235294117647
0.380392156862745
0.380392156862745
0.380392156862745
0.372549019607843
0.368627450980392
0.368627450980392
0.380392156862745
0.376117647058824
0.372549019607843
0.368627450980392
0.36078431372549
0.36078431372549
0.352941176470588
0.352941176470588
0.364705882352941
0.364705882352941
0.368627450980392
0.372549019607843
0.376470588235294
0.376470588235294
0.372549019607843
0.372549019607843
0.384313725490196
0.384313725490196
0.384313725490196
0.388235294117647
0.392156862745098
0.395607843137255
0.392156862745098
0.396078431372549
0.4
0.403921568627451
0.403921568627451
0.396078431372549
0.396078431372549
0.396078431372549
0.392156862745098
0.392156862745098
0.384313725490196
0.384313725490196
0.372549019607843
0.4
0.4
0.4
0.396078431372549
0.392156862745098
0.388235294117647
0.384313725490196
0.376470588235294
0.376470588235294
0.376470588235294
0.368627450980392
0.364705882352941
0.364705882352941
0.364705882352941
0.36078431372549
0.364705882352941
0.36078431372549
0.349019607843137
0.349019607843137
0.340823529411765
0.340823529411765
0.349019607843137
0.349019607843137
0.345098039215686
0.349019607843137
0.352941176470588
0.356862745098039
0.36078431372549
0.36078431372549
0.364705882352941
0.36078431372549
0.36078431372549
0.368627450980392
0.368627450980392
0.368627450980392
0.364705882352941
0.364705882352941
0.372549019607843
0.376
0.376470588235294
0.368627450980392
0.372549019607843
0.372549019607843
0.364705882352941
0.36078431372549
0.356862745098039
0.36078431372549
0.341176470588235
0.403921568627451
0.4
0.396078431372549
0.388235294117647
0.388235294117647
0.388235294117647
0.376470588235294
0.372549019607843
0.372549019607843
0.368627450980392
0.368627450980392
0.356862745098039
0.356862745098039
0.36078431372549
0.36078431372549
0.356509803921569
0.349019607843137
0.349019607843137
0.345098039215686
0.333333333333333
0.333333333333333
0.337254901960784
0.337254901960784
0.333333333333333
0.333333333333333
0.337254901960784
0.337254901960784
0.333333333333333
0.333333333333333
0.341176470588235
0.337254901960784
0.337254901960784
0.337254901960784
0.345098039215686
0.341176470588235
0.333333333333333
0.33678431372549
0.344627450980392
0.345098039215686
0.349019607843137
0.340705882352941
0.349019607843137
0.349019607843137
0.344745098039216
0.333333333333333
0.325490196078431
0.337254901960784
0.317647058823529
