0.176470588235294
0.184313725490196
0.184313725490196
0.188235294117647
0.184313725490196
0.180392156862745
0.184313725490196
0.184313725490196
0.184313725490196
0.184313725490196
0.192156862745098
0.192156862745098
0.192156862745098
0.196078431372549
0.196078431372549
0.20356862745098
0.2
0.207490196078431
0.2
0.203921568627451
0.211764705882353
0.215450980392157
0.215686274509804
0.215686274509804
0.223529411764706
0.227450980392157
0.231137254901961
0.235294117647059
0.231372549019608
0.254901960784314
0.254901960784314
0.309450980392157
0.282352941176471
0.282352941176471
0.298039215686275
0.313725490196078
0.262745098039216
0.313725490196078
0.305882352941176
0.305882352941176
0.305882352941176
0.301960784313725
0.32156862745098
0.284156862745098
0.24278431372549
0.235294117647059
0.231372549019608
0.243137254901961
0.168627450980392
0.168627450980392
0.168627450980392
0.168627450980392
0.168274509803922
0.164705882352941
0.168627450980392
0.168627450980392
0.172549019607843
0.172549019607843
0.176470588235294
0.176470588235294
0.176470588235294
0.180392156862745
0.176470588235294
0.184313725490196
0.184313725490196
0.192156862745098
0.192156862745098
0.192156862745098
0.196078431372549
0.203686274509804
0.207843137254902
0.203921568627451
0.203921568627451
0.215686274509804
0.219607843137255
0.215686274509804
0.215686274509804
0.262745098039216
0.262745098039216
0.32156862745098
0.282352941176471
0.223529411764706
0.227450980392157
0.32156862745098
0.298039215686275
0.290196078431373
0.301960784313725
0.305882352941176
0.282352941176471
0.305882352941176
0.301960784313725
0.309803921568627
0.227450980392157
0.219607843137255
0.223529411764706
0.215686274509804
0.164705882352941
0.156862745098039
0.156862745098039
0.16078431372549
0.168627450980392
0.156862745098039
0.156862745098039
0.16078431372549
0.156862745098039
0.156862745098039
0.16078431372549
0.164705882352941
0.164705882352941
0.16078431372549
0.168627450980392
0.168627450980392
0.168627450980392
0.168627450980392
0.16078431372549
0.172549019607843
0.176470588235294
0.184313725490196
0.184313725490196
0.196078431372549
0.180392156862745
0.192156862745098
0.203921568627451
0.188235294117647
0.196078431372549
0.262745098039216
0.262745098039216
0.333333333333333
0.282352941176471
0.231372549019608
0.243137254901961
0.301960784313725
0.325254901960784
0.305882352941176
0.305882352941176
0.309803921568627
0.309803921568627
0.294117647058824
0.274509803921569
0.305529411764706
0.246705882352941
0.203921568627451
0.2
0.192156862745098
0.141176470588235
0.149019607843137
0.145098039215686
0.152941176470588
0.141176470588235
0.156862745098039
0.156627450980392
0.16078431372549
0.145098039215686
0.152705882352941
0.164352941176471
0.164705882352941
0.152941176470588
0.16078431372549
0.164705882352941
0.152941176470588
0.152941176470588
0.152941176470588
0.152941176470588
0.16078431372549
0.156862745098039
0.164705882352941
0.164705882352941
0.172549019607843
0.168627450980392
0.172549019607843
0.176470588235294
0.172549019607843
0.176470588235294
0.176470588235294
0.238980392156863
0.286274509803922
0.274509803921569
0.207843137254902
0.191921568627451
0.192156862745098
0.270588235294118
0.285921568627451
0.262745098039216
0.23921568627451
0.188235294117647
0.192156862745098
0.196078431372549
0.250627450980392
0.192156862745098
0.191803921568627
0.184313725490196
0.183960784313726
0.137254901960784
0.149019607843137
0.141176470588235
0.145098039215686
0.145098039215686
0.137254901960784
0.145098039215686
0.176
0.141176470588235
0.141176470588235
0.192156862745098
0.145098039215686
0.141176470588235
0.16043137254902
0.145098039215686
0.12156862745098
0.145098039215686
0.145098039215686
0.144745098039216
0.152941176470588
0.145098039215686
0.149019607843137
0.149019607843137
0.16078431372549
0.152941176470588
0.16078431372549
0.164705882352941
0.172549019607843
0.168627450980392
0.172549019607843
0.242666666666667
0.192156862745098
0.238862745098039
0.199647058823529
0.188235294117647
0.172549019607843
0.172549019607843
0.176470588235294
0.176470588235294
0.192156862745098
0.192156862745098
0.215450980392157
0.180392156862745
0.176470588235294
0.168627450980392
0.168627450980392
0.168627450980392
0.16078431372549
0.129411764705882
0.129411764705882
0.133333333333333
0.149019607843137
0.152705882352941
0.137254901960784
0.152588235294118
0.180156862745098
0.133333333333333
0.141176470588235
0.176117647058824
0.168392156862745
0.156509803921569
0.133333333333333
0.133333333333333
0.129411764705882
0.129411764705882
0.133333333333333
0.133333333333333
0.137254901960784
0.133333333333333
0.137254901960784
0.137254901960784
0.149019607843137
0.137254901960784
0.145098039215686
0.145098039215686
0.145098039215686
0.149019607843137
0.149019607843137
0.149019607843137
0.179686274509804
0.180392156862745
0.227450980392157
0.176117647058824
0.156862745098039
0.168627450980392
0.16078431372549
0.156862745098039
0.16078431372549
0.152941176470588
0.156862745098039
0.156627450980392
0.152941176470588
0.149019607843137
0.149019607843137
0.149019607843137
0.149019607843137
0.12121568627451
0.125490196078431
0.129411764705882
0.156509803921569
0.2
0.211764705882353
0.211764705882353
0.231372549019608
0.145098039215686
0.188235294117647
0.196078431372549
0.129058823529412
0.12156862745098
0.125490196078431
0.12156862745098
0.12156862745098
0.12156862745098
0.125490196078431
0.129411764705882
0.125490196078431
0.12156862745098
0.129411764705882
0.125490196078431
0.137254901960784
0.129411764705882
0.133333333333333
0.133333333333333
0.137254901960784
0.133333333333333
0.133333333333333
0.137254901960784
0.176470588235294
0.144745098039216
0.180039215686275
0.160549019607843
0.152941176470588
0.152941176470588
0.149019607843137
0.137254901960784
0.141176470588235
0.137254901960784
0.137254901960784
0.137254901960784
0.141176470588235
0.117647058823529
0.137254901960784
0.137254901960784
0.136901960784314
0.12156862745098
0.129411764705882
0.133333333333333
0.129411764705882
0.156862745098039
0.211764705882353
0.207843137254902
0.180392156862745
0.168274509803922
0.219372549019608
0.145098039215686
0.133333333333333
0.12156862745098
0.125490196078431
0.12156862745098
0.125490196078431
0.12156862745098
0.12156862745098
0.12156862745098
0.133333333333333
0.113725490196078
0.117647058823529
0.113725490196078
0.125490196078431
0.12156862745098
0.125490196078431
0.117647058823529
0.129411764705882
0.129411764705882
0.129411764705882
0.129411764705882
0.148666666666667
0.203921568627451
0.203921568627451
0.203921568627451
0.180039215686275
0.137254901960784
0.137254901960784
0.133333333333333
0.137254901960784
0.129411764705882
0.137254901960784
0.133333333333333
0.145098039215686
0.137254901960784
0.133333333333333
0.129411764705882
0.117647058823529
0.12156862745098
0.125490196078431
0.152941176470588
0.196078431372549
0.207843137254902
0.223529411764706
0.203921568627451
0.196078431372549
0.168627450980392
0.176470588235294
0.184313725490196
0.156862745098039
0.164705882352941
0.152941176470588
0.145098039215686
0.152941176470588
0.164705882352941
0.136901960784314
0.12156862745098
0.12156862745098
0.113725490196078
0.113725490196078
0.109803921568627
0.125490196078431
0.117647058823529
0.125137254901961
0.117647058823529
0.117647058823529
0.117647058823529
0.12156862745098
0.117647058823529
0.125490196078431
0.12156862745098
0.223529411764706
0.2
0.184313725490196
0.176470588235294
0.148666666666667
0.12156862745098
0.125490196078431
0.125490196078431
0.129411764705882
0.129411764705882
0.168627450980392
0.164705882352941
0.129411764705882
0.141176470588235
0.109803921568627
0.117647058823529
0.149019607843137
0.149019607843137
0.188235294117647
0.188
0.180039215686275
0.168274509803922
0.164352941176471
0.141176470588235
0.144862745098039
0.172313725490196
0.176470588235294
0.113725490196078
0.109803921568627
0.105882352941176
0.117647058823529
0.144862745098039
0.113725490196078
0.109803921568627
0.113490196078431
0.105882352941176
0.109803921568627
0.105882352941176
0.113725490196078
0.109803921568627
0.113725490196078
0.113725490196078
0.113725490196078
0.109803921568627
0.113725490196078
0.113725490196078
0.113725490196078
0.109803921568627
0.113725490196078
0.117647058823529
0.125490196078431
0.125490196078431
0.144862745098039
0.129411764705882
0.125490196078431
0.12156862745098
0.117647058823529
0.12156862745098
0.129058823529412
0.117647058823529
0.117647058823529
0.113725490196078
0.105882352941176
0.113725490196078
0.117647058823529
0.125490196078431
0.125137254901961
0.117647058823529
0.180156862745098
0.172549019607843
0.2
0.133333333333333
0.145098039215686
0.152941176470588
0.156862745098039
0.105882352941176
0.113725490196078
0.109803921568627
0.105882352941176
0.109803921568627
0.105882352941176
0.113372549019608
0.109803921568627
0.101960784313725
0.105882352941176
0.105882352941176
0.113725490196078
0.105882352941176
0.113725490196078
0.113725490196078
0.125490196078431
0.109803921568627
0.113725490196078
0.113725490196078
0.125137254901961
0.113725490196078
0.117647058823529
0.113725490196078
0.113725490196078
0.109803921568627
0.12156862745098
0.117647058823529
0.117647058823529
0.117647058823529
0.117647058823529
0.12156862745098
0.129058823529412
0.109803921568627
0.105882352941176
0.113725490196078
0.101960784313725
0.109803921568627
0.117647058823529
0.12156862745098
0.113725490196078
0.117647058823529
0.172313725490196
0.12156862745098
0.167921568627451
0.12156862745098
0.152941176470588
0.152941176470588
0.105882352941176
0.105529411764706
0.101960784313725
0.101960784313725
0.101960784313725
0.105882352941176
0.101960784313725
0.105882352941176
0.109803921568627
0.101960784313725
0.105882352941176
0.101960784313725
0.109803921568627
0.109803921568627
0.113372549019608
0.109803921568627
0.117647058823529
0.113725490196078
0.12156862745098
0.113725490196078
0.113725490196078
0.113725490196078
0.117647058823529
0.113725490196078
0.117647058823529
0.117647058823529
0.129411764705882
0.12156862745098
0.12156862745098
0.133333333333333
0.12156862745098
0.113725490196078
0.133333333333333
0.109803921568627
0.105882352941176
0.12156862745098
0.101960784313725
0.105882352941176
0.109450980392157
0.109450980392157
0.105882352941176
0.101960784313725
0.101960784313725
0.101960784313725
0.136549019607843
0.101960784313725
0.160078431372549
0.152941176470588
0.101960784313725
0.101960784313725
0.101960784313725
0.101607843137255
0.101960784313725
0.101960784313725
0.105882352941176
0.113725490196078
0.109803921568627
0.0976862745098039
0.109803921568627
0.105882352941176
0.109803921568627
0.105882352941176
0.109803921568627
0.109803921568627
0.109803921568627
0.117647058823529
0.144745098039216
0.125490196078431
0.12156862745098
0.117647058823529
0.133333333333333
0.191803921568627
0.184313725490196
0.172313725490196
0.152941176470588
0.129411764705882
0.125490196078431
0.125490196078431
0.125490196078431
0.125490196078431
0.156862745098039
0.156862745098039
0.141176470588235
0.164470588235294
0.12156862745098
0.105882352941176
0.109803921568627
0.109803921568627
0.109803921568627
0.117647058823529
0.109803921568627
0.125490196078431
0.152941176470588
0.145098039215686
0.156862745098039
0.152941176470588
0.105882352941176
0.105882352941176
0.0901960784313725
0.0901960784313725
0.0980392156862745
0.0980392156862745
0.113372549019608
0.12156862745098
0.143921568627451
0.0941176470588235
0.101960784313725
0.109803921568627
0.109803921568627
0.101960784313725
0.109803921568627
0.105882352941176
0.109803921568627
0.117647058823529
0.117647058823529
0.12156862745098
0.12156862745098
0.136901960784314
0.152941176470588
0.168627450980392
0.180392156862745
0.168627450980392
0.164705882352941
0.133333333333333
0.12156862745098
0.12156862745098
0.12156862745098
0.12156862745098
0.209647058823529
0.156862745098039
0.12156862745098
0.129058823529412
0.117294117647059
0.109803921568627
0.109803921568627
0.105882352941176
0.109803921568627
0.113372549019608
0.133333333333333
0.156862745098039
0.183843137254902
0.172549019607843
0.168274509803922
0.133333333333333
0.101960784313725
0.0980392156862745
0.0941176470588235
0.0941176470588235
0.0980392156862745
0.152588235294118
0.129411764705882
0.0941176470588235
0.137254901960784
0.0901960784313725
0.101960784313725
0.109803921568627
0.105882352941176
0.105882352941176
0.109803921568627
0.113725490196078
0.113725490196078
0.109803921568627
0.117647058823529
0.113725490196078
0.117647058823529
0.117647058823529
0.125490196078431
0.168627450980392
0.184313725490196
0.137019607843137
0.188235294117647
0.129411764705882
0.129058823529412
0.117647058823529
0.12156862745098
0.12156862745098
0.203921568627451
0.176470588235294
0.12156862745098
0.129058823529412
0.113725490196078
0.0980392156862745
0.0980392156862745
0.0980392156862745
0.0980392156862745
0.0862745098039216
0.0901960784313725
0.125490196078431
0.164352941176471
0.129411764705882
0.141176470588235
0.144862745098039
0.164705882352941
0.129411764705882
0.144745098039216
0.0941176470588235
0.0980392156862745
0.0823529411764706
0.0941176470588235
0.0862745098039216
0.101725490196078
0.0980392156862745
0.0941176470588235
0.12156862745098
0.0941176470588235
0.0980392156862745
0.101960784313725
0.101960784313725
0.101960784313725
0.101960784313725
0.109803921568627
0.117647058823529
0.117647058823529
0.117647058823529
0.12156862745098
0.12156862745098
0.191803921568627
0.172549019607843
0.137254901960784
0.133333333333333
0.125490196078431
0.125490196078431
0.125490196078431
0.129411764705882
0.192156862745098
0.180039215686275
0.12156862745098
0.12156862745098
0.113725490196078
0.0980392156862745
0.0980392156862745
0.0980392156862745
0.0980392156862745
0.0901960784313725
0.0901960784313725
0.125490196078431
0.140823529411765
0.0901960784313725
0.0980392156862745
0.105882352941176
0.0823529411764706
0.0823529411764706
0.0823529411764706
0.0862745098039216
0.0901960784313725
0.089843137254902
0.105529411764706
0.101960784313725
0.0901960784313725
0.0823529411764706
0.0862745098039216
0.0823529411764706
0.0941176470588235
0.0941176470588235
0.101960784313725
0.101960784313725
0.109803921568627
0.105647058823529
0.109803921568627
0.156509803921569
0.191803921568627
0.117647058823529
0.117647058823529
0.117647058823529
0.203686274509804
0.172196078431373
0.156862745098039
0.133333333333333
0.12156862745098
0.12156862745098
0.12156862745098
0.129411764705882
0.207843137254902
0.196078431372549
0.12156862745098
0.12156862745098
0.113725490196078
0.0941176470588235
0.0978039215686275
0.0938823529411765
0.0941176470588235
0.0941176470588235
0.0901960784313725
0.0901960784313725
0.0937647058823529
0.0862745098039216
0.0823529411764706
0.0784313725490196
0.0823529411764706
0.0781960784313725
0.0784313725490196
0.0784313725490196
0.0784313725490196
0.0784313725490196
0.0823529411764706
0.0784313725490196
0.0784313725490196
0.0784313725490196
0.082
0.0784313725490196
0.0862745098039216
0.0862745098039216
0.0941176470588235
0.0941176470588235
0.0980392156862745
0.109803921568627
0.113725490196078
0.125490196078431
0.113725490196078
0.109803921568627
0.12156862745098
0.117647058823529
0.168627450980392
0.172549019607843
0.156862745098039
0.129058823529412
0.12156862745098
0.117647058823529
0.12156862745098
0.141176470588235
0.172549019607843
0.188
0.172549019607843
0.180039215686275
0.105882352941176
0.0941176470588235
0.0941176470588235
0.0823529411764706
0.0901960784313725
0.0823529411764706
0.0862745098039216
0.0862745098039216
0.085921568627451
0.0784313725490196
0.0823529411764706
0.0784313725490196
0.0784313725490196
0.0666666666666667
0.0784313725490196
0.0784313725490196
0.0705882352941176
0.0742745098039216
0.0705882352941176
0.0705882352941176
0.0703529411764706
0.0666666666666667
0.0705882352941176
0.0705882352941176
0.0745098039215686
0.0745098039215686
0.0823529411764706
0.0823529411764706
0.0823529411764706
0.0862745098039216
0.0980392156862745
0.0941176470588235
0.0980392156862745
0.0980392156862745
0.105882352941176
0.105882352941176
0.105882352941176
0.105882352941176
0.109803921568627
0.109803921568627
0.113725490196078
0.109803921568627
0.105882352941176
0.105882352941176
0.109803921568627
0.105882352941176
0.0980392156862745
0.0980392156862745
0.0901960784313725
0.0941176470588235
0.0941176470588235
0.0941176470588235
0.0901960784313725
0.0745098039215686
0.0823529411764706
0.0823529411764706
0.0784313725490196
0.0784313725490196
0.0745098039215686
0.0745098039215686
0.0745098039215686
0.0705882352941176
0.0745098039215686
0.0705882352941176
0.0705882352941176
0.0705882352941176
0.0627450980392157
0.0627450980392157
0.0549019607843137
0.0588235294117647
0.0627450980392157
0.0627450980392157
0.0705882352941176
0.0705882352941176
0.0745098039215686
0.0745098039215686
0.0745098039215686
0.0745098039215686
0.0823529411764706
0.0823529411764706
0.0823529411764706
0.0862745098039216
0.089843137254902
0.0862745098039216
0.0901960784313725
0.0901960784313725
0.0980392156862745
0.0980392156862745
0.0980392156862745
0.0941176470588235
0.0941176470588235
0.0941176470588235
0.0901960784313725
0.0862745098039216
0.0823529411764706
0.0823529411764706
0.0745098039215686
0.0980392156862745
0.0980392156862745
0.0941176470588235
0.0980392156862745
0.0862745098039216
0.0862745098039216
0.0823529411764706
0.0784313725490196
0.0823529411764706
0.0745098039215686
0.0745098039215686
0.0705882352941176
0.0705882352941176
0.0745098039215686
0.0623921568627451
0.0705882352941176
0.0705882352941176
0.0627450980392157
0.0627450980392157
0.0549019607843137
0.0549019607843137
0.0627450980392157
0.0627450980392157
0.0627450980392157
0.0627450980392157
0.0705882352941176
0.0666666666666667
0.0745098039215686
0.0705882352941176
0.0745098039215686
0.0705882352941176
0.0705882352941176
0.0784313725490196
0.0784313725490196
0.0784313725490196
0.0784313725490196
0.0862745098039216
0.0860392156862745
0.0823529411764706
0.0862745098039216
0.0823529411764706
0.0823529411764706
0.0823529411764706
0.0823529411764706
0.0823529411764706
0.0745098039215686
0.0745098039215686
0.0666666666666667
0.105882352941176
0.105882352941176
0.105882352941176
0.101960784313725
0.0941176470588235
0.0941176470588235
0.0901960784313725
0.0862745098039216
0.0901960784313725
0.0862745098039216
0.0784313725490196
0.0784313725490196
0.0745098039215686
0.0745098039215686
0.0745098039215686
0.0745098039215686
0.0627450980392157
0.0666666666666667
0.0666666666666667
0.0588235294117647
0.0549019607843137
0.0627450980392157
0.0588235294117647
0.0627450980392157
0.0627450980392157
0.0666666666666667
0.0627450980392157
0.0585882352941176
0.0588235294117647
0.0549019607843137
0.0666666666666667
0.0627450980392157
0.0627450980392157
0.0705882352941176
0.0666666666666667
0.0663137254901961
0.0666666666666667
0.0705882352941176
0.0705882352941176
0.0745098039215686
0.0627450980392157
0.0666666666666667
0.0705882352941176
0.0705882352941176
0.0666666666666667
0.0627450980392157
0.0666666666666667
0.0549019607843137
