0.807843137254902
0.815686274509804
0.811764705882353
0.815686274509804
0.815686274509804
0.815686274509804
0.819607843137255
0.823529411764706
0.827450980392157
0.831372549019608
0.835294117647059
0.835294117647059
0.83921568627451
0.843137254901961
0.843137254901961
0.854901960784314
0.858823529411765
0.858823529411765
0.862745098039216
0.862745098039216
0.870588235294118
0.870588235294118
0.87843137254902
0.874509803921569
0.886274509803922
0.886274509803922
0.890196078431372
0.890196078431372
0.890196078431372
0.901960784313726
0.901960784313726
0.901960784313726
0.901960784313726
0.909803921568627
0.913725490196078
0.913725490196078
0.909803921568627
0.917647058823529
0.913725490196078
0.917647058823529
0.905882352941176
0.905882352941176
0.913725490196078
0.909803921568627
0.905882352941176
0.905882352941176
0.901960784313726
0.913725490196078
0.807843137254902
0.823529411764706
0.819607843137255
0.823529411764706
0.819607843137255
0.823529411764706
0.823529411764706
0.827450980392157
0.831372549019608
0.835294117647059
0.843137254901961
0.83921568627451
0.843137254901961
0.847058823529412
0.850980392156863
0.858823529411765
0.858823529411765
0.862745098039216
0.862745098039216
0.866666666666667
0.870588235294118
0.874509803921569
0.882352941176471
0.87843137254902
0.886274509803922
0.890196078431372
0.898039215686275
0.894117647058824
0.898039215686275
0.905882352941176
0.909803921568627
0.905882352941176
0.901960784313726
0.913725490196078
0.917647058823529
0.92156862745098
0.913725490196078
0.917647058823529
0.917647058823529
0.92156862745098
0.913725490196078
0.913725490196078
0.92156862745098
0.921098039215686
0.913725490196078
0.913725490196078
0.913725490196078
0.92156862745098
0.811764705882353
0.823529411764706
0.819607843137255
0.823529411764706
0.827450980392157
0.823529411764706
0.823529411764706
0.831372549019608
0.835294117647059
0.835294117647059
0.843137254901961
0.843137254901961
0.847058823529412
0.847058823529412
0.850980392156863
0.858823529411765
0.858823529411765
0.862745098039216
0.862745098039216
0.866666666666667
0.874509803921569
0.87843137254902
0.882
0.87843137254902
0.886274509803922
0.886274509803922
0.894117647058824
0.894117647058824
0.898039215686275
0.901960784313726
0.905882352941176
0.909803921568627
0.905882352941176
0.913725490196078
0.917647058823529
0.92156862745098
0.917647058823529
0.92156862745098
0.925490196078431
0.925490196078431
0.92156862745098
0.92156862745098
0.925490196078431
0.929411764705882
0.92156862745098
0.92156862745098
0.917647058823529
0.917647058823529
0.815686274509804
0.827450980392157
0.819607843137255
0.827450980392157
0.827450980392157
0.827450980392157
0.827450980392157
0.831372549019608
0.835294117647059
0.838862745098039
0.83921568627451
0.83921568627451
0.843137254901961
0.843137254901961
0.850980392156863
0.854901960784314
0.854901960784314
0.858823529411765
0.858823529411765
0.862745098039216
0.866666666666667
0.866666666666667
0.874509803921569
0.874509803921569
0.882352941176471
0.882352941176471
0.894117647058824
0.890196078431372
0.890196078431372
0.894117647058824
0.901607843137255
0.898039215686275
0.898039215686275
0.905882352941176
0.909803921568627
0.913725490196078
0.909803921568627
0.909803921568627
0.913725490196078
0.917647058823529
0.909803921568627
0.913725490196078
0.917294117647059
0.917647058823529
0.917647058823529
0.917647058823529
0.913725490196078
0.913725490196078
0.815686274509804
0.827450980392157
0.823529411764706
0.831372549019608
0.827450980392157
0.827450980392157
0.827450980392157
0.835294117647059
0.835294117647059
0.835294117647059
0.83921568627451
0.83921568627451
0.843137254901961
0.843137254901961
0.847058823529412
0.854901960784314
0.854901960784314
0.858823529411765
0.858823529411765
0.858823529411765
0.862745098039216
0.866666666666667
0.870588235294118
0.870588235294118
0.87843137254902
0.87843137254902
0.890196078431372
0.886274509803922
0.890196078431372
0.890196078431372
0.898039215686275
0.898039215686275
0.894117647058824
0.905882352941176
0.901960784313726
0.905882352941176
0.901960784313726
0.901960784313726
0.905882352941176
0.913725490196078
0.905882352941176
0.909803921568627
0.913372549019608
0.909803921568627
0.905882352941176
0.909803921568627
0.905882352941176
0.905882352941176
0.815686274509804
0.827450980392157
0.827450980392157
0.834941176470588
0.831372549019608
0.827450980392157
0.831372549019608
0.835294117647059
0.83921568627451
0.83921568627451
0.843137254901961
0.83921568627451
0.843137254901961
0.843137254901961
0.850980392156863
0.847058823529412
0.847058823529412
0.858823529411765
0.858823529411765
0.858823529411765
0.862745098039216
0.866313725490196
0.862745098039216
0.866313725490196
0.870588235294118
0.874509803921569
0.882352941176471
0.87843137254902
0.882352941176471
0.882352941176471
0.890196078431372
0.890196078431372
0.886274509803922
0.894117647058824
0.898039215686275
0.898039215686275
0.894117647058824
0.898039215686275
0.901960784313726
0.905882352941176
0.894117647058824
0.901960784313726
0.905882352941176
0.901960784313726
0.898039215686275
0.901960784313726
0.898039215686275
0.901960784313726
0.819607843137255
0.827450980392157
0.827450980392157
0.831372549019608
0.827450980392157
0.827450980392157
0.835294117647059
0.835294117647059
0.835294117647059
0.835294117647059
0.83921568627451
0.83921568627451
0.83921568627451
0.83921568627451
0.843137254901961
0.847058823529412
0.847058823529412
0.850980392156863
0.850980392156863
0.854901960784314
0.854901960784314
0.854901960784314
0.858823529411765
0.862745098039216
0.866666666666667
0.870588235294118
0.874509803921569
0.874509803921569
0.874509803921569
0.874509803921569
0.87843137254902
0.882352941176471
0.87843137254902
0.886274509803922
0.886274509803922
0.890196078431372
0.890196078431372
0.890196078431372
0.890196078431372
0.894117647058824
0.886274509803922
0.890196078431372
0.890196078431372
0.890196078431372
0.894117647058824
0.890196078431372
0.890196078431372
0.894117647058824
0.819607843137255
0.827450980392157
0.831372549019608
0.831372549019608
0.827450980392157
0.827450980392157
0.835294117647059
0.835294117647059
0.831372549019608
0.835294117647059
0.83921568627451
0.835294117647059
0.83921568627451
0.83921568627451
0.843137254901961
0.847058823529412
0.847058823529412
0.850980392156863
0.850980392156863
0.854901960784314
0.850980392156863
0.854901960784314
0.854901960784314
0.862745098039216
0.862745098039216
0.870588235294118
0.874156862745098
0.866666666666667
0.874156862745098
0.874509803921569
0.874509803921569
0.87843137254902
0.870588235294118
0.87843137254902
0.87843137254902
0.882352941176471
0.87843137254902
0.886274509803922
0.882352941176471
0.886274509803922
0.882352941176471
0.886274509803922
0.886274509803922
0.886274509803922
0.886274509803922
0.886274509803922
0.882352941176471
0.882352941176471
0.815686274509804
0.823529411764706
0.823529411764706
0.831372549019608
0.827450980392157
0.823529411764706
0.835294117647059
0.831372549019608
0.831372549019608
0.83921568627451
0.83921568627451
0.835294117647059
0.838862745098039
0.843137254901961
0.843137254901961
0.847058823529412
0.843137254901961
0.847058823529412
0.843137254901961
0.854901960784314
0.850980392156863
0.850980392156863
0.850980392156863
0.858823529411765
0.858823529411765
0.866666666666667
0.862745098039216
0.862745098039216
0.866666666666667
0.866666666666667
0.870588235294118
0.870588235294118
0.866666666666667
0.874509803921569
0.87843137254902
0.87843137254902
0.87843137254902
0.87843137254902
0.87843137254902
0.882352941176471
0.87843137254902
0.882352941176471
0.886274509803922
0.882
0.874509803921569
0.882352941176471
0.87843137254902
0.874509803921569
0.815686274509804
0.819607843137255
0.819607843137255
0.823529411764706
0.823529411764706
0.819607843137255
0.827450980392157
0.827450980392157
0.823529411764706
0.831372549019608
0.831372549019608
0.831372549019608
0.831372549019608
0.835294117647059
0.831372549019608
0.843137254901961
0.83921568627451
0.83921568627451
0.83921568627451
0.847058823529412
0.843137254901961
0.850627450980392
0.847058823529412
0.850980392156863
0.847058823529412
0.858823529411765
0.854901960784314
0.858823529411765
0.858823529411765
0.858823529411765
0.862745098039216
0.862745098039216
0.862745098039216
0.866666666666667
0.866666666666667
0.874509803921569
0.870588235294118
0.87843137254902
0.87843137254902
0.87843137254902
0.870588235294118
0.87843137254902
0.882352941176471
0.87843137254902
0.874509803921569
0.87843137254902
0.870588235294118
0.870588235294118
0.811764705882353
0.815686274509804
0.815686274509804
0.819607843137255
0.815686274509804
0.815686274509804
0.823529411764706
0.823529411764706
0.823529411764706
0.827450980392157
0.827450980392157
0.823529411764706
0.827450980392157
0.827450980392157
0.827450980392157
0.831372549019608
0.831372549019608
0.835294117647059
0.835294117647059
0.83921568627451
0.83921568627451
0.83921568627451
0.843137254901961
0.847058823529412
0.847058823529412
0.854901960784314
0.854901960784314
0.854901960784314
0.858823529411765
0.854901960784314
0.858823529411765
0.858823529411765
0.858823529411765
0.862745098039216
0.862745098039216
0.866666666666667
0.866666666666667
0.870588235294118
0.870588235294118
0.870588235294118
0.862745098039216
0.866666666666667
0.870588235294118
0.866666666666667
0.862745098039216
0.862745098039216
0.862745098039216
0.862745098039216
0.803921568627451
0.811764705882353
0.811764705882353
0.815686274509804
0.811764705882353
0.807843137254902
0.815686274509804
0.815686274509804
0.815686274509804
0.819607843137255
0.823529411764706
0.819607843137255
0.823529411764706
0.823529411764706
0.819607843137255
0.823529411764706
0.823529411764706
0.827450980392157
0.827450980392157
0.835294117647059
0.831372549019608
0.83921568627451
0.835294117647059
0.843137254901961
0.83921568627451
0.847058823529412
0.847058823529412
0.847058823529412
0.850980392156863
0.854901960784314
0.850980392156863
0.854549019607843
0.854901960784314
0.858823529411765
0.862745098039216
0.858823529411765
0.858823529411765
0.866666666666667
0.866666666666667
0.866666666666667
0.858823529411765
0.862745098039216
0.870588235294118
0.866666666666667
0.862745098039216
0.862745098039216
0.862745098039216
0.858823529411765
0.792156862745098
0.8
0.8
0.803921568627451
0.8
0.796078431372549
0.803921568627451
0.803921568627451
0.8
0.803921568627451
0.807843137254902
0.807843137254902
0.811764705882353
0.811764705882353
0.811764705882353
0.819607843137255
0.819607843137255
0.819607843137255
0.819607843137255
0.819607843137255
0.819607843137255
0.827450980392157
0.823529411764706
0.831019607843137
0.835294117647059
0.843137254901961
0.83921568627451
0.835294117647059
0.83921568627451
0.843137254901961
0.847058823529412
0.847058823529412
0.850980392156863
0.850980392156863
0.850980392156863
0.854901960784314
0.854901960784314
0.858823529411765
0.858823529411765
0.862745098039216
0.850980392156863
0.858823529411765
0.862745098039216
0.862745098039216
0.862745098039216
0.862745098039216
0.854901960784314
0.858823529411765
0.784313725490196
0.788235294117647
0.792156862745098
0.792156862745098
0.796078431372549
0.792156862745098
0.796078431372549
0.792156862745098
0.792156862745098
0.796078431372549
0.796078431372549
0.796078431372549
0.796078431372549
0.796078431372549
0.796078431372549
0.803921568627451
0.803921568627451
0.803921568627451
0.803921568627451
0.807843137254902
0.807843137254902
0.811764705882353
0.815686274509804
0.823058823529412
0.823529411764706
0.831372549019608
0.831372549019608
0.831372549019608
0.83921568627451
0.843137254901961
0.843137254901961
0.843137254901961
0.843137254901961
0.847058823529412
0.850980392156863
0.850980392156863
0.847058823529412
0.854901960784314
0.854901960784314
0.854901960784314
0.850980392156863
0.847058823529412
0.854901960784314
0.858823529411765
0.854901960784314
0.854901960784314
0.850980392156863
0.854901960784314
0.768627450980392
0.772549019607843
0.772549019607843
0.780392156862745
0.780392156862745
0.772549019607843
0.780392156862745
0.772549019607843
0.780392156862745
0.780392156862745
0.784313725490196
0.780392156862745
0.780392156862745
0.780392156862745
0.780392156862745
0.788235294117647
0.788235294117647
0.788235294117647
0.791803921568627
0.796078431372549
0.796078431372549
0.803921568627451
0.803921568627451
0.807843137254902
0.811764705882353
0.819254901960784
0.819137254901961
0.819607843137255
0.823529411764706
0.827450980392157
0.831372549019608
0.831372549019608
0.835294117647059
0.835294117647059
0.83921568627451
0.843137254901961
0.83921568627451
0.847058823529412
0.850980392156863
0.850980392156863
0.847058823529412
0.847058823529412
0.854549019607843
0.854901960784314
0.850980392156863
0.843137254901961
0.83921568627451
0.843137254901961
0.752941176470588
0.752941176470588
0.756862745098039
0.76078431372549
0.756862745098039
0.756862745098039
0.76078431372549
0.760313725490196
0.756862745098039
0.76078431372549
0.764705882352941
0.764705882352941
0.764705882352941
0.764705882352941
0.76078431372549
0.772549019607843
0.772549019607843
0.776470588235294
0.772549019607843
0.776470588235294
0.772549019607843
0.788235294117647
0.784313725490196
0.788235294117647
0.788235294117647
0.8
0.8
0.796078431372549
0.803921568627451
0.811764705882353
0.815686274509804
0.815686274509804
0.819607843137255
0.823529411764706
0.823529411764706
0.827450980392157
0.827450980392157
0.831372549019608
0.835294117647059
0.834941176470588
0.834941176470588
0.831372549019608
0.83921568627451
0.83921568627451
0.835294117647059
0.835294117647059
0.831372549019608
0.831372549019608
0.733333333333333
0.741176470588235
0.741176470588235
0.745098039215686
0.745098039215686
0.741176470588235
0.745098039215686
0.745098039215686
0.741176470588235
0.745098039215686
0.745098039215686
0.745098039215686
0.745098039215686
0.745098039215686
0.749019607843137
0.752941176470588
0.749019607843137
0.756862745098039
0.752941176470588
0.76078431372549
0.752941176470588
0.768627450980392
0.764705882352941
0.772549019607843
0.772549019607843
0.784313725490196
0.780392156862745
0.784313725490196
0.788235294117647
0.796078431372549
0.796078431372549
0.8
0.8
0.803921568627451
0.803921568627451
0.811764705882353
0.803921568627451
0.811764705882353
0.811764705882353
0.815686274509804
0.815686274509804
0.811764705882353
0.815686274509804
0.815686274509804
0.815686274509804
0.811764705882353
0.807843137254902
0.811764705882353
0.717294117647059
0.72156862745098
0.725490196078431
0.725490196078431
0.725490196078431
0.725490196078431
0.725490196078431
0.725490196078431
0.72156862745098
0.725490196078431
0.72156862745098
0.725490196078431
0.72156862745098
0.725490196078431
0.729411764705882
0.733333333333333
0.729411764705882
0.733333333333333
0.733333333333333
0.737254901960784
0.737254901960784
0.749019607843137
0.741176470588235
0.752941176470588
0.749019607843137
0.76078431372549
0.756862745098039
0.76078431372549
0.764705882352941
0.772549019607843
0.772549019607843
0.780392156862745
0.780392156862745
0.784313725490196
0.788235294117647
0.792156862745098
0.788235294117647
0.795725490196078
0.796078431372549
0.796078431372549
0.796078431372549
0.796078431372549
0.796078431372549
0.803921568627451
0.799529411764706
0.788235294117647
0.788235294117647
0.784313725490196
0.698039215686274
0.701960784313725
0.701960784313725
0.701960784313725
0.701490196078431
0.698039215686274
0.701960784313725
0.701960784313725
0.698039215686274
0.705882352941177
0.701960784313725
0.701960784313725
0.701960784313725
0.701960784313725
0.705882352941177
0.705882352941177
0.705882352941177
0.705882352941177
0.705882352941177
0.709803921568627
0.705882352941177
0.72156862745098
0.713725490196078
0.72156862745098
0.717647058823529
0.729411764705882
0.725490196078431
0.729411764705882
0.733333333333333
0.745098039215686
0.745098039215686
0.745098039215686
0.752941176470588
0.752941176470588
0.756862745098039
0.76078431372549
0.756862745098039
0.764705882352941
0.764705882352941
0.768627450980392
0.764705882352941
0.768627450980392
0.764705882352941
0.768627450980392
0.768627450980392
0.76078431372549
0.756862745098039
0.756862745098039
0.67843137254902
0.67843137254902
0.682352941176471
0.686274509803922
0.682352941176471
0.67843137254902
0.678078431372549
0.67843137254902
0.674509803921569
0.682352941176471
0.67843137254902
0.67843137254902
0.674509803921569
0.67843137254902
0.682352941176471
0.67843137254902
0.682352941176471
0.682352941176471
0.67843137254902
0.682352941176471
0.674509803921569
0.686274509803922
0.686274509803922
0.697686274509804
0.690196078431373
0.705882352941177
0.698039215686274
0.701960784313725
0.701960784313725
0.709803921568627
0.709803921568627
0.713725490196078
0.717647058823529
0.72156862745098
0.717647058823529
0.725490196078431
0.725490196078431
0.737254901960784
0.729411764705882
0.733333333333333
0.729411764705882
0.733333333333333
0.733333333333333
0.729411764705882
0.729411764705882
0.725490196078431
0.725490196078431
0.721098039215686
0.658823529411765
0.662745098039216
0.662745098039216
0.666666666666667
0.662745098039216
0.658823529411765
0.658823529411765
0.658823529411765
0.654901960784314
0.658823529411765
0.658823529411765
0.658823529411765
0.654901960784314
0.658823529411765
0.658823529411765
0.658823529411765
0.662745098039216
0.662745098039216
0.654901960784314
0.654901960784314
0.650980392156863
0.662745098039216
0.658823529411765
0.666666666666667
0.662745098039216
0.674509803921569
0.666666666666667
0.674156862745098
0.674509803921569
0.67843137254902
0.67843137254902
0.67843137254902
0.686274509803922
0.690196078431373
0.686274509803922
0.690196078431373
0.686274509803922
0.698039215686274
0.694117647058824
0.701960784313725
0.694117647058824
0.694117647058824
0.698039215686274
0.694117647058824
0.694117647058824
0.690196078431373
0.690196078431373
0.682352941176471
0.63921568627451
0.643137254901961
0.63921568627451
0.64278431372549
0.63921568627451
0.63921568627451
0.635294117647059
0.638862745098039
0.635294117647059
0.63921568627451
0.635294117647059
0.63921568627451
0.631372549019608
0.63921568627451
0.63921568627451
0.635294117647059
0.635294117647059
0.635294117647059
0.635294117647059
0.631372549019608
0.627450980392157
0.634941176470588
0.631372549019608
0.635294117647059
0.635294117647059
0.63921568627451
0.63921568627451
0.635294117647059
0.63921568627451
0.63921568627451
0.643137254901961
0.643137254901961
0.647058823529412
0.654901960784314
0.650980392156863
0.654901960784314
0.647058823529412
0.658823529411765
0.654901960784314
0.662745098039216
0.654901960784314
0.658470588235294
0.662745098039216
0.662745098039216
0.654901960784314
0.647058823529412
0.654901960784314
0.647058823529412
