0.685803921568627
0.690196078431373
0.690196078431373
0.690196078431373
0.686274509803922
0.686274509803922
0.694117647058824
0.690196078431373
0.694117647058824
0.694117647058824
0.701960784313725
0.701960784313725
0.705882352941177
0.705882352941177
0.705882352941177
0.709803921568627
0.709803921568627
0.713725490196078
0.713725490196078
0.717647058823529
0.72156862745098
0.72156862745098
0.725490196078431
0.725490196078431
0.729411764705882
0.737254901960784
0.737254901960784
0.737254901960784
0.737254901960784
0.745098039215686
0.745098039215686
0.737254901960784
0.737254901960784
0.749019607843137
0.749019607843137
0.741176470588235
0.741176470588235
0.749019607843137
0.749019607843137
0.737254901960784
0.737254901960784
0.737254901960784
0.740823529411765
0.733333333333333
0.729411764705882
0.729411764705882
0.729411764705882
0.725019607843137
0.682352941176471
0.690196078431373
0.686274509803922
0.689843137254902
0.686274509803922
0.682352941176471
0.694117647058824
0.694117647058824
0.694117647058824
0.697686274509804
0.698039215686274
0.694117647058824
0.694117647058824
0.701960784313725
0.701960784313725
0.705882352941177
0.705882352941177
0.713725490196078
0.713725490196078
0.717176470588235
0.713725490196078
0.725490196078431
0.72156862745098
0.725137254901961
0.729411764705882
0.733333333333333
0.733333333333333
0.733333333333333
0.737254901960784
0.745098039215686
0.745098039215686
0.737254901960784
0.737254901960784
0.745098039215686
0.745098039215686
0.741176470588235
0.744745098039216
0.749019607843137
0.745098039215686
0.737254901960784
0.737254901960784
0.741176470588235
0.741176470588235
0.733333333333333
0.737254901960784
0.733333333333333
0.733333333333333
0.725490196078431
0.67843137254902
0.682352941176471
0.682352941176471
0.682352941176471
0.682352941176471
0.67843137254902
0.686274509803922
0.686274509803922
0.690196078431373
0.690196078431373
0.690196078431373
0.694117647058824
0.694117647058824
0.694117647058824
0.694117647058824
0.701960784313725
0.701960784313725
0.701960784313725
0.701960784313725
0.705882352941177
0.709803921568627
0.717647058823529
0.717176470588235
0.717294117647059
0.717647058823529
0.725490196078431
0.725490196078431
0.72156862745098
0.725490196078431
0.733333333333333
0.733333333333333
0.729411764705882
0.729411764705882
0.741176470588235
0.741176470588235
0.733333333333333
0.733333333333333
0.745098039215686
0.745098039215686
0.73678431372549
0.737254901960784
0.733333333333333
0.737254901960784
0.732980392156863
0.729411764705882
0.725490196078431
0.725490196078431
0.713725490196078
0.67843137254902
0.682352941176471
0.682352941176471
0.682352941176471
0.67843137254902
0.674509803921569
0.686274509803922
0.682352941176471
0.682352941176471
0.686274509803922
0.682352941176471
0.682352941176471
0.682352941176471
0.686274509803922
0.690196078431373
0.690196078431373
0.694117647058824
0.690196078431373
0.690196078431373
0.698039215686274
0.698039215686274
0.701960784313725
0.701960784313725
0.705882352941177
0.705882352941177
0.713725490196078
0.713725490196078
0.713725490196078
0.713725490196078
0.717647058823529
0.72156862745098
0.717647058823529
0.717647058823529
0.725490196078431
0.725490196078431
0.725490196078431
0.725490196078431
0.725490196078431
0.729411764705882
0.721098039215686
0.72156862745098
0.72156862745098
0.725490196078431
0.72156862745098
0.717647058823529
0.713725490196078
0.713725490196078
0.705882352941177
0.670588235294118
0.67843137254902
0.682352941176471
0.682352941176471
0.67843137254902
0.67843137254902
0.682352941176471
0.682352941176471
0.682352941176471
0.682352941176471
0.682352941176471
0.682352941176471
0.682352941176471
0.682352941176471
0.686274509803922
0.690196078431373
0.690196078431373
0.690196078431373
0.686274509803922
0.690196078431373
0.690196078431373
0.698039215686274
0.698039215686274
0.698039215686274
0.698039215686274
0.705882352941177
0.705882352941177
0.705529411764706
0.709803921568627
0.713725490196078
0.713725490196078
0.709803921568627
0.709803921568627
0.717294117647059
0.713725490196078
0.713725490196078
0.709803921568627
0.713725490196078
0.713725490196078
0.709803921568627
0.709803921568627
0.709803921568627
0.709803921568627
0.705882352941177
0.705882352941177
0.701960784313725
0.701960784313725
0.690196078431373
0.670588235294118
0.67843137254902
0.67843137254902
0.67843137254902
0.678078431372549
0.674509803921569
0.682352941176471
0.67843137254902
0.67843137254902
0.682352941176471
0.674509803921569
0.67843137254902
0.67843137254902
0.682352941176471
0.682352941176471
0.67843137254902
0.682352941176471
0.686274509803922
0.686274509803922
0.686274509803922
0.682352941176471
0.690196078431373
0.686274509803922
0.690196078431373
0.690196078431373
0.698039215686274
0.698039215686274
0.694117647058824
0.698039215686274
0.698039215686274
0.701490196078431
0.694117647058824
0.694117647058824
0.705882352941177
0.701960784313725
0.701960784313725
0.701960784313725
0.701960784313725
0.705529411764706
0.694117647058824
0.694117647058824
0.701490196078431
0.698039215686274
0.694117647058824
0.694117647058824
0.690196078431373
0.690196078431373
0.682352941176471
0.670588235294118
0.67843137254902
0.67843137254902
0.674509803921569
0.674156862745098
0.670588235294118
0.677960784313726
0.674509803921569
0.670588235294118
0.67843137254902
0.674509803921569
0.670588235294118
0.670588235294118
0.670588235294118
0.670588235294118
0.674509803921569
0.674509803921569
0.674509803921569
0.67843137254902
0.678078431372549
0.674509803921569
0.67843137254902
0.67843137254902
0.682352941176471
0.682352941176471
0.686274509803922
0.686274509803922
0.686274509803922
0.686274509803922
0.686274509803922
0.690196078431373
0.686274509803922
0.686274509803922
0.690196078431373
0.686274509803922
0.690196078431373
0.690196078431373
0.690196078431373
0.690196078431373
0.682352941176471
0.682352941176471
0.686274509803922
0.686274509803922
0.682352941176471
0.682352941176471
0.682352941176471
0.682352941176471
0.674509803921569
0.670588235294118
0.67843137254902
0.674509803921569
0.674509803921569
0.670588235294118
0.670588235294118
0.674509803921569
0.670588235294118
0.666666666666667
0.674509803921569
0.670588235294118
0.670588235294118
0.670588235294118
0.670588235294118
0.670588235294118
0.670588235294118
0.670588235294118
0.674509803921569
0.674509803921569
0.674156862745098
0.670588235294118
0.670588235294118
0.666666666666667
0.67843137254902
0.67843137254902
0.682352941176471
0.686274509803922
0.67843137254902
0.682352941176471
0.686274509803922
0.682352941176471
0.67843137254902
0.67843137254902
0.682352941176471
0.682352941176471
0.67843137254902
0.682352941176471
0.686274509803922
0.682352941176471
0.674509803921569
0.674509803921569
0.67843137254902
0.674509803921569
0.674509803921569
0.674509803921569
0.670588235294118
0.670588235294118
0.658823529411765
0.666666666666667
0.670588235294118
0.674509803921569
0.670588235294118
0.662745098039216
0.666666666666667
0.674156862745098
0.670588235294118
0.666666666666667
0.670588235294118
0.666666666666667
0.666666666666667
0.666666666666667
0.670588235294118
0.670588235294118
0.666666666666667
0.670588235294118
0.666666666666667
0.666666666666667
0.670588235294118
0.666666666666667
0.666666666666667
0.666666666666667
0.670588235294118
0.670588235294118
0.67843137254902
0.674509803921569
0.674509803921569
0.674509803921569
0.67843137254902
0.674509803921569
0.674509803921569
0.674509803921569
0.67843137254902
0.67843137254902
0.674509803921569
0.674509803921569
0.67843137254902
0.67843137254902
0.674509803921569
0.674509803921569
0.67843137254902
0.674509803921569
0.666666666666667
0.670588235294118
0.666313725490196
0.662745098039216
0.654901960784314
0.662745098039216
0.666666666666667
0.666666666666667
0.662745098039216
0.658823529411765
0.658823529411765
0.666666666666667
0.662745098039216
0.658823529411765
0.666666666666667
0.666313725490196
0.662745098039216
0.662745098039216
0.662745098039216
0.658823529411765
0.662745098039216
0.662745098039216
0.662745098039216
0.662745098039216
0.666666666666667
0.658823529411765
0.662745098039216
0.662745098039216
0.666666666666667
0.658823529411765
0.670117647058823
0.666666666666667
0.666666666666667
0.666666666666667
0.670588235294118
0.666666666666667
0.662745098039216
0.666313725490196
0.670235294117647
0.670588235294118
0.670588235294118
0.670588235294118
0.674509803921569
0.674509803921569
0.662745098039216
0.666196078431373
0.670588235294118
0.670588235294118
0.662745098039216
0.662745098039216
0.658823529411765
0.658823529411765
0.647058823529412
0.662745098039216
0.662745098039216
0.666666666666667
0.658823529411765
0.654901960784314
0.654901960784314
0.662745098039216
0.662745098039216
0.658823529411765
0.662745098039216
0.662745098039216
0.658823529411765
0.658823529411765
0.658823529411765
0.654901960784314
0.658823529411765
0.658823529411765
0.658823529411765
0.658823529411765
0.658823529411765
0.654901960784314
0.658823529411765
0.658823529411765
0.662745098039216
0.658823529411765
0.666666666666667
0.666666666666667
0.666666666666667
0.666666666666667
0.666666666666667
0.666313725490196
0.662745098039216
0.658823529411765
0.666666666666667
0.666666666666667
0.662745098039216
0.662745098039216
0.666666666666667
0.666666666666667
0.654901960784314
0.658823529411765
0.662745098039216
0.662745098039216
0.654901960784314
0.650980392156863
0.650980392156863
0.650980392156863
0.643137254901961
0.650980392156863
0.658823529411765
0.658823529411765
0.654901960784314
0.650980392156863
0.650980392156863
0.654901960784314
0.658823529411765
0.650980392156863
0.658823529411765
0.654901960784314
0.654901960784314
0.654901960784314
0.650980392156863
0.650980392156863
0.650980392156863
0.650980392156863
0.654901960784314
0.654901960784314
0.654901960784314
0.650980392156863
0.650980392156863
0.654901960784314
0.654901960784314
0.654901960784314
0.658823529411765
0.658823529411765
0.658823529411765
0.658823529411765
0.662745098039216
0.658823529411765
0.658823529411765
0.662745098039216
0.662745098039216
0.666666666666667
0.662745098039216
0.662745098039216
0.666666666666667
0.666666666666667
0.654901960784314
0.658823529411765
0.658823529411765
0.662745098039216
0.654901960784314
0.650980392156863
0.650980392156863
0.650980392156863
0.635294117647059
0.647058823529412
0.650980392156863
0.650980392156863
0.647058823529412
0.63921568627451
0.643137254901961
0.647058823529412
0.643137254901961
0.63921568627451
0.647058823529412
0.643137254901961
0.647058823529412
0.647058823529412
0.647058823529412
0.643137254901961
0.647058823529412
0.647058823529412
0.647058823529412
0.647058823529412
0.643137254901961
0.643137254901961
0.643137254901961
0.643137254901961
0.650980392156863
0.650980392156863
0.650980392156863
0.650980392156863
0.650980392156863
0.654901960784314
0.658823529411765
0.658823529411765
0.658823529411765
0.658823529411765
0.658823529411765
0.658823529411765
0.654901960784314
0.654901960784314
0.662745098039216
0.666666666666667
0.650980392156863
0.650980392156863
0.658823529411765
0.658823529411765
0.654901960784314
0.654901960784314
0.647058823529412
0.647058823529412
0.63921568627451
0.63921568627451
0.647058823529412
0.647058823529412
0.643137254901961
0.635294117647059
0.635294117647059
0.63921568627451
0.63921568627451
0.635294117647059
0.635294117647059
0.635294117647059
0.635294117647059
0.634823529411765
0.631372549019608
0.635294117647059
0.635294117647059
0.635294117647059
0.631372549019608
0.635294117647059
0.63921568627451
0.631372549019608
0.63921568627451
0.63921568627451
0.643137254901961
0.646588235294118
0.650980392156863
0.650980392156863
0.650980392156863
0.650980392156863
0.658823529411765
0.654901960784314
0.654901960784314
0.654901960784314
0.658823529411765
0.658823529411765
0.654901960784314
0.650980392156863
0.658823529411765
0.658823529411765
0.650980392156863
0.650980392156863
0.650980392156863
0.654901960784314
0.650980392156863
0.643137254901961
0.647058823529412
0.650627450980392
0.635294117647059
0.627450980392157
0.631372549019608
0.635294117647059
0.635294117647059
0.623529411764706
0.627450980392157
0.623529411764706
0.631372549019608
0.623529411764706
0.627450980392157
0.627098039215686
0.623529411764706
0.615686274509804
0.619607843137255
0.623529411764706
0.623529411764706
0.623529411764706
0.623529411764706
0.623529411764706
0.623529411764706
0.619607843137255
0.631372549019608
0.627450980392157
0.635294117647059
0.635294117647059
0.643137254901961
0.63921568627451
0.643137254901961
0.643137254901961
0.650980392156863
0.650980392156863
0.647058823529412
0.647058823529412
0.654901960784314
0.654901960784314
0.650980392156863
0.650980392156863
0.658823529411765
0.658823529411765
0.650980392156863
0.650980392156863
0.650980392156863
0.654901960784314
0.650980392156863
0.647058823529412
0.63921568627451
0.64278431372549
0.635294117647059
0.611764705882353
0.615686274509804
0.619607843137255
0.615686274509804
0.607843137254902
0.611764705882353
0.611764705882353
0.607843137254902
0.607843137254902
0.611764705882353
0.611764705882353
0.611764705882353
0.607843137254902
0.607843137254902
0.611764705882353
0.611764705882353
0.611764705882353
0.611764705882353
0.607843137254902
0.603921568627451
0.607843137254902
0.615686274509804
0.615333333333333
0.619254901960784
0.619607843137255
0.627450980392157
0.623529411764706
0.623529411764706
0.627450980392157
0.635294117647059
0.63921568627451
0.635294117647059
0.63921568627451
0.63921568627451
0.63921568627451
0.63921568627451
0.643137254901961
0.647058823529412
0.650980392156863
0.63921568627451
0.643137254901961
0.643137254901961
0.647058823529412
0.643137254901961
0.643137254901961
0.635294117647059
0.63921568627451
0.631372549019608
0.6
0.607843137254902
0.607843137254902
0.607843137254902
0.6
0.6
0.603921568627451
0.596078431372549
0.596078431372549
0.596078431372549
0.596078431372549
0.596078431372549
0.596078431372549
0.596078431372549
0.599647058823529
0.592156862745098
0.592156862745098
0.596078431372549
0.592156862745098
0.592156862745098
0.592156862745098
0.6
0.6
0.607843137254902
0.611764705882353
0.615686274509804
0.615686274509804
0.611764705882353
0.615686274509804
0.627450980392157
0.623529411764706
0.623529411764706
0.627450980392157
0.627450980392157
0.627450980392157
0.623529411764706
0.627450980392157
0.631372549019608
0.635294117647059
0.627450980392157
0.627450980392157
0.627450980392157
0.631372549019608
0.627450980392157
0.623529411764706
0.615686274509804
0.623529411764706
0.615686274509804
0.588235294117647
0.596078431372549
0.596078431372549
0.592156862745098
0.588235294117647
0.592156862745098
0.592156862745098
0.584313725490196
0.584313725490196
0.580392156862745
0.580039215686274
0.580392156862745
0.579921568627451
0.583960784313726
0.580392156862745
0.580392156862745
0.580392156862745
0.584313725490196
0.580392156862745
0.576470588235294
0.580392156862745
0.584313725490196
0.584313725490196
0.588235294117647
0.591803921568627
0.592156862745098
0.592156862745098
0.6
0.6
0.607843137254902
0.607843137254902
0.611764705882353
0.607843137254902
0.615686274509804
0.615686274509804
0.611764705882353
0.615686274509804
0.619607843137255
0.619607843137255
0.615686274509804
0.615686274509804
0.615686274509804
0.619607843137255
0.615686274509804
0.607843137254902
0.6
0.603921568627451
0.592156862745098
0.580392156862745
0.580392156862745
0.580392156862745
0.576470588235294
0.568627450980392
0.572549019607843
0.572549019607843
0.564705882352941
0.564705882352941
0.564705882352941
0.564705882352941
0.564705882352941
0.56078431372549
0.564705882352941
0.564705882352941
0.56078431372549
0.56078431372549
0.556862745098039
0.556862745098039
0.552941176470588
0.552941176470588
0.56078431372549
0.56078431372549
0.56078431372549
0.564705882352941
0.568627450980392
0.568627450980392
0.572549019607843
0.576470588235294
0.584313725490196
0.580392156862745
0.584313725490196
0.588235294117647
0.592156862745098
0.592156862745098
0.588235294117647
0.588235294117647
0.596078431372549
0.596078431372549
0.596078431372549
0.592156862745098
0.588235294117647
0.588235294117647
0.591803921568627
0.584313725490196
0.576470588235294
0.580392156862745
0.572549019607843
0.564705882352941
0.568627450980392
0.564705882352941
0.564705882352941
0.556862745098039
0.56078431372549
0.552941176470588
0.549019607843137
0.549019607843137
0.549019607843137
0.549019607843137
0.545098039215686
0.541176470588235
0.549019607843137
0.545098039215686
0.545098039215686
0.545098039215686
0.537254901960784
0.537254901960784
0.529411764705882
0.529411764705882
0.537254901960784
0.540823529411765
0.541176470588235
0.545098039215686
0.549019607843137
0.549019607843137
0.545098039215686
0.549019607843137
0.556862745098039
0.552941176470588
0.556862745098039
0.556862745098039
0.56078431372549
0.56078431372549
0.56078431372549
0.568627450980392
0.564705882352941
0.568627450980392
0.568627450980392
0.564705882352941
0.56078431372549
0.56078431372549
0.556862745098039
0.556862745098039
0.549019607843137
0.552941176470588
0.541176470588235
0.556862745098039
0.556862745098039
0.556862745098039
0.552941176470588
0.549019607843137
0.549019607843137
0.545098039215686
0.537254901960784
0.537254901960784
0.537254901960784
0.537254901960784
0.529411764705882
0.529411764705882
0.529411764705882
0.529411764705882
0.529411764705882
0.529411764705882
0.52156862745098
0.52156862745098
0.513372549019608
0.513725490196078
0.52156862745098
0.52156862745098
0.517647058823529
0.52156862745098
0.525490196078431
0.525490196078431
0.525490196078431
0.528941176470588
0.529411764705882
0.525490196078431
0.525490196078431
0.533333333333333
0.533333333333333
0.533333333333333
0.529411764705882
0.536901960784314
0.537254901960784
0.541176470588235
0.541176470588235
0.533333333333333
0.537254901960784
0.537254901960784
0.529411764705882
0.525490196078431
0.52156862745098
0.525490196078431
0.509803921568627
0.549019607843137
0.545098039215686
0.541176470588235
0.537254901960784
0.533333333333333
0.537254901960784
0.533333333333333
0.529411764705882
0.529411764705882
0.525490196078431
0.525490196078431
0.517647058823529
0.517647058823529
0.52156862745098
0.52156862745098
0.513725490196078
0.513725490196078
0.513725490196078
0.509803921568627
0.498039215686275
0.498039215686275
0.498039215686275
0.498039215686275
0.501960784313725
0.501960784313725
0.505882352941176
0.501960784313725
0.498039215686275
0.501960784313725
0.505882352941176
0.501960784313725
0.498039215686275
0.501960784313725
0.505882352941176
0.509450980392157
0.498039215686275
0.505529411764706
0.505882352941176
0.509803921568627
0.509803921568627
0.501960784313725
0.509803921568627
0.509803921568627
0.501960784313725
0.498039215686275
0.490196078431373
0.498039215686275
0.486274509803922
