311.068838500976
277.639523315425
269.390789794922
225.815298461916
253.401031494141
277.639950561525
239.966430664059
215.696575927735
216.746853637692
208.833831787105
217.255072021487
212.010992431636
233.148025512696
213.712045288086
238.478921508791
255.33076477051
285.565057373049
230.770278930666
255.801538085933
256.87771606445
204.074377441409
275.103424072267
245.809594726562
235.081948852538
268.071328735354
243.334466552735
263.67714538574
235.512564086918
261.67417297363
234.906524658204
248.120910644535
221.34162597656
221.928518676761
258.95537414551
225.729980468747
197.130789184573
202.505017089844
253.390689086914
264.495220947267
261.657583618165
232.533935546873
229.261645507813
269.467553710937
216.69020385742
273.260385131835
211.144418334962
262.655493164063
217.488934326173
247.029507446287
222.638757324221
218.592251586915
275.320495605469
258.060043334959
226.318084716801
243.540667724607
216.678918457032
215.995678710937
218.723028564453
240.204531860349
248.776733398438
231.078433227536
186.575628662108
221.464666748049
283.709341430661
278.465621948245
248.577642822263
244.948577880859
256.948297119141
214.369418334963
270.515322875981
249.682015991213
248.376248168945
199.237545776365
220.604580688476
235.953091430666
252.16837768555
204.756930541994
208.023953247074
260.391220092774
249.126834106446
212.89037475586
226.289456176759
277.262423706057
219.401406860348
256.859436035154
250.821157836919
269.36617126465
224.848925781253
215.964328002929
230.268756103514
205.847186279297
237.600860595703
282.728302001958
308.04050598145
283.29280395508
220.707260131836
278.813455200195
248.054785156251
53.5458404541011
215.299401855465
214.761999511719
290.061868286133
196.671328735354
247.382205200195
239.155361938474
254.94237365723
251.499182128911
224.688549804687
301.522875976563
265.805111694335
253.394622802734
252.166696166991
207.597155761717
234.911312866214
191.137469482419
256.019857788085
272.07818908691
241.831533813472
265.864321899414
230.961529541014
233.356256103518
222.678192138671
244.306399536133
250.344073486325
230.052651977535
260.197918701172
178.565173339843
246.427081298829
233.761602783206
214.803317260747
216.461053466794
256.736148071286
220.975939941406
254.621047973631
216.680865478517
236.143927001954
258.294989013672
246.353729248049
267.191726684568
248.86117553711
254.304956054688
226.529061889648
221.470593261716
260.677221679683
262.45873718262
238.294754028319
238.631774902339
182.560351562499
265.893121337886
264.828213500977
237.185455322264
240.867639160159
259.609429931641
232.790402221676
227.131484985352
180.948699951168
208.663012695314
249.625262451169
240.674456787112
262.586425781247
235.447253417973
225.970657348632
196.51347351074
266.952560424807
294.332226562498
264.69998474121
230.021066284179
269.979605102539
243.704644775392
198.45813293457
220.867202758789
271.594332885741
250.742587280274
220.703540039066
167.243142700197
210.697088623043
287.611322021483
220.787997436526
226.270318603514
267.578643798824
264.774819946287
248.411743164057
220.143441772463
252.307699584961
248.651696777348
177.229470825193
241.468826293943
275.826193237308
294.255761718747
241.608264160158
258.142373657228
248.202532958983
227.283938598633
212.5924407959
268.876458740233
223.845968627929
274.062527465816
195.648944091794
255.841986083983
299.857675170902
258.236950683596
349.014523315431
293.693917846678
223.293069458009
246.403451538088
234.751446533204
264.742645263672
265.97796325684
274.657107543944
267.379830932618
176.642034912111
131.631011962891
256.416619873048
239.726138305661
250.124523925785
183.989196777344
246.967755126955
212.274713134769
255.386544799806
264.368167114259
253.920944213864
259.522061157228
231.652517700196
253.832397460935
228.816873168946
243.92133178711
238.514697265623
243.807812500001
180.965194702147
273.118475341796
226.757983398439
237.76328125
243.713049316406
212.001162719725
243.57917175293
174.526638793944
223.812167358401
227.47621154785
258.048303222655
191.721954345705
227.770404052736
240.910928344731
255.104040527344
267.647552490231
232.886447143555
263.395947265625
140.82724609375
244.798135375977
265.037420654294
271.973605346681
245.86604614258
228.714532470705
276.230596923829
264.588565063476
232.824414062503
306.564743041996
299.289849853517
279.822573852541
265.906637573245
264.479806518552
265.344464111329
226.021173095703
178.971789550783
258.512536621094
293.000469970703
239.653921508792
253.169515991211
227.858065795899
218.996160888674
173.057699584964
233.758135986329
248.852102661128
274.649234008791
214.647824096681
255.268075561522
234.666821289064
207.877206420898
233.069247436523
237.427780151363
259.015878295894
291.939901733398
148.470803833009
237.636346435547
204.756146240234
204.811859130859
250.255639648438
260.859240722654
249.312203979492
205.791320800781
220.967074584964
230.650939941405
251.552349853513
263.785501098632
223.557821655276
251.142984008785
224.741552734374
263.753363037111
285.06457824707
237.4301361084
227.913439941405
233.830194091793
229.717324829104
262.95476989746
213.283239746093
258.11721801758
245.693234252932
93.0292785644536
274.461553955077
217.747528076173
257.605288696289
283.370175170899
280.26611328125
202.112106323243
225.76188659668
274.242025756833
282.870584106448
278.472003173825
187.807678222658
286.192468261719
183.757083129881
211.220178222658
205.731600952153
242.782214355469
292.901019287109
258.605099487308
189.53402404785
283.026739501955
166.100588989252
265.928665161132
226.16558227539
215.031268310549
239.452386474609
266.499633789061
256.033349609376
229.605786132812
242.869628906253
199.114706420899
226.208837890627
273.027798461914
266.030682373043
192.08864440918
249.334655761718
255.257540893559
237.785366821291
234.244079589846
189.699923706054
143.132849121095
203.111428833008
256.391824340822
274.537487792967
204.542993164061
249.435195922852
225.400085449219
282.183743286135
224.279330444339
248.138980102537
268.747198486328
257.039144897463
217.956118774415
252.156930541992
271.090603637696
250.561938476565
272.985870361327
270.856628417969
274.500744628904
293.402905273436
248.602905273438
229.353820800786
208.721328735352
258.740014648436
235.980169677739
279.956863403316
287.366189575196
299.742864990234
298.982669067378
321.102905273438
295.911520385745
253.010000610348
236.319677734377
195.065191650388
257.297259521483
214.478634643557
266.601580810545
260.541152954102
245.229400634764
248.044534301758
246.686535644528
278.733663940429
245.366821289063
255.266754150387
215.945013427735
221.535968017577
290.403833007812
232.97113952637
272.438113403317
292.213967895508
302.240722656249
238.265887451171
271.095520019531
306.94213256836
261.920962524413
268.200015258786
280.196508789066
290.097402954099
248.393600463865
278.084262084959
261.857598876952
231.037170410155
289.256198120117
297.033905029298
190.472830200195
295.302856445308
281.881155395511
310.524505615234
258.096563720704
267.444931030276
268.960015869139
309.438156127932
290.701873779297
232.746505737307
292.799319458006
253.622863769531
256.466610717774
219.496002197266
283.109130859375
292.102465820311
261.836318969727
274.78453063965
256.809475708007
263.950805664063
256.501333618164
137.558605957031
203.221572875977
224.087390136719
212.555969238284
251.27636413574
238.755020141601
278.549121093753
270.781463623043
282.661044311525
274.435275268551
252.257647705078
243.138626098633
251.154049682619
210.158975219724
288.914495849608
216.711236572262
276.30712890625
280.992639160157
277.107098388672
316.602813720704
272.122128295897
270.133276367185
297.186160278319
279.384536743164
270.927999877931
295.734619140623
254.130072021487
296.785925292965
288.851586914061
309.06617736816
248.865240478511
277.359979248046
278.620745849611
277.9296875
233.568579101561
252.716323852541
215.593246459961
244.220370483398
237.777542114259
242.254672241207
234.086749267577
300.120910644533
251.688806152342
262.993411254882
258.396139526366
274.880795288089
160.855633544922
33.6675018310576
179.817697143556
247.386923217774
260.042050170897
249.705151367187
236.246463012692
244.569461059569
233.737387084963
217.620697021484
246.099304199219
225.327157592775
226.342053222659
209.69517211914
250.315695190429
291.315002441406
288.269079589846
257.86596374512
252.987826538088
255.277331542969
224.809118652342
286.344412231445
287.10521850586
246.239266967776
254.766177368162
277.501095581055
237.722421264651
230.423678588865
254.687783813479
270.091442871098
284.445150756835
240.879403686528
253.259640502932
215.657818603512
263.855807495116
187.082958984377
245.022555541992
251.684396362302
254.919403076171
207.947521972658
230.394287109373
226.661257934569
251.79389038086
215.68116760254
135.817855834959
211.840557861328
254.773077392583
252.520724487305
274.139819335937
251.647442626954
229.260296630859
253.789608764648
246.400753784178
246.432595825194
256.748071289063
236.848593139645
187.889465332032
238.902551269528
251.779876708981
265.50785522461
136.545211791991
245.11682128906
256.363336181638
313.470373535155
256.456915283203
228.088598632814
248.777423095704
232.813568115234
215.427468872072
194.308120727539
243.737005615234
287.012728881839
254.501513671873
250.849432373047
260.887121582028
262.38077392578
295.471286010742
243.802386474606
324.875860595702
302.624075317383
301.697302246094
251.801403808592
246.790908813474
263.057632446284
213.985000610356
197.666513061523
241.776577758786
223.414001464844
179.105279541017
244.119564819339
209.592581176761
251.262969970703
260.697891235354
225.82158203125
262.261340332027
204.525073242187
199.849508666996
247.415606689452
251.887496948239
218.936367797851
256.234268188478
222.70740661621
275.929208374022
279.32373046875
264.178436279294
261.436111450192
216.353244018555
284.420208740235
235.22507019043
229.354785156252
247.825314331054
232.288946533206
241.938412475583
223.326406860354
234.425024414062
224.272802734379
248.164630126952
238.059603881833
223.372839355471
261.276467895507
232.093338012695
252.748568725582
269.141009521483
276.160134887695
236.871380615232
267.426074218752
230.424746704103
183.815725708012
247.609292602538
248.345590209958
253.51737976074
218.413439941406
216.93142089844
277.193029785159
255.166674804687
277.329299926763
252.9268951416
197.297045898435
249.690789794922
225.152441406251
237.553057861331
245.112289428711
279.123330688482
253.402252197266
238.283370971677
240.811318969726
182.521704101563
258.185327148435
221.945440673831
186.439294433596
288.137420654294
196.235867309568
250.479223632813
259.688568115236
186.162350463866
194.707678222654
150.121166992185
201.414389038086
249.338143920897
238.693194580079
254.967272949219
257.381198120116
214.143383789063
248.358013916019
175.736532592777
144.428610229492
161.93812561035
217.097463989257
264.101406860354
159.088800048827
227.032812500001
255.926193237305
249.364135742186
255.491781616215
238.437878417968
264.490768432621
266.18341369629
281.498788452153
220.091506958011
252.299493408202
286.979971313476
172.711602783203
175.230957031247
240.296826171875
234.708782958983
240.028890991211
224.48444213867
259.859814453127
252.258966064451
295.866415405274
202.308868408202
212.682150268555
221.047311401369
248.561212158203
217.522061157226
208.387377929685
196.160531616208
260.082733154297
204.655160522461
248.519586181639
265.888681030277
264.408142089845
256.409655761717
223.377728271484
244.101428222656
201.853344726564
266.897744750978
219.987307739262
249.836956787108
216.795333862307
230.860604858398
272.57040710449
223.593051147463
251.022262573243
250.904589843752
248.829678344725
253.321798706053
230.882797241209
257.843338012692
241.798785400391
278.133251953127
223.491931152346
205.953799438475
251.07081604004
267.298483276367
263.270193481444
244.221539306644
242.284719848633
255.703881835938
271.437084960938
241.306652832031
194.454605102539
215.341003417965
210.874270629882
242.528079223629
277.410421752931
187.314691162109
225.376510620117
265.634448242192
225.011102294918
184.664315795901
283.551705932618
244.060549926758
263.555667114258
211.199725341797
189.887234497073
250.029202270508
269.723815917969
243.742068481444
216.349337768554
217.54457702637
212.058569335939
222.70793762207
210.695324707031
221.924722290039
269.023767089846
259.068450927734
216.053244018557
284.432757568358
211.471633911133
271.45964050293
234.477041625976
219.006900024411
212.279168701171
266.872088623049
243.147091674805
238.46362915039
266.416284179686
256.582333374025
237.05777282715
180.50780944824
232.776083374026
238.741030883789
171.680413818355
252.490637207034
210.939810180662
232.04903869629
238.621835327146
234.895901489257
318.78757019043
279.278506469727
230.185650634766
221.375796508788
272.616226196292
231.008758544922
265.162811279297
310.045288085938
252.180639648439
239.348382568362
217.454049682616
246.251593017575
246.164739990234
210.343035888675
223.342123413084
257.421340942381
210.665435791016
249.600561523439
224.152639770508
283.069378662108
268.579882812497
261.522418212892
188.592187500001
194.151876831055
277.98532409668
249.244769287107
183.545800781248
243.620266723634
207.229962158203
246.673660278322
285.603729248044
286.649664306638
294.963858032224
274.262664794918
267.651489257815
275.920645141603
251.857968139649
263.482022094723
257.346438598632
121.103674316407
251.832693481445
274.678958129883
219.315643310545
308.4094909668
265.693359375
238.928207397459
228.814065551761
249.406918334962
170.879544067384
270.757522583006
224.532171630856
254.028213500975
239.019338989259
221.161386108398
214.146768188473
223.172677612306
227.293316650389
246.756072998043
243.707275390625
243.965808105471
209.610668945311
175.701864624023
191.483102416993
204.99719543457
216.579782104493
198.301388549806
101.465704345705
249.530169677737
286.426556396481
202.505926513671
220.802310180663
258.181369018555
272.058071899412
267.814941406247
273.54457397461
235.155401611328
280.948028564453
260.477017211916
232.779531860349
225.141799926756
249.458679199217
278.209561157225
232.404794311525
265.050640869141
215.907821655273
268.676809692381
290.484689331053
226.679287719726
244.210177612301
229.233053588864
265.196701049805
249.247723388675
204.872012329103
233.589321899416
278.03649902344
239.249197387693
274.864169311524
253.351773071289
209.310690307614
169.80587463379
197.787905883787
282.064913940432
258.648046875003
230.821990966797
257.934613037109
250.390695190433
238.427044677737
197.61901855469
258.358197021484
228.93442993164
261.582546997071
226.165646362306
270.952328491208
219.059429931638
230.822994995117
243.871697998049
219.52970275879
195.79488220215
232.116424560548
267.173474121095
196.533721923827
234.977438354492
242.263269042969
256.13618774414
293.949511718751
235.544390869139
269.722302246094
228.138439941409
262.754776000978
252.725665283203
174.357833862305
256.604541015624
255.279202270507
235.520291137692
243.832345581051
253.610830688475
211.856323242184
246.416232299801
223.497586059567
251.004449462893
284.25991821289
284.396328735351
265.127584838866
279.202301025387
254.724633789064
257.357101440431
241.710653686524
194.583291625975
194.868939208989
254.702703857422
203.009066772461
256.245916748043
227.935876464843
224.412353515623
235.193939208984
196.643609619146
235.553729248047
262.856164550781
197.521740722659
77.3172851562502
199.897903442385
253.820138549805
240.216094970701
240.342376708985
203.486029052735
246.785946655272
211.465808105469
268.132214355466
264.693817138668
214.343646240236
286.376742553711
302.915185546878
239.50947570801
269.208108520509
259.587939453128
243.585961914065
232.490631103515
257.730773925783
291.892031860351
282.294143676757
214.469107055667
212.6096496582
252.596514892577
232.878176879878
245.819586181642
235.583630371096
265.704302978516
257.849322509763
268.846347045898
231.932623291016
284.315020751955
252.423873901365
278.837722778319
247.739138793944
224.476394653321
190.273614501953
216.896057128902
228.208752441404
279.927066040041
285.869638061525
205.412265014645
200.75612487793
260.413662719728
250.515209960938
223.673843383786
204.708544921877
243.922857666013
262.553799438477
196.915530395505
235.967391967773
190.784948730471
244.445306396483
248.346655273436
244.249334716794
260.533157348634
241.028189086913
53.4366638183557
16.7693664550781
262.454901123048
272.174633789062
253.76282348633
265.393939208987
217.385873413085
135.10655822754
223.709997558594
244.019396972654
253.705438232423
281.769027709961
196.476428222653
259.553662109375
237.224682617191
215.269415283199
228.94794921875
168.894317626954
226.178445434571
253.687304687501
283.525823974608
229.404882812501
215.225146484372
250.8318939209
291.947891235351
275.376626586915
214.554275512697
247.467086791989
257.182156372066
264.796871948239
266.82256774902
260.802618408199
249.102600097657
208.370593261721
177.95712585449
178.487771606445
270.638287353513
255.014257812501
273.731723022464
263.83558654785
256.384887695311
262.113760375975
258.163778686525
263.505700683594
264.10115966797
271.643893432617
267.722909545898
267.806701660153
278.379095458981
277.941510009766
269.708682250977
258.345516967775
244.584683227541
283.567617797852
276.220538330079
213.053247070312
282.786489868166
239.811401367188
243.252185058593
232.613208007814
260.197961425781
220.882537841798
178.381771850585
268.226361083987
235.901785278319
268.7209197998
249.701806640627
203.931320190425
258.266860961914
201.241622924806
230.136953735346
256.685125732421
241.381854248047
172.092211914061
244.650723266598
210.717166137691
197.959054565429
259.157992553709
251.833886718749
270.931939697264
223.138891601562
214.658480834957
219.156521606444
170.839486694336
