8
7.68627450980392
7.33333333333333
8.86274509803922
9.16078431372549
8.79607843137255
9.1764705882353
8.7843137254902
8.23529411764706
9.05882352941177
8.7843137254902
8.31372549019608
8.28627450980392
8.86235294117647
9.37254901960784
8.94117647058824
8
7.75294117647058
7.92156862745098
7.64705882352941
6.66666666666666
7.52941176470588
7.13725490196078
7.07450980392157
7.92156862745098
7.78666666666667
8.19607843137255
8.15686274509804
7.96078431372549
7.92156862745098
7.80392156862745
7.68627450980392
8.03921568627451
8.23529411764706
7.76470588235294
7.64705882352941
6.50980392156862
8
7.72549019607843
7.89411764705882
8.11764705882353
7.75294117647059
6.90196078431373
6.81803921568627
8.19607843137255
8.19607843137255
7.88235294117647
7.09803921568627
7.90980392156862
9.09803921568627
8.66666666666666
8.4313725490196
8.45882352941176
8.82352941176471
8.70588235294117
8.07843137254902
7.72549019607843
7.01960784313726
7.80392156862745
8.47058823529412
9.21568627450981
8.90196078431373
7.76470588235294
8.07843137254902
8.23529411764706
7.92156862745098
8.07843137254902
7.80392156862745
8
7.97254901960784
7.6078431372549
8.23529411764706
9.03137254901961
8.11764705882353
7.2156862745098
7.1764705882353
8.7843137254902
8.48235294117647
8.96862745098039
8.90196078431373
8.47058823529412
8.07843137254902
7.92156862745098
7.76470588235294
8.73333333333333
8.62745098039215
7.46666666666666
8.23529411764706
9.49019607843137
8.70588235294118
7.29411764705883
8.16862745098039
8
8.4313725490196
7.93333333333333
7.83137254901961
9.04705882352941
9.41176470588235
8.66666666666667
7.59607843137254
8.3921568627451
8.86274509803922
8.94117647058824
8.27450980392157
7.52941176470588
8.47058823529412
7.09803921568627
7.68627450980392
8.03921568627451
8.74509803921568
8.70588235294117
8.31372549019608
7.88235294117647
6.70588235294118
6.90196078431372
8
7.6078431372549
7.25490196078431
7.29411764705882
6.94117647058824
7.09803921568627
7.29411764705882
8.47058823529412
8.27450980392157
8.15686274509804
8
8.47058823529412
8.07843137254902
8
7.97254901960784
7.13725490196078
7.72549019607843
7.58039215686274
8.54901960784314
8.78431372549019
8.31764705882353
7.76470588235294
7.37254901960785
7.29411764705882
8.54901960784314
7.80392156862745
7.37254901960784
7.41176470588235
7.90980392156863
8.07843137254902
7.72549019607843
7.68627450980392
7.33333333333333
7.56862745098039
6.63921568627451
8
8
8.8235294117647
8.72156862745098
8.11764705882353
7.09803921568627
6.7843137254902
7.05882352941177
8
8.11764705882353
8.12941176470588
7.54509803921568
6.47058823529412
7.25490196078431
7.84313725490196
7.33333333333333
7.8156862745098
7.33333333333333
7.09803921568627
7.30980392156862
7.92156862745098
8.03921568627451
7.88235294117647
8.23529411764706
8.43137254901961
7.29411764705883
7.72549019607843
7.68627450980392
8.03921568627451
7.72549019607843
8.11764705882353
8.35294117647059
9.01960784313725
8.90196078431373
7.64705882352941
7.01960784313726
6.94117647058824
7.10196078431373
9.17647058823529
8.50980392156863
8.15686274509804
7.54117647058824
7.52941176470589
7.84313725490197
7.82588235294118
7.72549019607844
8.11764705882353
7.37254901960785
7.92156862745099
7.21568627450981
8.17254901960784
8.62745098039216
7.64705882352941
7.05882352941177
8
7.83137254901961
7.96078431372549
8.44313725490196
7.96078431372549
8
7.25490196078431
6.66666666666667
7.49019607843137
8.47058823529412
8.66666666666666
8.11764705882353
7.2156862745098
7.52941176470588
8.05098039215686
7.72549019607843
6.70588235294118
6.94117647058824
7.6078431372549
8.74509803921568
8.54901960784314
7.96078431372549
8.11764705882353
8.7843137254902
8.31372549019608
8
7.88235294117647
7.64705882352941
7.56862745098039
6.66666666666667
6.7843137254902
7.2156862745098
7.72549019607843
8.54901960784314
8.62745098039216
8
7.60784313725491
7.49019607843138
6.58823529411765
6.65490196078431
6.15686274509804
7.13725490196079
6.90196078431373
6.07843137254903
7.29411764705883
7.03137254901961
6.24705882352941
6.07843137254902
5.84313725490196
6.03921568627451
6.47058823529412
6.58823529411765
7.41176470588236
7.37254901960785
7.25490196078432
7.09803921568628
7.17647058823529
6.07843137254902
7.68588235294118
7.80392156862745
7.01960784313725
7.09803921568627
6.27450980392157
5.88235294117647
7.49019607843137
7.45098039215686
6.8235294117647
7.80392156862745
8.06666666666666
8.74509803921568
8.27450980392156
7.84313725490196
8.23529411764705
8.15686274509804
8.86274509803922
8.35294117647059
7.9607843137255
8.82352941176471
8.54901960784314
7.56862745098039
7.37254901960784
7.68627450980392
8.15686274509804
7.96078431372549
7.68627450980392
7.6078431372549
7.92156862745098
8.0392156862745
7.76470588235294
7.6078431372549
6.8235294117647
6.27450980392157
7.92156862745098
7.25490196078431
7.21529411764706
6.96862745098038
6.47058823529412
7.1764705882353
8.07843137254902
7.33333333333334
7.25490196078432
7.01960784313726
7.60784313725491
6.71764705882353
6.15686274509804
5.92156862745099
6
6.98039215686275
7.45098039215687
7.05882352941177
7.68627450980392
7.72549019607843
6.54901960784314
5.25490196078431
5.80392156862745
6.98039215686274
7.84313725490196
7.72549019607843
7.68627450980392
7.37254901960784
6.98039215686274
6.98039215686274
6.90156862745098
7.41176470588235
4.35294117647059
7.22745098039215
6.94117647058823
6.62745098039216
6.83529411764707
7.13725490196079
7.33294117647059
7.12
6.62745098039216
7.29411764705882
7.2156862745098
7.49019607843137
6.03921568627451
6.27450980392156
7.01960784313725
6.27450980392156
5.72549019607843
7.17647058823529
7.17647058823529
6.74509803921568
7.09803921568627
6.27450980392156
6.50980392156863
6.70588235294118
7.13725490196078
7.25490196078431
7.76470588235294
7.98274509803921
7.6078431372549
7.64705882352942
7.08627450980393
7.68627450980393
7.75294117647059
7.2
7.05882352941177
5.84313725490196
8
7.67450980392157
6.94117647058824
6.54901960784314
7.17647058823529
8.53725490196078
8.07843137254902
7.93333333333333
7.37254901960785
7.09803921568627
6.07843137254902
5.92156862745098
6.3921568627451
6.07843137254902
6.19607843137255
7.51764705882352
7.9607843137255
7.41176470588236
7.21568627450981
7.41176470588236
7.13725490196078
6.2078431372549
5.68627450980392
7.25490196078431
6.94117647058823
8.4313725490196
7.64705882352941
7.49019607843137
6.7843137254902
7.88235294117646
7.41176470588235
6.27450980392157
7.29411764705882
7.25490196078431
7.01960784313725
6.66666666666667
6.43137254901961
7.84313725490196
7.45098039215686
7.56862745098039
7.45098039215686
7.56862745098039
6.98039215686274
7.92156862745098
6.86274509803921
5.92156862745098
6.74509803921568
7.9607843137255
7.25490196078432
6.11764705882353
4.94117647058824
6.11764705882353
7.61960784313726
7.9607843137255
7.68627450980392
7.56862745098039
6.98039215686274
4.53725490196078
5.46274509803921
6.11764705882353
6.23921568627451
7.41176470588235
7.05882352941176
6.44313725490196
5.92156862745098
6.50980392156862
7.26666666666666
7.1764705882353
7.2156862745098
6.8235294117647
7.6078431372549
7.10980392156862
6.98039215686274
6.98039215686274
6.74509803921569
4.50980392156862
5.92156862745098
6.54901960784314
8.11764705882353
7.29411764705882
6.78431372549019
5.13725490196078
6.09019607843137
6.43137254901961
6.86274509803921
7.2156862745098
6.94117647058823
6.27450980392157
6.90196078431372
6.31372549019608
6.0392156862745
7.96078431372548
8.35294117647058
8.11764705882352
7.52941176470588
7.41176470588236
7.41176470588236
6.86274509803922
5.21568627450981
6.47058823529412
6.11764705882353
6.3921568627451
7.25490196078432
7.76470588235294
6.92392156862745
7.74745098039216
7.04705882352941
7.01960784313725
7.66274509803921
7.32156862745097
7.05882352941176
7.17647058823529
6.98039215686274
6.57647058823528
5.76470588235294
7.56862745098039
7.12549019607843
6.62745098039216
7.01960784313725
5.09803921568627
7.88235294117646
7.6078431372549
6.65490196078431
6.27450980392157
5.33333333333333
6.85098039215686
7.37254901960784
7.17647058823529
6.0392156862745
7.2156862745098
7.10980392156862
6.61176470588235
6.27450980392156
7.2156862745098
7.25490196078431
6.90196078431372
6.70588235294117
7.09803921568627
6.98039215686274
6.94117647058823
6.98039215686274
7.29411764705882
6.98039215686274
7.68627450980392
7.45098039215687
7.1764705882353
6.58823529411765
6.35294117647059
6.27450980392157
5.4
6.90196078431373
7.41176470588236
7.05882352941177
6.86274509803922
7.29411764705883
6.98039215686274
7.88235294117647
6.74509803921569
7.13725490196078
7.76470588235294
7.73725490196078
6.90196078431372
7.76470588235294
7.68627450980392
6.90196078431373
6.54901960784314
6.82352941176471
6.82352941176471
6.66666666666667
7.13725490196079
6.74509803921569
5.88235294117646
6.86274509803921
7.71372549019607
7.70823529411765
6.74509803921568
6.73333333333334
7.08627450980393
7.13725490196079
6.99607843137254
7.29411764705883
6.82352941176472
5.84313725490195
6.74509803921568
6.90196078431373
6.74509803921569
6.58823529411764
7.64705882352941
7.37254901960785
7.33333333333334
7.64705882352942
7.33333333333334
6.62745098039216
5.76470588235294
6.23529411764706
6.58823529411765
7.33333333333334
7.37254901960785
7.64705882352942
7.65882352941177
7.60784313725491
7.25490196078432
7.49019607843137
7.52941176470588
7.37254901960784
7.41176470588235
7.10980392156862
7.52941176470588
7.45098039215686
7.41176470588235
7.29411764705882
6.70588235294117
7.83137254901961
6.70588235294118
7.05882352941177
7.72549019607843
6.86274509803922
6.58823529411765
7.09803921568628
6.86274509803922
7.33333333333334
7.2156862745098
6.74509803921569
7.37254901960785
8.74509803921569
7.5686274509804
7.1764705882353
6.94117647058824
8.27450980392157
7.49019607843138
6.62745098039216
6.11764705882353
6.65490196078431
7.33333333333334
7.05882352941177
7.45098039215687
7.25490196078432
7.37254901960785
7.09803921568628
7.29411764705883
6.58823529411765
6.43137254901961
6.86274509803922
6.83529411764706
6.98039215686275
6.86274509803921
7.68627450980392
7.01960784313725
7.45098039215686
7.25490196078431
7.41176470588235
7.8156862745098
7.13725490196078
7.01960784313725
7.33333333333333
7.6078431372549
7.29411764705882
7.25490196078431
7.05882352941176
6.7843137254902
7.72549019607843
6.58823529411765
6.31372549019608
6.03921568627451
5.39607843137254
6.94117647058823
8.03921568627451
7.2156862745098
7.76470588235294
7.38431372549019
6.84705882352941
7.41176470588235
6.7843137254902
7.09803921568627
6.98039215686274
6.90196078431372
7.49019607843137
7.56862745098039
7.33333333333333
6.86274509803921
7.05882352941176
6.86274509803921
7.37254901960784
6.99215686274509
6.8235294117647
6.91372549019607
7.17647058823529
7.37254901960784
6.3921568627451
6.7843137254902
6.86274509803921
6.35294117647059
6.31372549019608
6.98039215686274
7.29411764705882
7.80392156862744
6.94117647058823
6.23529411764706
5.29411764705882
6.8235294117647
6.43137254901961
6.15686274509804
6.07843137254901
6.15686274509804
5.96078431372549
7.54117647058824
6.98039215686275
7.41176470588236
6.11764705882352
6.80627450980392
6.98039215686274
6.70588235294117
6.66666666666667
6.86274509803921
6.70588235294118
6.43137254901961
7.17647058823529
6.74509803921569
6.07843137254901
6.35294117647058
6.4078431372549
6.8235294117647
6.70588235294117
6.03921568627451
7.05882352941176
6.7843137254902
6.2235294117647
6.23529411764706
6.49803921568627
6.11764705882353
7.07058823529411
7.09803921568627
7.2156862745098
7.09803921568627
6.90196078431372
5.59607843137254
5.38431372549019
6.39215686274509
6.31372549019608
6.54901960784314
6.7843137254902
6.66666666666666
6.19607843137255
6.15686274509803
6.58823529411764
6.98039215686275
6.66666666666666
6.2964705882353
7.29411764705883
7.5686274509804
6.19607843137255
5.56862745098039
7.45098039215687
7.60784313725491
7.05882352941176
6.8235294117647
7.64705882352942
7.29882352941176
7.68627450980393
6.66666666666667
7.29411764705883
6.94117647058823
6.43137254901961
5.96078431372549
6.07843137254902
7.64705882352942
7.92156862745099
7.14117647058823
7.05882352941176
7.01960784313725
6.54901960784314
6.79607843137255
6.74509803921569
6.50980392156863
6.66666666666667
6.19607843137255
6.70588235294118
7.13725490196079
7.09803921568628
5.92156862745098
7.05882352941176
6.83529411764705
6.62745098039216
6.54901960784314
6.35294117647059
6.43137254901961
6.03921568627451
6.7843137254902
7.52941176470589
7.96078431372549
7.56862745098039
6.54901960784314
6.90196078431372
6.01176470588235
7.96078431372549
7.5956862745098
6.26274509803921
6.03921568627451
6.03921568627451
5.89411764705882
6.7843137254902
7.48980392156862
6.7843137254902
6.11764705882353
6.35294117647059
7.2156862745098
7.41176470588235
6.74509803921569
6.8235294117647
7.01960784313725
8.11764705882352
7.56862745098039
6.7843137254902
6.7843137254902
7.01960784313725
6.31372549019608
6.70588235294118
6
6.07843137254902
6.27450980392157
6.47058823529412
5.56862745098039
5.90980392156863
6.94117647058823
6.74509803921569
6.35294117647059
6.26274509803921
6.13960784313725
6.90196078431372
6.23529411764706
5.2156862745098
5.33333333333333
5.52901960784313
6.07843137254902
6.70588235294118
6.62745098039216
6.3921568627451
6.07843137254901
4.90196078431372
4.70588235294117
5.29411764705882
6.50980392156862
6.70588235294118
6.4313725490196
5.45098039215687
5.41176470588236
6.31372549019608
6.73333333333334
6.86274509803922
7.33333333333334
6.74509803921569
5.80392156862745
6.47058823529412
5.49019607843138
4.84549019607843
6.70588235294118
5.96078431372549
5.21568627450981
5.76470588235294
4.62745098039216
6.27450980392157
5.98823529411765
6.11764705882353
5.70980392156863
7.01960784313726
6.82352941176471
7.2156862745098
6.35294117647059
6.7843137254902
7.13725490196078
6.23529411764706
4.07843137254902
4.1564705882353
6.03921568627451
5.52941176470588
6.03921568627451
6.11764705882353
5.96078431372549
5.61960784313726
6.90196078431372
6.11686274509804
5.6078431372549
5.88235294117647
5.56862745098039
6.14509803921568
5.85490196078431
4.94117647058824
5.52941176470588
5.59607843137255
5.92156862745098
6.11764705882353
6.23529411764706
5.68627450980392
5.96078431372549
5.72549019607843
5.96078431372549
6.58823529411765
6.56078431372549
6.7843137254902
6.23529411764706
6.86274509803921
6.62745098039216
7.6078431372549
6.92941176470588
6.47058823529412
6.27450980392157
5.84313725490196
6.15686274509804
5.88235294117647
6.58823529411765
6.94117647058823
6.26274509803921
6.74509803921569
6.32549019607843
5.37254901960784
6.11764705882353
5.13725490196078
6.70588235294118
6.58823529411765
6.35294117647059
6.07843137254902
5.49019607843137
5.17647058823529
5.33333333333333
6
6.43137254901961
6.58823529411765
6.0392156862745
6.48235294117647
5.76470588235294
5.05882352941176
5.52941176470588
4.86274509803921
6.22352941176471
6.35294117647059
6.3921568627451
5.88235294117647
5.54117647058824
6.45333333333333
5.80392156862745
5.68627450980392
5.76470588235294
5.37254901960785
6.70588235294118
7.2156862745098
6.74509803921569
6.47058823529412
6.70588235294118
6.58823529411765
6.31372549019608
6.74509803921569
6.90196078431372
6.70588235294118
5.88235294117647
5.49019607843137
4.70588235294118
3.88235294117647
4.98
6.83529411764705
6.58823529411765
7.01960784313725
6.35294117647059
6.27450980392157
5.92156862745098
6.23529411764706
6.27450980392157
6.15686274509804
5.77647058823529
5.21568627450981
5.6078431372549
5.56862745098039
5.70823529411765
4.82352941176471
5.1764705882353
6.07843137254902
5.76470588235294
5.49019607843138
5.40549019607843
6.70588235294118
5.78901960784314
4.70549019607843
6.27450980392157
5.92156862745098
5.50196078431372
4.39215686274509
3.49019607843137
6.09019607843137
6.3921568627451
5.86509803921568
6.3921568627451
6.86274509803921
7.21568627450981
5.92274509803922
4.82352941176471
4.82352941176471
4.82352941176471
6.27450980392157
5.25490196078431
5.76470588235293
5.60784313725489
5.25490196078431
5.76862745098039
5.60784313725489
5.56862745098038
5.29411764705882
6.0392156862745
5.90980392156863
5.72549019607842
6.31372549019608
6.58823529411765
6.43137254901961
6.58823529411766
5.76470588235294
5.72549019607843
5.33333333333334
5.56862745098039
6.43137254901961
6.70588235294118
6.19607843137255
5.68627450980392
5.22745098039216
4.23529411764706
5.29411764705883
6.35294117647059
5.88235294117647
5.68627450980392
4.70588235294118
4.35294117647059
5.37254901960785
5.64705882352941
5.68627450980392
5.05882352941177
6.43137254901961
6.11764705882353
5.25490196078432
6.03921568627451
6.15686274509804
5.96078431372549
5.92156862745098
5.80392156862745
5.17647058823529
4.54901960784313
5.41176470588235
6.11215686274509
6.34117647058823
6.23529411764706
6.47058823529412
6.27450980392157
6.30196078431372
6.7843137254902
5.88235294117647
5.61960784313725
6.18431372549019
6.19607843137255
6.23529411764706
6.39607843137254
6.58823529411765
6.50980392156863
6.66666666666667
6.26274509803921
5.2156862745098
5.37254901960784
6.11764705882353
5.2156862745098
5.56862745098038
5.62196078431372
6.23529411764706
6.70588235294118
5.82588235294117
6.0392156862745
4.47058823529411
5.49019607843137
5.52941176470588
5.60745098039216
5.6078431372549
5.64705882352941
5.01960784313726
5.13725490196078
5.41176470588236
5.68627450980392
6.62745098039216
5.56862745098039
4.03921568627452
5.37254901960785
5.41176470588236
5.96078431372549
5.68627450980392
4.94117647058824
5.03529411764706
5.56862745098039
5.6078431372549
5.05882352941176
