21.0274509803922
20.9470588235294
22.5490196078431
23.7647058823529
20.5882352941177
20.9411764705882
22.8627450980392
21.5105882352941
16.3921568627451
22
21.3392156862745
19.3717647058824
15.6529411764706
19.9607843137255
21.0588235294118
20.6274509803922
22.0839215686275
21.8156862745098
23.263137254902
16.078431372549
17.0509803921569
21.2549019607843
18.3529411764706
18.7450980392157
17.5686274509804
18.6086274509804
15.4509803921569
19.5294117647059
9.09803921568627
20.7450980392157
21.2156862745098
20.1772549019608
20.9019607843137
19.4901960784314
15.8882352941176
17.3411764705882
20.7105882352941
19.3921568627451
23.8243137254902
22.8627450980392
23.3333333333333
22.078431372549
19.0980392156863
18.6274509803922
20.2745098039216
20.6533333333333
20.9333333333333
19.9686274509804
18.3529411764706
22.3588235294118
18.4909803921569
18.8294117647059
21.1113725490196
20.156862745098
19.0196078431372
16.078431372549
18.6274509803922
9.35294117647059
20.2352941176471
21.8490196078431
16.0607843137255
18.3647058823529
24.9078431372549
22.4705882352941
18.761568627451
21.2360784313726
20.921568627451
19.6196078431372
18.4313725490196
19.3333333333333
17.7254901960784
21.5686274509804
20.7592156862745
19.24
15.4870588235294
17.7254901960784
19.5219607843137
14.9470588235294
17.6078431372549
19.9607843137255
19.6282352941177
20.8627450980392
21.6921568627451
20.5882352941176
25.4117647058824
18.961568627451
22.7058823529412
20.156862745098
20.0392156862745
17.221568627451
18.1235294117647
19.7254901960784
20.3588235294118
23.5372549019608
16.6666666666667
17.4176470588235
17.6470588235294
20.3921568627451
18.8294117647059
16.3341176470588
21.0509803921569
20.6490196078431
18.1176470588235
17.3333333333333
19.843137254902
20.3388235294118
17.2235294117647
20.0596078431373
16.5278431372549
21.6305882352941
22.3921568627451
18.4705882352941
19.2549019607843
15.843137254902
21.0588235294118
17.8823529411765
17.4321568627451
17.7764705882353
17.8039215686275
17.3333333333333
18.4909803921569
13.843137254902
18.6666666666667
22.0960784313726
20.7509803921569
23.3901960784314
21.2956862745098
22.6666666666667
21.7254901960784
23.5105882352941
20.4313725490196
18.2352941176471
18.9274509803922
21.4054901960784
18.2745098039216
20.3137254901961
19.4321568627451
18.7843137254902
20.9803921568627
17.5745098039216
21.4117647058824
20.0529411764706
19.8823529411765
22.7058823529412
19.1098039215686
19.843137254902
21.4235294117647
20.0392156862745
17.4917647058823
16.2243137254902
21.7066666666667
23.3725490196078
22.5549019607843
18.1627450980392
19.3725490196078
18
16.7450980392157
16.7678431372549
15.921568627451
20.4764705882353
19.4321568627451
17.2941176470588
18.5490196078431
18
18.9411764705882
19.6313725490196
22.8627450980392
18.0392156862745
20.1960784313725
19.8039215686275
22
20.6666666666667
23.2607843137255
21.7705882352941
19.6862745098039
18.5156862745098
17.8039215686275
15.6862745098039
21.1576470588235
21.4901960784314
22.2745098039216
21.4117647058824
18.8439215686275
19.2941176470588
21.1039215686275
19.2549019607843
17.8113725490196
12.4705882352941
25.2956862745098
20.4705882352941
24.6666666666667
17.1372549019608
18.9803921568627
19.9607843137255
19.0196078431373
23.0792156862745
22.0392156862745
21.3
20.3137254901961
17.7121568627451
20.6478431372549
22.4705882352941
20.5098039215686
21.8725490196078
17.4509803921569
21.2941176470588
19.8243137254902
24.3921568627451
18.556862745098
21.7647058823529
18.1235294117647
19.843137254902
19.118431372549
19.1372549019608
20.6666666666667
16.6274509803922
20.2164705882353
20.5882352941176
20.9803921568627
20
18.3854901960784
15.7254901960784
19.7254901960784
19.8098039215686
21.7705882352941
18.5490196078431
19.2941176470588
16.9803921568627
16.8294117647059
18.9470588235294
17.4117647058824
20.0392156862745
19.7450980392157
17.5352941176471
19.363137254902
20.2949019607843
22.3529411764706
23.1764705882353
19.7647058823529
21.9498039215686
23.843137254902
19.8823529411765
18.7509803921569
19.5490196078431
20.6745098039216
20.8627450980392
15.3725490196078
17.14
21.5309803921569
19.2941176470588
20.5882352941177
18.5882352941177
22.1380392156863
20.0650980392157
21.5890196078431
21.6470588235294
31.9890196078431
22.2352941176471
22.5490196078431
16.2745098039216
18.6086274509804
4.19607843137255
17.2941176470588
17.3725490196078
18.3921568627451
18.2823529411765
11.7647058823529
21.5607843137255
23.143137254902
18.4772549019608
18.2352941176471
14.8627450980392
20.3137254901961
19.6137254901961
21.3145098039216
20.8627450980392
23.4117647058824
20.9098039215686
21.3019607843137
21.6282352941176
22.9098039215686
26.4313725490196
22.9803921568627
19.6470588235294
17.7647058823529
20.1627450980392
17.6764705882353
19.2941176470588
20.2352941176471
21.8882352941176
23.843137254902
23.8882352941176
22.5694117647059
22.0596078431373
17.8823529411765
17.3647058823529
22.2752941176471
18.2949019607843
22.1627450980392
19.163137254902
20.7843137254902
20.6274509803922
18.8235294117647
20.5964705882353
19.0705882352941
17.843137254902
21.921568627451
14.8235294117647
20.0082352941176
16.5607843137255
20.078431372549
21.2607843137255
20.9470588235294
19.4901960784314
22.8823529411765
21.7647058823529
2.79019607843137
15.6729411764706
17.2678431372549
18.0392156862745
21.4980392156863
18.2964705882353
22.078431372549
21.0980392156863
14.7843137254902
18.9411764705882
21.7396078431373
17.8933333333333
7.18392156862745
17.8243137254902
7.72549019607843
15.6352941176471
16.8788235294118
21.3803921568628
19.6078431372549
18.6274509803922
21.2156862745098
23.221568627451
19.1654901960784
23.3725490196078
20.0752941176471
19.7254901960784
18.6086274509804
16.9623529411765
22.5882352941177
19.1294117647059
21.5686274509804
22.1549019607843
21.5294117647059
15.5686274509804
20.7952941176471
22.3588235294118
20.7450980392157
21.6862745098039
21.843137254902
19.2549019607843
19.3333333333333
19.1372549019608
16.9078431372549
17.6470588235294
20.5882352941177
14.7239215686275
19.8098039215686
14.7117647058823
18.4705882352941
21.6666666666667
17.843137254902
19.4509803921569
19.3145098039216
22.7749019607843
22.5
22.8627450980392
19.5890196078431
20.3545098039216
18.3588235294118
16.6274509803922
19.9717647058823
20.0913725490196
17.7647058823529
18.5941176470588
22.6274509803922
20.7843137254902
22.0509803921569
21.8823529411765
21.9627450980392
19.6470588235294
16.6274509803922
22.2352941176471
22.3921568627451
24.1960784313725
23.0980392156863
22.9223529411765
22.2745098039216
22.1627450980392
20.9803921568628
20.3921568627451
20.8235294117647
19.3333333333333
19.8823529411765
22.2352941176471
21.0980392156863
23.2333333333333
21.0980392156863
24.0596078431373
17.7254901960784
21.9211764705882
20.2266666666667
19.5458823529412
17.1039215686274
20.7160784313726
19.0588235294118
23.9811764705882
20.2803921568627
16.6666666666667
23.6274509803922
17.6078431372549
21.4960784313726
21.7701960784314
20.0392156862745
17.7509803921569
16.9588235294118
4.31372549019608
17.1372549019608
18.8682352941176
19.2549019607843
22.0078431372549
21.7647058823529
13.1549019607843
14.1627450980392
20.3137254901961
21.0196078431372
22.6666666666667
20.7901960784314
20.9803921568627
20.4125490196078
17.843137254902
21.0980392156863
21.5678431372549
16.6556862745098
17.9419607843137
20.0980392156863
18.6388235294118
21.2709803921569
21.4901960784314
17.2941176470588
13.3411764705882
20.2352941176471
22.8556862745098
22.3137254901961
20.2529411764706
21.3670588235294
18.6247058823529
19.7647058823529
12.4705882352941
18.6274509803922
22.158431372549
21.3725490196078
21.6137254901961
19.1039215686275
17.5105882352941
18.8627450980392
18.2803921568627
15.1639215686274
20.9411764705882
18.1976470588235
20.1537254901961
22.2352941176471
15.2996078431373
23.843137254902
19.8505882352941
18.8686274509804
21.7254901960784
22.3529411764706
18.9019607843137
18.9411764705882
20.158431372549
19.9521568627451
16.7843137254902
18.9019607843137
19.3333333333333
21.1050980392157
20.2745098039216
19.5956862745098
7.49019607843137
21.7270588235294
21.5666666666667
16.4313725490196
20.0392156862745
16.1709803921569
21.4117647058824
24.6886274509804
18.7666666666667
18.4517647058824
21.9027450980392
21.2941176470588
17.5443137254902
20.1176470588235
20.9035294117647
21.6470588235294
15.9811764705882
21.1372549019608
20.1960784313726
16.8627450980392
19.66
21.143137254902
22.9411764705882
20.3529411764706
26.3333333333333
20.4372549019608
21.6862745098039
17.2827450980392
15.2098039215686
20
18.7823529411765
21.34
23.4509803921569
20
19.8490196078431
22.28
20.4313725490196
19.8478431372549
19.8823529411765
21.2941176470588
20.5882352941177
18.883137254902
18.2411764705882
21.7647058823529
19.0254901960784
19.7254901960784
20.0596078431373
18.9862745098039
22.1380392156863
21.3725490196078
19.9027450980392
20.0392156862745
16.0474509803921
21.8039215686275
23.9666666666667
21.1745098039216
21.921568627451
21.2549019607843
19.1372549019608
21.0196078431373
25.4960784313725
20.5941176470588
19.9274509803922
17.0196078431373
19.9027450980392
22.8235294117647
21.3725490196078
17.921568627451
18.6333333333333
20.9882352941176
22.9035294117647
21.1764705882353
21.7647058823529
16.6647058823529
16.921568627451
17.9027450980392
18.0392156862745
21.9717647058824
18.3921568627451
15.1039215686275
15.6921568627451
19.843137254902
20.1764705882353
17.3921568627451
13.6941176470588
19.3145098039216
21.0980392156863
21.9027450980392
22.7074509803922
21.3537254901961
19.2156862745098
21.3725490196078
22.2556862745098
23.2156862745098
21.2156862745098
21.3333333333333
22.4705882352941
18.9470588235294
20.4372549019608
20.5156862745098
18.9019607843137
16.3921568627451
16.7647058823529
17.8490196078431
16.0596078431373
21.2549019607843
19.5490196078431
18.6870588235294
17.6549019607843
22
21.0254901960784
21.1137254901961
14.6086274509804
22.4705882352941
19.7960784313725
20.4313725490196
22.5490196078431
20.2180392156863
23.6298039215686
22.7058823529412
20.2803921568627
19.9607843137255
18.3733333333333
15.2549019607843
17.4901960784314
17.7066666666667
19.1764705882353
21.4176470588235
22.1372549019608
22.9301960784314
18.6274509803922
22.5113725490196
20.2274509803922
20.6392156862745
19.4713725490196
20.7058823529412
21.8823529411765
20.0129411764706
20.1176470588235
19.0980392156863
20.3137254901961
20.0407843137255
19.6862745098039
20.2039215686274
13.921568627451
5.17647058823529
16.3137254901961
21.1372549019608
16.3588235294118
19.3929411764706
23.6470588235294
20.7505882352941
19.6862745098039
17.9607843137255
23.4509803921569
21.6470588235294
21.7254901960784
21.6980392156863
19.5294117647059
18.2803921568627
19.1764705882353
18.6725490196078
17.4901960784314
18.9862745098039
21.6862745098039
21.1764705882353
21.3023529411765
22.6078431372549
18.7074509803922
20.0078431372549
22.6666666666667
22.2745098039216
18.7113725490196
20.8235294117647
20.9803921568627
20.4223529411765
18.2411764705882
18.2352941176471
19.1647058823529
10.921568627451
18.156862745098
19.0392156862745
21.5686274509804
19.1823529411765
15.2941176470588
14.8313725490196
20.156862745098
19.9607843137255
19.2941176470588
22.4313725490196
22.4705882352941
21.4509803921569
21.1239215686274
21.9921568627451
22.5505882352941
23.9607843137255
22.158431372549
18.4047058823529
19.2549019607843
21.6282352941176
12.4909803921569
20.0392156862745
18.6
17.4901960784314
20.8235294117647
18.6666666666667
22.2745098039216
17.8823529411765
18.0313725490196
20.6725490196078
16.0843137254902
15.6862745098039
15.0588235294118
18.7058823529412
19.0254901960784
20.3921568627451
18.6478431372549
18.3529411764706
19.8823529411765
21.378431372549
20.3733333333333
17.3490196078431
23.8823529411765
20.2019607843137
20.961568627451
23.8823529411765
21.0588235294118
21.1098039215686
19.4321568627451
26.1960784313725
20.6274509803922
16.5098039215686
16.4125490196078
23.8098039215686
18.5694117647059
19.3137254901961
19.9607843137255
19.6360784313725
24.1627450980392
23.1780392156863
21.9666666666667
22.2949019607843
20.2949019607843
22.4294117647059
21.3450980392157
19.0196078431373
21.6392156862745
23.7254901960784
20.4705882352941
25.9058823529412
16.1627450980392
19.4960784313726
22.5882352941176
19.2549019607843
21.1823529411765
17.9607843137255
21.6078431372549
20.4098039215686
21.1654901960784
18.156862745098
21.4901960784314
22.9019607843137
20.7450980392157
20.3196078431373
21.0980392156863
16.5976470588235
21.3066666666667
18.7058823529412
20.8098039215686
30.9803921568627
21.7254901960784
23.04
19.3333333333333
18.7843137254902
17.4372549019608
25.078431372549
23.1372549019608
21.4901960784314
21.3333333333333
19.4196078431372
16.0207843137255
19.1823529411765
19.0196078431373
15.4117647058823
20.9470588235294
14.958431372549
20.3443137254902
22.8235294117647
20
20.2243137254902
16.678431372549
17.9607843137255
19.3996078431373
17.6078431372549
21.7843137254902
22.7058823529412
21.4509803921569
20.8047058823529
19.5686274509804
20.1960784313725
19.3333333333333
22.001568627451
17.6078431372549
20.7117647058824
22.9862745098039
17.3019607843137
22.3545098039216
21.9647058823529
20.6529411764706
20.8686274509804
20.9137254901961
20.078431372549
20.0058823529412
20.3921568627451
21.0980392156863
22.078431372549
21.0588235294118
21.7254901960784
22.0392156862745
15.6470588235294
15.0474509803922
16.3976470588235
21.9607843137255
15.6078431372549
15.081568627451
9.09803921568628
19.0254901960784
19.6862745098039
25.1764705882353
18.0392156862745
19.0196078431373
18.9019607843137
21.843137254902
18.4564705882353
21.0196078431373
17.0588235294118
20.4313725490196
24.156862745098
21.8745098039216
19.7313725490196
16.9019607843137
22.3333333333333
21.821568627451
23.1764705882353
20.5490196078431
23.8509803921569
25.3929411764706
24.8627450980392
23.3392156862745
24.3980392156863
24.0764705882353
16.6447058823529
17.5372549019608
17.4901960784314
22
22.4313725490196
22.2745098039216
24.078431372549
23.7254901960784
21.6078431372549
23.8039215686274
16.4313725490196
19
20.3137254901961
19.0901960784314
22.4705882352941
20.4705882352941
20.3921568627451
19.0450980392157
22.2666666666667
22.3588235294118
18.6274509803922
18.8627450980392
18.7843137254902
23.8823529411765
21.4713725490196
19.2156862745098
20.3137254901961
17.5105882352941
23.0196078431373
21.9470588235294
24.5490196078431
23.0917647058823
22.8549019607843
22.2352941176471
21.5803921568627
21.7701960784314
20.5082352941176
15.4509803921569
19.4509803921569
21.0588235294118
23.8039215686274
20.5172549019608
22.9803921568627
22.201568627451
19.921568627451
22.0392156862745
17.5686274509804
22.6666666666667
21.2752941176471
22.0392156862745
19.7254901960784
20.0219607843137
16.0392156862745
22.4392156862745
21.843137254902
21.3392156862745
24.3749019607843
18.7843137254902
20.2745098039216
15.9607843137255
19.0196078431373
22
18.6086274509804
21.6862745098039
22.1556862745098
17.5498039215686
22.7262745098039
20.9078431372549
22.0603921568627
19.5294117647059
21.2941176470588
19.421568627451
18.4705882352941
22.5941176470588
22.3396078431373
21.5321568627451
18.7450980392157
20.8627450980392
23.3196078431373
19.9062745098039
25.6862745098039
22.5549019607843
18.8290196078431
17.143137254902
19.921568627451
15.8039215686274
12.2352941176471
16.7509803921569
18.6607843137255
14.7505882352941
19.5439215686275
19.9301960784314
21.3725490196078
22.4705882352941
22.5490196078431
24.4517647058824
22.321568627451
17.3333333333333
18.2803921568627
19.9607843137255
20.9862745098039
19.9737254901961
17.2435294117647
20.7117647058824
23.5686274509804
18.1176470588235
19.2607843137255
18.3035294117647
19.378431372549
17.6196078431373
16.0392156862745
21.2235294117647
22.0392156862745
21.6078431372549
16.9592156862745
14.4313725490196
20.0392156862745
22.1627450980392
20.0486274509804
23.5686274509804
26.3341176470588
23.1654901960784
17.0627450980392
16.7843137254902
16
18.0643137254902
23.2156862745098
22.6274509803922
21.7254901960784
23.2752941176471
23.3333333333333
23.4509803921569
20.8627450980392
19.921568627451
16.3980392156863
23.2549019607843
20.4125490196078
21.5105882352941
21.4321568627451
21.2549019607843
20
20.9223529411765
18.2352941176471
23.6282352941177
18.8627450980392
23.7254901960784
22.3921568627451
22.1960784313726
22.3137254901961
21.8039215686275
17.5576470588235
7.78274509803921
18.9843137254902
26.9223529411765
16.1176470588235
18.078431372549
19.2996078431373
16.0392156862745
18.0392156862745
19.0588235294118
20.7509803921569
13.2941176470588
23.078431372549
22.843137254902
22.3545098039216
23.0196078431373
21.9862745098039
23.5294117647059
21.1372549019608
19.5686274509804
17.4901960784314
16.1462745098039
19.5121568627451
20.7450980392157
23.5882352941176
23.5686274509804
24.001568627451
23.6862745098039
24.0596078431373
24.5505882352941
22.1176470588235
23.2360784313726
23.2607843137255
23.2941176470588
23.6078431372549
23.0196078431373
23.3333333333333
24.2019607843137
23.0588235294118
21.6349019607843
19.5686274509804
21.6862745098039
21.8039215686275
16.9411764705882
20.9803921568627
20.7450980392157
22.2745098039216
25.0647058823529
20.3529411764706
20.8627450980392
18.0764705882353
21.2941176470588
20.7058823529412
22.2352941176471
24.2352941176471
18.0827450980392
19.4321568627451
20.1247058823529
18.8627450980392
19.5294117647059
20.5529411764706
19.8823529411765
16.8235294117647
18.6666666666667
19.1047058823529
21.9607843137255
22.3529411764706
16.7058823529412
17.4239215686275
20.6274509803922
17.7313725490196
19.1372549019608
