45.4
40.6274509803922
47.6129411764706
48.9447058823529
43.3333333333333
45.1764705882353
47.2549019607843
43.8705882352941
34.6286274509804
45.1305882352941
45.9098039215686
39.5737254901961
33.3776470588235
39.8823529411765
42.0443137254902
44.1619607843137
40.9960784313725
43.2560784313726
48.4862745098039
35.3137254901961
34.078431372549
46.1058823529412
38.0325490196078
38.4074509803922
35.4117647058824
38.6717647058823
32.6337254901961
39.3725490196078
24.3137254901961
40.0011764705882
43.2823529411765
40.0745098039216
43.6521568627451
38.5647058823529
32.6905882352941
33.8482352941176
39.921568627451
38.9411764705882
46.3137254901961
44.5450980392157
45.1537254901961
45.1866666666667
39.321568627451
37.2156862745098
40.9854901960784
38.676862745098
40.023137254902
33.0639215686274
38.9854901960784
45.1372549019608
37.3776470588235
39.8039215686275
45.5749019607843
40.0392156862745
38.6666666666667
32.9803921568627
39.0741176470588
19.5686274509804
40.1960784313725
44.6717647058824
33.9098039215686
37.556862745098
44.3921568627451
43.2156862745098
39.6521568627451
41.8823529411765
38.5882352941177
40.6274509803922
37.5450980392157
39.4835294117647
36.6376470588235
43.8874509803922
37.8874509803922
42.1670588235294
30.4313725490196
39.6470588235294
40.52
30.2113725490196
35.243137254902
40.2745098039216
37.7647058823529
39.7749019607843
45.7254901960784
37.9607843137255
53.843137254902
46.4313725490196
49.1423529411765
39.4901960784314
37.1392156862745
36.6207843137255
34.7333333333333
41.6980392156863
45.8874509803922
46.9686274509804
34.9482352941176
33.921568627451
34.1894117647059
42.1972549019608
39.181568627451
33.4509803921569
41.843137254902
41.8482352941177
38.2454901960784
33.1909803921569
38.6274509803921
42.1176470588235
36.5898039215686
41.0588235294118
36.0886274509804
48.2011764705882
45.541568627451
40.2011764705882
38.4313725490196
31.1917647058823
39.6521568627451
33.2054901960784
35.1372549019608
34.8286274509804
35.2549019607843
35.6352941176471
36.3050980392157
25.9278431372549
34.8509803921569
42.6588235294118
40.8392156862745
47.4560784313725
42.2745098039216
47.2549019607843
45.0639215686274
49.3776470588235
46.4705882352941
34.7894117647059
41.5345098039216
42.3411764705882
37.8823529411765
40.4705882352941
38.7058823529412
37.4270588235294
41.1305882352941
34.7894117647059
42.5882352941176
41.5345098039216
38.156862745098
44.4980392156863
40.9803921568627
36.8196078431372
42.7843137254902
40.3137254901961
34.9411764705882
34.1329411764706
42.8117647058824
50.0101960784314
46.5490196078431
36.078431372549
39.2207843137255
35.478431372549
37.3435294117647
38.0443137254902
32.2745098039216
40.4705882352941
38.8337254901961
36.8196078431373
39.478431372549
36.9172549019608
38.52
37.6862745098039
43.843137254902
33.4117647058823
42.4364705882353
41.4117647058824
43.7254901960784
40.4756862745098
44.241568627451
44.8627450980392
38.1960784313726
37.0247058823529
33.4952941176471
30.4756862745098
41.2941176470588
41.9317647058823
44.363137254902
41.8823529411765
37.9266666666667
42.3137254901961
43.4988235294118
36.8627450980392
36.5764705882353
32.3490196078431
46.6666666666667
42.0666666666666
44.3972549019608
37.2756862745098
42.8235294117647
38.9019607843137
38.2745098039216
47.9101960784314
45.5294117647059
44.3529411764706
43.8874509803922
37.3776470588235
44.1854901960784
47.2156862745098
39.6129411764706
39.6282352941176
35.0180392156863
43.0639215686275
39.8101960784314
48.8729411764706
39.1254901960784
46.7109803921569
37.0588235294118
42.363137254902
38.8627450980392
38.2949019607843
44.8298039215686
35.4117647058823
43.5003921568627
41.7749019607843
40.5098039215686
38.5490196078431
39.4862745098039
34.6325490196079
39.5345098039216
41.9619607843137
42.9019607843137
38.2117647058823
38.5352941176471
34.6666666666667
34
37.5396078431373
36.8235294117647
38.9462745098039
42.2286274509804
35.9266666666667
32.3137254901961
40.8678431372549
43.5294117647059
48.8627450980392
41.6862745098039
45.1764705882353
48.0549019607843
43.4560784313725
41.1423529411765
42.8337254901961
49.5345098039216
47.6078431372549
36.2803921568627
36.1227450980392
48.2286274509804
44.5647058823529
47.9317647058824
45.8874509803922
54.5098039215686
45.1490196078431
46.7843137254902
50.8286274509804
50.4705882352941
46.363137254902
54.216862745098
32.8388235294118
44.4411764705882
22.1960784313725
35.2941176470588
36.1960784313725
38.6325490196079
41.0588235294118
28.8678431372549
44.4807843137255
43.4560784313725
37.2156862745098
33.6517647058823
36.441568627451
38.9803921568627
39.8858823529412
44.6274509803922
43.2941176470588
48.2745098039216
42.9462745098039
45.1474509803922
45.103137254902
46.5882352941176
52.8470588235294
46.9019607843137
41.921568627451
39.7356862745098
38.7843137254902
36.2745098039216
39.2258823529412
40.7450980392157
48.5501960784314
53.3054901960784
49.5294117647059
47.2156862745098
46.9133333333333
35.4541176470588
34.3803921568627
46.441568627451
40.2403921568627
46.5686274509804
40.9803921568627
45.1776470588235
46.3529411764706
33.6964705882353
41.1423529411765
40.3811764705882
35.338431372549
43.26
31.4509803921569
44.5541176470588
37.6545098039216
45.5686274509804
47.4509803921569
42.1278431372549
42.0588235294118
41.2207843137255
42.0149019607843
10.6039215686274
37.4901960784314
38.3529411764706
37.7254901960784
45.9607843137255
42.8286274509804
53.843137254902
47.6470588235294
31.2941176470588
45.6964705882353
46.5882352941176
34.6325490196078
19.3086274509804
35.0313725490196
22.9462745098039
33.4635294117647
34.478431372549
46.6427450980392
43.8874509803922
39.2941176470588
48.6325490196078
49.4662745098039
39.243137254902
49.8858823529412
45.6247058823529
42.9803921568627
35.6078431372549
39.1764705882353
46.0164705882353
40.7501960784314
45.5749019607843
39.5737254901961
44.156862745098
34.5933333333333
47.2258823529412
47.3333333333333
46.4313725490196
44.598431372549
48.4364705882353
43.9266666666667
38.918431372549
38.0847058823529
38.8627450980392
31.9317647058824
41.921568627451
33.7239215686274
41.1372549019608
37.2156862745098
37.6470588235294
45.9709803921569
44.7501960784314
44.9686274509804
37.6470588235294
47.8925490196078
49.9658823529412
49.9607843137255
42.7070588235294
47.0980392156863
43.9709803921569
36.7725490196078
42.0886274509804
42.6156862745098
45.0588235294118
38.6325490196078
45.4509803921569
41.8482352941176
44.078431372549
42.6666666666667
47.416862745098
41.8039215686274
35.7698039215686
40.2454901960784
53.3294117647059
44.8235294117647
46.7070588235294
45.6823529411765
51.8482352941177
44.2470588235294
46.8235294117647
46.6082352941176
41.478431372549
42.5450980392157
42.9960784313725
49.1254901960784
44.7945098039216
45.6274509803921
45.06
47.56
40.0101960784314
43.3956862745098
42.3682352941176
39.1043137254902
34.8627450980392
49.0078431372549
40.4588235294118
48.5137254901961
46.2403921568627
34.0050980392157
39.4117647058824
40.6325490196078
45.843137254902
46.8627450980392
43.0196078431373
34.5490196078431
37.6521568627451
3.92156862745098
38.5803921568627
49.338431372549
40.9450980392157
47.5447058823529
48.4364705882353
35.7356862745098
28.9070588235294
47.4196078431372
48.5541176470588
48.9019607843137
41.6874509803922
47.8039215686274
42.5945098039216
40.1227450980392
42.3921568627451
46.0443137254902
33.4749019607843
37.2301960784314
47.18
39.8364705882353
47.5756862745098
45.2156862745098
38.478431372549
28.4705882352941
46.9854901960784
45.843137254902
46.7843137254902
38.1619607843137
49.3333333333333
45.7149019607843
38.7070588235294
28.0047058823529
38.6337254901961
44.6478431372549
44.7894117647059
46.2898039215686
45.7305882352941
41.5725490196078
38.5490196078431
41.8152941176471
34.5149019607843
45.2470588235294
36.9231372549019
44.8298039215686
50.4325490196078
57.0913725490196
43.6078431372549
41.4666666666666
37.921568627451
42.0392156862745
44.0564705882353
43.3066666666667
41.5294117647059
41.701568627451
38.2796078431372
39.3607843137255
40.2796078431373
38.2745098039216
44.9019607843137
42.5713725490196
45.6470588235294
15.5839215686275
43.3490196078431
45.3725490196078
39.6078431372549
54.1894117647059
36.0905882352941
41.6011764705882
49.0298039215686
38.4588235294118
42.9019607843137
46.3137254901961
45.6129411764706
40.5933333333333
44.3529411764706
43.6858823529412
44.5882352941176
37.6176470588235
42.0462745098039
46.8235294117647
38.3188235294118
44.5933333333333
42.8901960784314
44.0117647058824
41.9882352941176
50.4313725490196
46.7211764705882
43.3725490196078
40.2403921568627
33.103137254902
43.4901960784314
67.6913725490196
45.1082352941176
63.7411764705882
42.4909803921569
43.0207843137255
48.5933333333333
47.356862745098
42.3290196078431
43.4941176470588
45.3654901960784
42.9909803921569
38.6717647058824
36.5882352941176
36.8658823529412
37.6913725490196
37.8925490196078
39.2156862745098
37.3803921568627
43.3576470588235
40.6941176470588
38.5490196078431
41.243137254902
32.3662745098039
43.4623529411765
46.4756862745098
43.196862745098
49.7019607843137
41.5619607843137
38.5098039215686
41.8141176470588
48.4870588235294
39.1866666666667
39.6470588235294
34.8952941176471
38.4023529411765
47.26
43.2549019607843
37.6952941176471
33.86
34.6717647058824
45.8635294117647
46.8235294117647
41.1764705882353
32.5098039215686
31.0349019607843
34.9866666666667
34.7501960784314
49.0482352941176
37.6521568627451
32.2352941176471
30.8627450980392
38.3972549019608
41.8039215686274
34.4274509803922
29.5686274509804
33.9149019607843
42.9286274509804
48.7109803921569
45.5054901960784
43.5227450980392
40.7160784313725
42.6666666666667
45.6964705882353
43.1333333333333
42.3580392156863
45.0196078431373
46.0050980392157
39.8925490196078
41.4835294117647
41.8705882352941
35.3333333333333
31.678431372549
32.4290196078431
33.0588235294118
34.2572549019608
41.7435294117647
40.4501960784314
38.7109803921569
36.0886274509804
43.8823529411765
42.7894117647059
38.3921568627451
32.4964705882353
44.8423529411765
37.9266666666667
42.7996078431373
40.6666666666667
38.8117647058823
46.9411764705882
45.1474509803922
41.6180392156863
41.7254901960784
38.1960784313726
31.4392156862745
29.843137254902
34.5882352941176
37.4117647058824
47.4509803921569
44.3921568627451
51.4705882352941
34.3137254901961
48.1960784313725
42.5490196078431
41.6039215686274
40.8666666666667
38.356862745098
43.1372549019608
37.4333333333333
39.9647058823529
37.181568627451
40.7894117647059
42.3592156862745
36.6666666666667
43.503137254902
32.0929411764706
13.6352941176471
31.878431372549
41.8823529411765
34.6850980392157
37.5156862745098
48.5803921568627
42.8345098039216
39.0980392156863
34.8286274509804
49.7356862745098
43.8313725490196
44.6823529411765
43.4
38.5611764705882
34.4129411764706
39.9149019607843
42.8627450980392
34.1729411764706
39.643137254902
42.4705882352941
41.5737254901961
41.8039215686275
45.1423529411765
39.0588235294118
41.7529411764706
46.2454901960784
43.4
36.5058823529412
41.7698039215686
40.2745098039216
38.3545098039216
36.7160784313725
35.1764705882353
35.1839215686274
25.841568627451
33.5509803921569
34.9411764705882
42.3137254901961
37.7803921568627
30.7843137254902
27.7423529411765
38.4345098039216
38.7501960784314
38.2745098039216
42.8282352941176
46.3921568627451
42.9513725490196
44.0392156862745
43.4509803921569
44.52
48.6666666666667
48.3894117647059
38.156862745098
36.078431372549
44.1176470588235
20.3317647058824
37.8196078431373
37.1423529411765
34.3921568627451
42.898431372549
36.4756862745098
42.9121568627451
39.1647058823529
38.0823529411765
41.9490196078431
37.1372549019608
31.1764705882353
29.2207843137255
32.363137254902
35.4
39.7647058823529
36.5933333333333
39.0588235294118
38.7843137254902
43.8482352941176
42.1450980392157
36.3905882352941
47.0588235294118
42.0101960784314
44.5764705882353
47.3239215686275
41.3725490196078
39.3537254901961
35.3333333333333
46.5541176470588
40.3290196078431
37.0588235294118
32.6666666666667
40.2674509803921
35.5054901960784
36.7607843137255
38.5882352941176
39.4117647058823
47.9266666666667
50.7109803921568
47.0588235294118
47.781568627451
44.6862745098039
46.1960784313725
45.0196078431373
38.1188235294118
41.6129411764706
49.1878431372549
40.9462745098039
47.5003921568627
33.7254901960784
38.078431372549
44.9176470588235
38.3137254901961
41.7749019607843
35.8705882352941
42.3580392156863
38.8729411764706
41.5686274509804
37.5737254901961
43.4078431372549
46.5592156862745
40.8627450980392
40.5882352941176
42.6274509803922
36.2509803921569
38.0835294117647
40.2207843137255
41.1878431372549
27.9160784313726
39.7647058823529
40.156862745098
36.5882352941177
36.9803921568627
30.7737254901961
46.2
45.103137254902
42.3921568627451
41.26
39.2039215686275
37.3066666666667
37.8627450980392
38.3345098039216
30.9019607843137
42.7611764705882
34.0101960784314
41.3607843137255
46.3239215686274
41.4117647058824
41.363137254902
35.3435294117647
35.9607843137255
39.3874509803922
36.6274509803922
39.1921568627451
43.7588235294118
40.4756862745098
46.8627450980392
41.6674509803922
44.3529411764706
41.8823529411765
44.5678431372549
37.5466666666667
43.9623529411765
49.26
37.2992156862745
45.5952941176471
47.0196078431373
39.3776470588235
34.3341176470588
42.078431372549
43.0078431372549
42.7776470588235
46.7486274509804
44.2011764705882
45.6745098039216
45.243137254902
41.6129411764706
45.9694117647059
42.3972549019608
34.2286274509804
33.8862745098039
41.7305882352941
32
33.2247058823529
22.1278431372549
36.156862745098
40.2235294117647
43.8090196078431
39.5227450980392
36.9854901960784
37.3094117647059
45.0588235294118
40.6274509803922
48.6274509803922
39.3725490196078
41.0588235294118
52.7058823529412
46.9066666666667
46.7058823529412
40.5098039215686
50.6666666666667
52.9411764705882
49.1254901960784
53.181568627451
47.3176470588235
50.3137254901961
51.5992156862745
52.0152941176471
51.7945098039216
49.0207843137255
34.8298039215686
39.2658823529412
35.3839215686274
43.2874509803922
47.1647058823529
46.1960784313726
50.078431372549
51.0196078431373
51.8235294117647
48.1960784313725
33.26
45.181568627451
39.9317647058823
40.1176470588235
50.2745098039216
45.7254901960784
55.9372549019608
43.843137254902
48.4705882352941
46.8235294117647
41.8874509803922
37.4117647058824
42.7894117647059
48.5262745098039
44.5933333333333
43.0196078431373
45.2701960784314
34.503137254902
43.6913725490196
45.6352941176471
50.3921568627451
53.3894117647059
44.8639215686274
44.4588235294118
45.4011764705882
49.5098039215686
45.7647058823529
31.7529411764706
39.1137254901961
43.8039215686274
49.2039215686274
65.4364705882353
46.2352941176471
47.7843137254902
44.2556862745098
47.043137254902
35.9317647058823
52.1619607843137
43.9658823529412
45.6862745098039
42.1619607843137
43.5396078431373
35.416862745098
41.5294117647059
41.7019607843137
45.6862745098039
52.0113725490196
44.5670588235294
45.1423529411765
32.0443137254902
38.1960784313725
52.9411764705882
39.1764705882353
43.4117647058824
49.1474509803922
38.0392156862745
46.6858823529412
46.3972549019608
47.3372549019608
43.4392156862745
43.7803921568627
40.4858823529412
40.5149019607843
47.843137254902
44.1580392156863
40.721568627451
43.0639215686274
41.1254901960784
47.2549019607843
44.3972549019608
53.1827450980392
49.138431372549
40.5529411764706
40.2796078431373
54.1301960784314
36.2011764705882
29.9356862745098
40.1278431372549
55.0156862745098
38.3529411764706
41.416862745098
46.9019607843137
44.5933333333333
49.4274509803921
44.3411764705882
51.3435294117647
46.4588235294118
36.5490196078431
41.5960784313725
46.2745098039216
49.4219607843137
47.8886274509804
42.7725490196078
43.495294117647
50.4023529411765
41.216862745098
37.8862745098039
40.3462745098039
39.9803921568627
41.0992156862745
30.7843137254902
44.4858823529412
44.7019607843137
49.7658823529412
38.8678431372549
29.476862745098
45.2549019607843
46.8509803921569
43.6666666666666
44.7894117647059
52.9917647058823
50.1380392156863
36.5243137254902
34.7254901960784
36.0003921568627
36.3580392156863
54.6650980392157
54.2745098039216
46.6941176470588
50.4847058823529
48.0545098039216
49.6156862745098
46.7603921568627
44.0886274509804
38.9070588235294
45.5737254901961
46.7843137254902
49.4560784313725
43.8039215686275
44.8627450980392
45.3788235294118
41.3501960784314
37.8141176470588
49.0470588235294
43.0980392156863
46.5717647058824
45.6509803921569
46.5490196078431
48.2796078431373
48.0443137254902
41.7803921568627
15.26
40.4705882352941
40.1333333333333
34.4717647058824
41.6470588235294
45.4117647058823
34.7705882352941
39.3043137254902
38.7450980392157
43.0690196078431
34.9019607843137
47.2992156862745
48.0666666666667
47.5529411764706
45.5686274509804
48.0431372549019
52.6666666666667
50.6819607843137
45.72
35.338431372549
34.2403921568627
43.4666666666667
45.9454901960784
48.7843137254902
47.338431372549
47.9607843137255
47.321568627451
48.6388235294118
47.7698039215686
46
48.0494117647059
47.3043137254902
48.0050980392157
47.9098039215686
46
47.5737254901961
47.1474509803922
46.8729411764706
44.8360784313725
40.0050980392157
48.6717647058823
43.7254901960784
38.5933333333333
39.5266666666667
43.6129411764706
44.2352941176471
50.5592156862745
44.3341176470588
46.5541176470588
38.9686274509804
43.2941176470588
44.8678431372549
49.0941176470588
48.4854901960784
38.5698039215686
47.8392156862745
43.3282352941176
39.6129411764706
38.5490196078431
45.8494117647059
48.3137254901961
39.2313725490196
41.1223529411765
38.9019607843137
45.4952941176471
47.8627450980392
37.495294117647
37.6745098039216
41.4509803921569
39.9149019607843
40.1403921568627
