1.96078431372549
1.09803921568628
1.52941176470588
1.2313725490196
1.33333333333333
1.33333333333333
1.10196078431373
1.72549019607844
2.11764705882352
1.29411764705882
1.49019607843138
1.41176470588236
1.64705882352942
1.76470588235295
1.56862745098039
1.09803921568627
1.52941176470589
1.64705882352942
1.13725490196079
1.25490196078431
1.37254901960784
0.980392156862742
1.45098039215686
0.823529411764704
1.01960784313726
1.21568627450981
2.15686274509804
1.41176470588235
1.45490196078431
1.64705882352942
1.64705882352942
1.25490196078431
1.2156862745098
1.17647058823529
1.69803921568628
1.1764705882353
1.33333333333333
1.2156862745098
1.56862745098039
1.13725490196079
1.5686274509804
0.901960784313733
1.2156862745098
1.01960784313725
1.56862745098039
0.745098039215684
1.5686274509804
1.05882352941177
1.84313725490196
1.64705882352941
1.56862745098039
1.72549019607844
1.68627450980393
1.72549019607844
1.88235294117646
1.72549019607843
1.96078431372549
0.992156862745104
1.45098039215687
0.941176470588232
1.49019607843137
1.52941176470588
1.37254901960784
1.49019607843138
1.5686274509804
1.45098039215686
1.72549019607843
1.17647058823529
1.68627450980392
1.41176470588236
1.60784313725491
1.72549019607844
1.56862745098039
1.13725490196078
1.80392156862745
1.83137254901961
1.45098039215687
1.72549019607844
1.45098039215686
1.41176470588235
1.05882352941176
1.13725490196079
1.64705882352942
1.37254901960784
1.13725490196078
1.05882352941176
1.84313725490196
1.09803921568628
1.76470588235295
1.09803921568627
1.76470588235293
1.11843137254901
1.56862745098039
1.09803921568628
1.64705882352942
1.25490196078432
1.45098039215686
1.49019607843137
1.5686274509804
0.941176470588243
0.784313725490193
1.17647058823529
1.56862745098039
0.901960784313726
1.1764705882353
0.784313725490193
1.56862745098039
1.09803921568627
1.01960784313725
1.17647058823529
0.866666666666671
1.1764705882353
0.784313725490193
1.09803921568627
0.784313725490193
0.784313725490193
1.33333333333334
1.1764705882353
0.784313725490193
0.862745098039213
1.2156862745098
0.784313725490193
1.45098039215687
1.33333333333334
1.5686274509804
1.17647058823529
1.17647058823529
1.17647058823529
0.784313725490193
1.1764705882353
1.17647058823529
1.2156862745098
1.17647058823529
1.17647058823529
1.1764705882353
0.784313725490204
1.5686274509804
1.17647058823529
1.33333333333333
0.862745098039213
1.92156862745098
1.1764705882353
1.49019607843138
1.17647058823529
1.33333333333333
1.17647058823529
1.5686274509804
1.1764705882353
1.17647058823529
0.784313725490193
1.6078431372549
0.980392156862747
1.1764705882353
0.784313725490193
1.25490196078431
1.09803921568627
1.17647058823529
1.17647058823529
0.784313725490204
1.27058823529412
1.17647058823529
1.05882352941176
1.01960784313725
1.17647058823529
1.1764705882353
1.1764705882353
1.17647058823529
0.784313725490193
1.17647058823529
0.470588235294116
1.5686274509804
1.1764705882353
1.5686274509804
1.17647058823529
1.17647058823529
1.01960784313725
1.01960784313726
1.1764705882353
1.25490196078432
1.52941176470588
1.17647058823529
1.17647058823529
1.2156862745098
1.1764705882353
1.5686274509804
1.17647058823529
1.17647058823529
0.901960784313722
1.37254901960784
0.901960784313726
1.5686274509804
0.823529411764703
1.45098039215686
1.45098039215686
1.92156862745098
1.45098039215687
1.65882352941177
0.784313725490193
1.56862745098039
0.784313725490193
1.1764705882353
0.784313725490204
0.980392156862742
1.29411764705882
1.56862745098039
1.17647058823529
1.25490196078432
1.1764705882353
1.56862745098039
1.17647058823529
1.17647058823529
0.784313725490193
1.1764705882353
1.1764705882353
1.17647058823529
0.980392156862742
1.49019607843137
0.784313725490193
1.49019607843138
1.1764705882353
1.17647058823529
1.17647058823529
0.784313725490193
1.17647058823529
0.862745098039215
1.13725490196079
0.784313725490193
1.56862745098039
1.52941176470588
1.33333333333333
1.1921568627451
0.784313725490204
1.33333333333334
0.941176470588232
1.62980392156862
1.2156862745098
1.56862745098039
1.1764705882353
1.38823529411765
1.17647058823529
1.96078431372549
0.99607843137255
1.88235294117647
1.09803921568627
1.76470588235295
1.33333333333334
1.76470588235293
1.17647058823529
1.52941176470589
0.784313725490204
1.1764705882353
1.01960784313725
1.37254901960784
1.64705882352941
1.5686274509804
1.1764705882353
1.96078431372549
0.784313725490193
1.2156862745098
1.05882352941177
1.20392156862745
1.29843137254903
1.17647058823529
1.17647058823529
1.17647058823529
0.784313725490193
1.1764705882353
0.784313725490204
1.17647058823529
0.784313725490193
0.784313725490193
1.14784313725491
0.784313725490204
1.09803921568628
1.17647058823529
1.17647058823529
1.25490196078431
1.52941176470589
1.1764705882353
1.1764705882353
1.17647058823529
0.901960784313722
1.17647058823529
1.2156862745098
1.37254901960785
0.823529411764714
1.5686274509804
1.2156862745098
1.56862745098039
1.52941176470588
1.96078431372549
0.945098039215685
1.56862745098039
0.862745098039224
1.60784313725491
1.33333333333333
1.25490196078431
0.784313725490204
0.784313725490204
1.1764705882353
1.81568627450981
1.17647058823529
1.96078431372549
0.862745098039224
1.80392156862746
1.56862745098039
1.17647058823529
0.784313725490193
1.0764705882353
0.862745098039224
1.17647058823529
1.05882352941176
1.01960784313725
1.01960784313725
1.60784313725491
1.05882352941177
1.5686274509804
1.13725490196078
1.17647058823529
0.866666666666682
1.37254901960785
1.41176470588236
1.01960784313725
1.32901960784313
1.17647058823529
1.5686274509804
1.1764705882353
1.1764705882353
1.17647058823529
1.12196078431372
1.17647058823529
1.17647058823529
1.37254901960785
1.01960784313726
1.84313725490197
1.05882352941176
1.84313725490196
1.72549019607843
2.11764705882353
1.33725490196079
1.72549019607843
0.784313725490193
1.5686274509804
1.56862745098039
1.36078431372548
1.1764705882353
0.784313725490204
1.5686274509804
1.5686274509804
1.29411764705882
1.96078431372548
1.1764705882353
2.11764705882353
1.41176470588235
1.17647058823529
0.784313725490193
1.1764705882353
1.1764705882353
1.10196078431372
1.17647058823529
1.09803921568627
1.1764705882353
1.5686274509804
1.17647058823529
1.52941176470588
0.980392156862742
0.941176470588236
1.1764705882353
1.5686274509804
1.5686274509804
1.17647058823529
1.56862745098039
1.17647058823529
1.49019607843138
1.23137254901961
1.17647058823529
1.17647058823529
1.17647058823529
1.05882352941176
0.941176470588236
1.45098039215687
0.980392156862753
1.96078431372549
1.09803921568627
1.96078431372549
1.64705882352941
1.92156862745098
1.52941176470588
1.96078431372549
1.37254901960784
1.72941176470588
1.76470588235295
1.80392156862744
1.25490196078431
1.37254901960784
1.33333333333333
1.96078431372549
1.68627450980393
1.96078431372548
1.13725490196079
2
1.56862745098039
1.23686274509803
1.09803921568627
1.1764705882353
1.05882352941177
1.25490196078431
1.25490196078431
1.17647058823529
1.1764705882353
1.33333333333334
1.17647058823529
1.56862745098039
1.17647058823529
1.1764705882353
1.05882352941177
1.52941176470589
1.41176470588235
0.852156862745096
1.37254901960784
1.33333333333334
1.49019607843138
1.17647058823529
1.17647058823529
1.33333333333333
1.14117647058823
1.37254901960785
1.25490196078432
1.33333333333334
1.33333333333333
1.56862745098039
1.09803921568627
1.52941176470588
1.33333333333333
1.6078431372549
1.1764705882353
1.96078431372549
0.823529411764709
1.49019607843137
1.68627450980393
1.60784313725491
1.05882352941176
0.823529411764703
1.25490196078431
2
1.5686274509804
1.72549019607843
1.33333333333333
2.03921568627451
1.33333333333334
1.56862745098039
1.37254901960784
1.29411764705882
0.784313725490204
1.29411764705883
1.56862745098039
1.17647058823529
1.1764705882353
1.33333333333334
1.13725490196078
1.52941176470588
0.862745098039213
1.1764705882353
1.13725490196079
1.41176470588235
1.17647058823529
0.784313725490193
1.1764705882353
1.1764705882353
1.1764705882353
1.49019607843137
1.09803921568627
1.56862745098039
1.5686274509804
1.5686274509804
1.32156862745098
1.56862745098039
1.05882352941176
1.2156862745098
1.56862745098039
1.92156862745098
1.45098039215686
2.31372549019608
1.09803921568628
1.96078431372549
1.13725490196079
1.09803921568628
1.56862745098039
1.49019607843138
1.33333333333334
1.17647058823529
0.901960784313722
1.84313725490195
1.45098039215687
2.10549019607843
1.17647058823529
1.96078431372549
1.11372549019608
1.17647058823529
1.17647058823529
1.26980392156863
0.784313725490204
1.52941176470589
1.56862745098039
0.823529411764703
1.5686274509804
1.5686274509804
0.823529411764703
1.29411764705882
1.25490196078431
1.1764705882353
0.823529411764703
1.52941176470588
1.17647058823529
0.784313725490193
1.33333333333334
1.09803921568628
1.5686274509804
0.907450980392153
1.37254901960784
1.29411764705882
1.43921568627451
1.21568627450981
1.17647058823529
0.956862745098035
1.2156862745098
1.56862745098039
1.1764705882353
2.03921568627451
1.41176470588235
1.96078431372549
1.14078431372549
1.92156862745098
1.37254901960784
1.52941176470588
1.84313725490196
1.72549019607843
1.76470588235295
1.49019607843138
1.17647058823529
1.63529411764705
1.45098039215687
2.47058823529412
1.17647058823529
1.80392156862744
1.37254901960785
1.76470588235295
1.17647058823529
1.6078431372549
1.1764705882353
1.1764705882353
1.29411764705882
1.17647058823529
1.72549019607843
1.52941176470589
1.32156862745098
1.52941176470588
1.09803921568627
1.5686274509804
1.25490196078432
1.56862745098039
1.02745098039215
1.01960784313725
1.5686274509804
1.5686274509804
1.56862745098039
1.45098039215686
1.09803921568627
1.5686274509804
1.27058823529412
1.41176470588235
1.33333333333333
1.26666666666666
0.901960784313722
1.76470588235295
1.1764705882353
2.23529411764706
1.1764705882353
2
1.13725490196079
1.92156862745098
1.25490196078431
1.1764705882353
1.37254901960784
1.24078431372549
1.52941176470588
1.76470588235295
1.29411764705883
1.76470588235293
1.29411764705882
2.07843137254902
1.21568627450981
2.50980392156863
1.80392156862744
1.60784313725491
1.49019607843138
1.76470588235293
1.34901960784313
1.5686274509804
1.45098039215687
1.29411764705882
1.45098039215686
1.17647058823529
1.09803921568628
1.5686274509804
0.878431372549016
1.49019607843138
1.1764705882353
1.5686274509804
1.17647058823529
0.878431372549016
1.37254901960785
1.49019607843138
1.41176470588235
1.17647058823529
0.86666666666666
1.1764705882353
1.73725490196079
1.17647058823529
1.17647058823529
1.12823529411764
1.13725490196078
1.96078431372549
0.941176470588243
1.96078431372549
1.1764705882353
1.96078431372549
1.18039215686274
1.80392156862745
1.17647058823529
1.13725490196079
1.45098039215686
0.980392156862747
0.823529411764703
1.92156862745097
1.27058823529412
1.5686274509804
1.17647058823529
2.27450980392156
1.21568627450981
2.15686274509804
1.45098039215686
1.80392156862744
1.18039215686275
1.72549019607844
0.901960784313722
1.25490196078431
0.878431372549027
1.5686274509804
1.96078431372548
1.92156862745097
1.76470588235295
1.76470588235295
1.41176470588235
1.92156862745097
1.1764705882353
1.5686274509804
1.45098039215686
1.13725490196078
1.25490196078431
1.5686274509804
1.5686274509804
1.17647058823529
1.17647058823529
1.49019607843138
1.29411764705883
1.49019607843138
0.980392156862742
1.17647058823529
1.49019607843137
1.54078431372549
1.09803921568628
1.96078431372549
1.25490196078431
2
1.18039215686275
1.96078431372549
1.38156862745098
1.25490196078431
1.56862745098039
1.56862745098039
1.56862745098039
1.6078431372549
1.17647058823529
1.80392156862746
1.37254901960785
2.27450980392156
1.05882352941176
2.35294117647059
1.53333333333334
1.68627450980392
1.56862745098039
1.94901960784314
1.13725490196078
1.52941176470588
1.18039215686274
1.29411764705883
1.41176470588236
1.68627450980392
1.56862745098039
1.5843137254902
1.45098039215687
1.84313725490195
0.862745098039213
1.76470588235295
1.1764705882353
1.56862745098039
1.56862745098039
1.49019607843138
1.49019607843138
1.64705882352942
1.88235294117646
1.56862745098039
1.52941176470589
1.5686274509804
1.09803921568627
1.02352941176471
1.09803921568627
1.49019607843137
1.33333333333333
1.93568627450981
1.1764705882353
1.66274509803921
0.901960784313728
1.96078431372549
1.1764705882353
1.21568627450981
1.45098039215686
1.33333333333333
1.45098039215686
1.76470588235294
1.29411764705882
1.66274509803922
0.980392156862753
2.35294117647059
1.49019607843137
2.35294117647059
1.13725490196079
1.41176470588236
1.33333333333333
2.07843137254902
1.21568627450981
1.41176470588236
1.37254901960784
1.49019607843137
1.29411764705883
1.52941176470589
1.33333333333333
1.56862745098039
1.01960784313726
1.68627450980393
1.17647058823529
1.76470588235293
1.01960784313726
1.37254901960785
1.88235294117648
1.68627450980392
1.33019607843137
1.33333333333334
1.72549019607844
1.8156862745098
1.76470588235293
1.64705882352941
1.1764705882353
1.05882352941177
1.01960784313725
1.61176470588234
1.29411764705882
1.92156862745098
1.01725490196078
1.96078431372549
1.1764705882353
1.56862745098039
0.784313725490193
1.1764705882353
1.13725490196079
1.1764705882353
1.25490196078431
1.56862745098039
1.1764705882353
1.88235294117646
1.17647058823529
2.35294117647059
0.784313725490193
1.49019607843137
0.823529411764704
1.64705882352942
1.17647058823529
1.96078431372548
0.980392156862742
1.45098039215687
1.09803921568627
1.52941176470588
1.56862745098039
1.5686274509804
1.1764705882353
1.13725490196078
1.17647058823529
1.1764705882353
1.1764705882353
1.37254901960784
1.25490196078431
1.56862745098039
1.1764705882353
1.5686274509804
1.68627450980392
1.52941176470588
1.80392156862745
1.5686274509804
1.5686274509804
1.52941176470588
1.56862745098039
1.05882352941177
1.01960784313726
1.72549019607844
1.41176470588236
2.11764705882353
1.1764705882353
1.96078431372549
1.33333333333333
1.76470588235294
1.17647058823529
1.52941176470588
1.17647058823529
1.1764705882353
1.01960784313726
1.49019607843137
0.823529411764709
1.45098039215686
1.17647058823529
2.35294117647059
1.25490196078432
1.76470588235293
0.901960784313722
1.5686274509804
0.901960784313733
1.76470588235293
0.86666666666666
1.56862745098039
1.5686274509804
1.09803921568627
1.45098039215686
1.50588235294117
1.21568627450981
1.52941176470589
1.01960784313725
1.45098039215686
1.29411764705883
1.5686274509804
1.41176470588235
1.56862745098039
1.07450980392158
1.64705882352942
1.60784313725491
1.45098039215686
1.72549019607843
1.5686274509804
1.49019607843138
1.37254901960785
1.56862745098039
0.984313725490189
1.2156862745098
1.33333333333333
1.21568627450981
1.88235294117647
1.17647058823529
1.96078431372549
1.13725490196078
1.65098039215686
1.1764705882353
1.52941176470588
1.56862745098039
1.49019607843137
1.1764705882353
1.96078431372549
1.33333333333333
1.21568627450981
1.17647058823529
2.35294117647059
1.1764705882353
1.38823529411764
1.17647058823529
1.29411764705882
1.1764705882353
2.07843137254902
1.56862745098039
1.37254901960784
1.37254901960784
1.1764705882353
1.41176470588236
1.33333333333333
1.01960784313725
1.41568627450982
0.745098039215684
1.41176470588235
1.10392156862745
1.45098039215687
1.45098039215687
1.88235294117648
1.64705882352941
1.56862745098039
1.41176470588235
1.50588235294119
1.60784313725491
1.92156862745097
1.37254901960784
1.41176470588235
1.60784313725491
1.5686274509804
1.49019607843137
1.64705882352941
1.6078431372549
1.92156862745098
1.17647058823529
1.96078431372549
0.784313725490193
1.25490196078431
1.1764705882353
1.17647058823529
0.862745098039218
1.49019607843137
0.901960784313724
1.1764705882353
1.17647058823529
1.1764705882353
0.784313725490193
1.96078431372548
0.823529411764714
1.42745098039216
0.784313725490193
1.33333333333333
1.17647058823529
1.92156862745098
0.941176470588232
1.17647058823529
1.2156862745098
1.1764705882353
1.1764705882353
1.2156862745098
1.17647058823529
1.17647058823529
0.509803921568637
1.17647058823529
0.784313725490193
1.45098039215686
0.941176470588236
1.29411764705883
1.5686274509804
1.25882352941176
1.56862745098039
1.52941176470589
1.1764705882353
1.56862745098039
0.823529411764703
1.17647058823529
1.17647058823529
1.1764705882353
1.1764705882353
1.25490196078431
1.17647058823529
1.96078431372549
1.1764705882353
2.23529411764706
1.13725490196079
1.52941176470588
1.1764705882353
1.25882352941176
1.05882352941177
1.21568627450981
0.784313725490193
1.56862745098039
1.14901960784313
1.56862745098039
0.862745098039218
2.15686274509804
1.1764705882353
1.27058823529412
1.17647058823529
1.45098039215686
0.392156862745097
1.5686274509804
1.12627450980393
1.56862745098039
1.17647058823529
1.09803921568628
1.1764705882353
1.17647058823529
1.17647058823529
1.25490196078431
0.431372549019607
1.5686274509804
0.784313725490193
1.52941176470588
0.823529411764703
1.4
1.1764705882353
1.17647058823529
1.56862745098039
1.56862745098039
1.65098039215686
1.5686274509804
1.49019607843137
0.784313725490193
0.901960784313722
1.1764705882353
1.1764705882353
0.878431372549027
1.56862745098039
1.96078431372549
1.1764705882353
1.96078431372549
0.941176470588238
1.25490196078431
1.52941176470588
1.56862745098039
1.1764705882353
1.1764705882353
0.784313725490193
1.56862745098039
1.01960784313726
1.56862745098039
0.980392156862747
1.96078431372549
1.17647058823529
1.5686274509804
1.1764705882353
1.56862745098039
1.05882352941176
1.60784313725491
0.666666666666675
1.41176470588236
1.0078431372549
1.13725490196078
1.13725490196079
1.33333333333334
1.09803921568627
0.980392156862742
0.784313725490193
1.18039215686275
0.784313725490193
1.49411764705881
0.86666666666666
1.72549019607843
0.784313725490204
0.941176470588232
1.37254901960784
1.2313725490196
1.41176470588235
1.5686274509804
1.09803921568627
1.37254901960784
1.49019607843137
1.10980392156863
0.784313725490204
0.862745098039224
0.784313725490193
