3.25490196078431
2.74509803921569
3.41176470588235
3.64705882352941
3.13725490196079
3.64705882352941
3.13725490196079
3.56862745098039
4.03921568627451
3.49019607843137
3.41176470588235
3.45098039215686
3.72549019607843
3.88235294117647
3.37254901960784
3.6078431372549
3.6078431372549
4.70588235294117
3.1764705882353
3.29411764705883
3.09803921568628
2.8235294117647
3.41176470588235
3.09803921568627
3.37254901960784
3.09803921568627
3.68627450980392
3.37254901960784
3.37254901960784
3.25490196078431
3.1764705882353
3.25490196078431
3.07843137254901
3.21568627450981
3.2156862745098
3.01960784313726
3.49019607843137
2.98039215686275
3.49411764705883
3.17647058823529
3.22156862745098
2.98039215686274
2.98039215686274
2.54901960784314
2.82352941176471
2.54901960784314
2.74509803921569
2.35294117647059
3.17647058823529
3.1764705882353
3.56862745098039
3.45098039215687
3.52941176470588
4.03921568627451
3.80392156862745
3.33333333333333
3.56862745098039
3.13725490196079
3.25490196078431
3.02549019607843
3.29411764705882
3.33333333333333
3.49019607843137
3.96078431372549
3.29411764705882
3.96078431372549
3.76470588235294
3.37254901960784
3.37254901960784
3.17647058823529
4.11764705882353
4
3.64705882352941
2.98039215686275
3.29411764705883
3.01960784313725
3.49607843137255
3.76470588235294
3.29411764705882
3.49019607843137
3.09803921568627
3.17647058823529
3.05882352941177
2.66666666666667
3.13725490196079
3.05882352941177
3.01960784313725
3.17647058823529
3.05882352941176
3.01960784313725
3.25490196078431
3.37254901960784
3.29411764705882
3.25490196078431
3.13725490196078
2.94117647058823
2.94705882352941
3.2156862745098
3.29411764705883
3.29411764705883
2.74509803921568
2.78431372549019
2.98039215686275
2.74509803921569
2.94117647058824
2.70588235294117
3.09803921568627
2.74509803921568
2.62745098039216
2.86274509803921
2.82352941176471
3.33333333333333
2.86274509803922
3.16274509803921
2.74509803921568
3.6078431372549
2.86274509803921
3.05882352941177
3.49019607843137
3.45098039215686
3.80392156862745
3.09803921568628
3.01960784313726
2.70588235294117
2.80392156862745
2.74509803921568
2.3921568627451
2.89333333333333
3.09803921568627
3.64705882352941
3
3.01960784313726
3.05882352941177
2.7843137254902
3.21568627450981
3.09803921568628
2.70588235294118
3.09803921568627
2.94117647058823
3.29411764705882
2.98039215686274
3.09803921568627
2.74509803921568
2.86274509803921
3.01960784313726
2.98039215686274
3.09803921568628
2.9078431372549
2.61882352941177
2.64705882352941
3.01960784313725
2.35294117647059
2.58823529411765
2.94117647058824
2.74509803921569
2.90196078431373
3.05882352941177
3.05882352941176
2.86862745098039
2.96078431372549
2.66666666666667
3.45098039215686
3.2156862745098
3.25490196078431
2.49019607843137
2.78431372549019
2.86274509803921
3.68627450980392
3.45098039215686
2.55490196078431
3.76470588235294
2.94117647058823
3.41176470588235
2.70588235294118
2.98039215686275
2.8235294117647
3.29411764705883
2.94117647058824
3.29411764705883
2.43725490196079
2.86274509803922
2.62745098039216
3.56862745098039
2.86862745098039
2.50980392156863
2.54901960784314
2.90196078431373
2.47058823529412
2.94117647058824
2.47058823529412
2.66666666666667
2.66666666666667
2.15686274509804
2.70588235294118
2.31372549019608
2.23529411764706
2.19607843137255
2.8235294117647
2.84313725490196
2.23529411764706
2.36470588235294
2.86274509803921
2.66666666666667
2.7843137254902
2.54901960784314
2.86274509803922
2.35294117647059
2.86274509803922
2.98627450980392
3.37254901960785
3.05882352941177
3.25490196078432
2.74509803921569
2.82352941176471
3.84313725490196
2.82352941176471
3.64705882352941
2.90196078431372
3.37254901960784
2.79019607843137
2.98039215686275
2.90196078431373
2.3921568627451
2.58823529411765
2.3921568627451
2.94117647058823
2.86274509803922
3.09803921568627
2.90196078431373
2.74509803921569
2.54901960784314
3.25490196078432
2.70588235294118
3.05882352941177
3.60784313725491
3.21568627450981
2.98039215686275
3.09803921568628
3.00000000000001
2.86274509803922
2.3921568627451
2.07843137254902
2.15686274509804
1.96078431372549
2
2.31372549019607
2.50980392156862
1.92156862745098
2.35294117647059
2.19607843137255
2.35294117647059
2
1.92156862745098
2.43137254901961
2.09803921568628
2.23529411764706
2.62745098039216
2.86274509803922
2.19607843137254
2.47058823529411
2.23529411764706
2.8235294117647
3.05882352941176
2.54901960784314
2.66666666666667
2.27450980392157
2.58823529411765
2.54901960784314
2.23529411764706
2
2.11764705882353
2.43137254901961
2.47058823529412
2.70588235294118
3.13725490196078
3.29411764705883
2.86274509803922
2.82352941176471
2.58823529411764
2.50980392156862
2.35294117647058
2.66666666666666
2.66666666666666
2.70588235294117
2.74509803921568
2.66666666666666
3.09803921568627
3.23529411764706
2.06980392156863
2.3921568627451
2.51568627450981
2.33333333333334
2.23529411764706
2.35294117647059
2.58823529411764
1.76470588235294
2.17647058823529
1.68627450980393
1.80392156862746
2.23529411764706
2.19607843137255
2.43137254901961
2.86274509803922
2.69725490196078
2.82352941176471
2.90196078431372
2.35294117647059
2.19607843137255
2
1.92156862745098
2.07843137254902
2.23529411764706
2.19607843137255
2.11764705882353
2.54901960784314
2.54901960784314
2.23529411764706
2.47058823529412
2.15686274509804
2.54901960784314
2.62745098039216
3.17647058823529
2.70588235294118
2.31372549019607
2.54901960784313
2.4313725490196
2.55490196078431
2.19607843137255
2.21568627450981
1.96078431372549
2.3921568627451
2.27450980392157
2.3443137254902
2.23529411764706
2.70588235294118
2.64705882352941
2
2
2.15686274509804
2.47058823529412
2.15686274509804
2.23529411764706
2.39215686274509
1.96078431372549
2.19607843137255
2.27450980392157
1.6921568627451
2.35294117647059
2.27450980392157
2.35294117647059
2.86274509803922
2.15686274509803
2.86274509803922
3.2156862745098
2.31372549019608
1.96078431372549
2.3921568627451
2.50980392156863
2.58823529411765
2.62745098039216
2.29411764705883
2.3921568627451
2.54901960784314
2.58823529411765
2.54901960784314
2.47058823529411
2.39215686274509
2.58823529411764
3.14313725490196
3.29411764705883
2.86274509803922
2.98039215686274
2.50980392156862
2.35294117647059
2.43137254901961
2.11764705882353
2.15686274509804
2.15686274509804
2.35294117647059
2.15686274509804
2.74509803921569
2.35294117647059
2.43137254901961
2.27450980392157
2.0392156862745
1.92156862745098
2.11764705882353
2.07843137254902
1.64705882352942
1.96666666666667
2.15686274509804
1.88235294117646
1.88235294117647
1.68627450980392
1.37254901960784
2.31372549019608
2.35294117647059
2.43725490196079
2.54901960784314
1.61372549019607
2.50980392156863
2.62745098039215
2.21568627450981
2.35294117647059
2.0843137254902
2.07843137254902
2.27450980392157
2.43137254901961
2.43137254901961
2.11764705882353
2.03921568627451
2.82352941176471
1.99999999999999
2.15686274509803
2.11764705882352
2.4313725490196
2.8235294117647
2.90196078431372
2.62745098039215
3.13725490196078
2.27450980392157
2.23529411764706
2.3921568627451
2.03921568627451
2.27450980392157
2
2.31372549019608
2.15686274509804
2.58823529411765
2.62745098039216
2.43137254901961
2.09803921568628
2.07843137254902
1.96078431372548
2.19607843137254
2.07843137254902
1.88235294117647
1.88235294117647
2
1.73137254901961
1.92156862745097
1.76470588235293
1.25490196078431
1.72549019607843
2.39215686274509
2.03921568627451
2.27450980392157
1.80392156862746
2.31372549019608
2.27450980392157
2.08431372549019
1.45098039215686
1.96078431372549
1.84313725490196
2.62745098039216
1.92156862745098
1.92745098039216
2.15686274509804
2.28039215686275
2.23529411764706
2.11764705882353
1.86274509803921
2.03921568627451
2.07843137254902
2.62745098039215
2.55294117647059
2.47058823529412
2.86274509803922
2.35294117647059
2.35294117647059
2.16274509803922
1.84313725490197
2.23529411764706
2.15686274509804
2.26666666666666
1.96078431372549
2.50980392156863
2.54901960784314
2.70588235294118
2.23529411764706
2
1.49019607843138
2.15686274509804
1.96078431372548
2.0392156862745
1.8235294117647
1.76470588235294
1.76470588235295
1.64705882352942
1.72549019607844
1.33333333333333
1.56862745098039
2.0392156862745
2.11764705882352
2.43137254901961
1.80392156862745
2.19607843137255
2.58823529411765
2.63333333333333
2.54901960784314
2.11764705882352
2.0392156862745
2.23529411764706
1.88235294117648
1.92156862745098
1.88235294117648
2.24117647058824
2.28039215686275
1.96078431372549
2.15686274509803
1.96078431372548
2.27450980392156
2.23529411764705
2.86274509803921
2
2.29411764705882
2.11764705882353
2.3921568627451
2.15686274509804
1.72549019607844
2.19607843137255
1.76470588235295
2.03921568627451
2
2.26588235294118
2.54901960784314
2.74509803921569
2.13725490196079
1.99999999999999
2.07843137254902
2.23529411764706
2.26588235294118
2.11764705882353
1.84313725490197
1.37254901960784
1.76470588235293
1.49019607843137
1.76470588235295
1.45098039215687
1.60784313725491
2.03921568627451
1.77647058823529
2.27450980392156
1.76470588235293
2.31372549019608
2.35294117647059
2.03921568627451
1.96078431372549
2.31372549019608
1.88235294117646
1.88235294117646
1.64705882352941
1.49019607843137
1.88235294117647
1.84313725490197
1.83529411764706
1.5686274509804
1.64705882352942
2.19607843137255
2.31372549019607
2.23529411764705
2.34509803921568
2.27450980392156
2.33921568627451
1.92156862745098
2.07843137254902
1.96078431372549
2.82941176470588
2.03921568627451
2.31372549019608
2
1.88235294117648
2.14901960784315
2.54901960784314
3.29411764705883
2.27450980392157
2.03921568627451
1.80392156862744
2.19607843137254
2
1.88235294117647
1.64705882352941
1.21568627450981
1.64705882352942
1.28549019607843
1.33333333333333
1.96666666666666
1.52941176470588
1.96078431372549
1.49019607843138
2
1.45098039215687
1.92156862745097
1.84313725490195
1.96078431372549
1.09803921568627
1.5686274509804
1.41176470588236
1.52941176470589
1.17647058823529
1.37254901960784
1.99999999999999
1.72549019607843
2.0392156862745
1.41176470588235
1.4313725490196
1.84901960784314
1.33333333333334
2.11764705882353
2.19607843137255
2.15686274509804
1.90196078431372
1.92156862745097
1.6078431372549
1.96078431372549
1.6078431372549
1.56862745098039
1.64705882352941
1.88235294117648
1.60784313725491
1.68627450980393
2
2.11764705882353
2.26117647058824
2.07843137254902
1.25490196078432
2.11764705882353
1.52941176470588
1.58823529411764
2.00588235294117
1.52941176470588
1.92156862745098
1.49019607843137
1.52941176470589
1.92156862745098
1.49019607843137
2.0392156862745
1.64705882352941
2.19607843137254
1.68627450980392
2.03921568627451
1.72549019607844
1.66549019607844
1.45098039215686
1.76470588235293
1.33333333333333
1.56862745098039
1.1235294117647
1.64705882352941
1.92156862745098
1.64705882352942
1.92745098039216
1.56862745098039
1.3921568627451
1.56862745098039
1.25490196078431
1.64705882352941
2.0843137254902
1.92156862745098
1.68627450980393
1.52941176470589
1.96078431372549
1.64705882352941
1.33333333333333
2.0392156862745
1.6078431372549
1.96078431372549
2.07843137254902
1.96666666666666
1.64705882352941
1.56862745098039
1.84313725490196
1.64705882352941
1.29411764705882
1.49019607843137
1.64705882352941
1.64705882352942
1.49019607843138
1.21568627450981
1.67764705882352
1.33333333333333
1.2156862745098
1.6078431372549
1.37254901960784
1.68627450980393
1.5686274509804
2.15686274509804
1.68627450980393
1.84313725490195
1.6078431372549
1.64705882352941
1.60784313725491
1.92156862745098
1.29411764705883
1.37254901960785
1.99999999999999
1.17647058823529
1.68627450980392
1.33333333333333
1.88235294117647
1.05882352941177
1.3529411764706
1.37254901960785
1.2156862745098
1.6078431372549
1.84313725490195
2
1.80392156862744
1.37254901960784
1.29411764705883
1.49019607843138
1.21568627450981
1.5686274509804
1.60784313725491
2.03921568627451
1.41176470588235
1.80392156862746
2.07843137254902
1.6078431372549
1.37254901960784
1.68627450980393
1.33333333333334
1.88235294117648
1.92156862745098
1.68627450980392
2.11764705882352
2.11764705882353
1.68627450980393
1.37843137254902
1.25490196078432
1.64705882352942
1.37254901960784
1.72549019607843
1.52941176470588
2.19607843137254
1.13725490196078
1.5686274509804
1.25490196078432
1.41176470588236
1.11764705882353
1.76470588235293
1.17647058823529
1.01960784313725
1.17647058823529
1.25490196078431
2.18666666666667
1.33333333333334
1.52941176470589
1.03921568627451
1.25490196078431
1.17647058823529
0.823529411764703
1.33333333333333
1.41176470588235
1.29411764705883
1.24705882352942
1.33333333333334
0.941176470588232
1.22156862745098
1.20078431372549
1.09803921568627
1.13725490196078
1.25490196078431
1.09803921568627
1.29411764705882
1.49607843137254
1.45098039215686
0.980392156862747
1.76470588235293
1.49019607843137
1.80392156862745
1.41176470588235
1.76470588235295
1.49019607843138
1.64705882352942
1.80392156862744
1.2156862745098
1.41176470588235
1.76470588235293
1.49019607843137
1.49960784313726
1.25490196078432
2.15686274509804
1.09803921568628
1.52941176470589
1.2156862745098
1.9913725490196
1.32470588235294
1.72549019607843
1.01960784313726
1.49019607843138
1.13725490196079
1.37254901960785
1.6078431372549
1.05882352941176
1.84313725490195
1.2156862745098
1.80392156862745
1.49019607843138
1.29411764705883
1.49019607843138
1.68627450980393
1.09803921568627
1.37254901960784
1.41176470588235
1.25490196078431
1.09803921568627
0.980392156862742
1.29411764705882
1.25490196078432
1.80392156862746
1.33333333333334
1.33333333333334
1.1764705882353
1.41176470588236
1.09803921568628
1.84901960784314
1.25490196078432
1.37254901960785
1.2156862745098
1.64705882352941
1.80392156862744
1.13725490196078
1.52941176470589
1.1764705882353
1.13725490196079
1.68627450980393
1.22156862745099
1.64705882352942
1.37254901960784
1.84313725490195
0.960784313725478
1.41176470588235
1.0843137254902
1.33333333333334
1.1764705882353
1.72549019607844
0.941176470588232
1.09803921568627
1.45098039215686
1.29411764705882
1.2156862745098
1.29411764705882
1.08941176470589
1.01960784313726
1.5686274509804
1.80392156862744
1.13725490196078
1.33333333333333
1.41176470588235
1.01960784313725
1.2156862745098
1.17647058823529
0.980392156862747
1.22156862745098
0.705882352941185
1.01960784313726
1.06470588235295
1.25490196078431
0.980392156862742
1.22156862745098
1.2156862745098
1.49019607843137
1.01960784313725
1.73137254901961
1.41176470588235
1.64705882352941
1.45098039215686
1.76470588235294
1.84313725490196
1.05882352941177
1.45098039215687
1.05882352941176
1.29411764705882
1.41764705882352
1.17647058823529
1.49019607843137
1.33333333333333
1.76470588235294
1.09803921568628
1.52941176470589
1.72549019607844
1.05098039215686
0.862745098039213
1.45098039215686
0.901960784313722
1.25490196078431
0.823529411764704
0.862745098039215
1.2607843137255
1.29411764705883
0.901960784313733
0.901960784313722
0.784313725490193
1.05882352941176
0.941176470588232
1.25490196078431
1.52941176470588
0.862745098039215
1.1764705882353
1.02549019607844
0.901960784313733
1.13725490196079
0.666666666666664
0.823529411764703
0.784313725490193
1.09803921568627
1.25490196078431
1.17647058823529
1.05882352941176
1.33333333333333
1.2156862745098
1.92745098039215
1.37254901960784
1.76470588235295
1.60784313725491
1.76470588235295
1.37254901960785
1.25490196078431
0.941176470588232
1.17647058823529
0.784313725490193
1.29411764705882
0.862745098039215
1.33333333333334
0.980392156862753
2.07843137254902
1.01960784313725
1.37254901960784
1.01960784313725
1.41176470588235
1.17647058823529
1.56862745098039
1.09803921568628
1.52941176470589
1.05882352941177
1.01960784313726
1.01960784313725
1.13725490196078
1.49019607843137
0.862745098039215
1.17647058823529
1.29411764705882
0.823529411764705
1.00000000000001
1.49019607843138
0.941176470588243
1.41176470588236
1.01960784313725
0.823529411764703
1.17647058823529
1.05882352941176
1.13725490196078
1.2156862745098
1.6078431372549
1.2156862745098
1.76470588235294
1.33333333333333
1.46588235294118
0.862745098039224
1.48980392156863
1.1764705882353
1.25490196078431
1.13725490196078
1.47058823529411
1.29411764705882
1.17647058823529
1.13725490196079
1.01960784313726
0.862745098039224
1.52941176470589
1.1764705882353
1.13725490196078
0.862745098039213
1.76470588235293
1.2156862745098
1.37254901960784
1.01960784313725
0.941176470588236
0.935686274509812
1.29411764705883
1.09803921568628
1.13725490196078
1.25490196078431
0.980392156862742
1.25490196078431
0.843137254901949
1.45098039215686
0.784313725490193
0.705882352941183
1.33333333333334
0.862745098039224
1.41176470588236
1.5686274509804
0.941176470588232
1.80392156862744
1.2156862745098
1.11764705882353
1.17647058823529
0.921960784313726
0.980392156862747
0.980392156862747
1.13725490196079
1.13725490196079
1.43137254901961
1.49019607843138
1.45098039215687
0.823529411764703
1.72549019607844
1.09803921568627
1.56862745098039
0.862745098039213
1.17647058823529
1.56862745098039
1.05882352941177
1.1764705882353
1.09803921568628
0.784313725490193
1.13725490196078
1.01960784313725
1.33333333333333
0.705882352941174
1.84313725490195
0.84313725490196
0.941176470588236
1.41176470588236
1.33333333333334
0.784313725490193
1.18235294117647
1.01960784313725
1.01960784313725
1.2156862745098
0.862745098039213
1.17647058823529
0.784313725490193
1.05882352941177
0.784313725490204
0.501960784313729
0.941176470588232
0.534901960784311
1.17647058823529
1.2156862745098
0.566666666666662
0.862745098039213
0.862745098039213
1.13725490196078
0.823529411764704
0.941176470588243
0.784313725490204
0.490196078431362
0.784313725490193
0.823529411764703
1.49019607843138
1.09803921568627
1.17647058823529
0.509803921568626
