47.7647058823529
46.7960784313725
48.2352941176471
48.6274509803922
48.2352941176471
48.9686274509804
49.8039215686275
48.8235294117647
41.3776470588235
48.6274509803922
48.9019607843137
45.8039215686275
43.3196078431373
46.5490196078431
48.5725490196078
50.3137254901961
47.7305882352941
49.9098039215686
50.1960784313725
39.1525490196078
40.8235294117647
50.5882352941176
42.5372549019608
45.4509803921569
44.5337254901961
42.4588235294118
36.5098039215686
46.1529411764706
29.7407843137255
47.3607843137255
50.9411764705882
47.2156862745098
50.2352941176471
45.6392156862745
37.7372549019608
39.9266666666667
47.5294117647059
44.156862745098
52.3529411764706
50.676862745098
52.4313725490196
53.0588235294118
45.8823529411765
45.0980392156863
54.2980392156863
50.678431372549
49.2941176470588
44.7450980392157
45.2941176470588
47.4509803921569
42.3972549019608
45.0588235294118
47.2941176470588
45.3333333333333
45.3725490196078
38.3972549019608
46.5098039215686
30.8505882352941
46.1086274509804
48.6274509803922
39.2156862745098
43.623137254902
49.7254901960784
48.7843137254902
44.7894117647059
43.921568627451
43.7305882352941
47.0247058823529
41.6521568627451
44.9019607843137
42.3376470588235
50.2627450980392
50.8627450980392
49.1356862745098
39.3607843137255
45.338431372549
45.9490196078431
36.0549019607843
40.0274509803922
46.0050980392157
46.676862745098
47.556862745098
51.8078431372549
45.2549019607843
52.5490196078431
49.8823529411765
52.9411764705882
46.9709803921569
45.5686274509804
43.5878431372549
44.4705882352941
49.5788235294118
53.5568627450981
53.8039215686274
39.2941176470588
42.0243137254902
39.0588235294118
48.1176470588235
44.8035294117647
40.1960784313725
48.6274509803922
48.3972549019608
45.0298039215686
39.8372549019608
46.1772549019608
47.6470588235294
43.7541176470588
46.3854901960784
40.2745098039216
49.4117647058824
49.8823529411765
46.4705882352941
43.7823529411765
37.6274509803921
47.4749019607843
38.5956862745098
40.9462745098039
40.3529411764706
41.7529411764706
42.3682352941177
50.2392156862745
33.8823529411765
45.5105882352941
51.7749019607843
51.1423529411765
52.6666666666667
51.196862745098
52.7450980392157
53.1647058823529
53.7254901960784
53.5686274509804
44.0156862745098
50.7411764705882
53.7019607843137
44.3188235294118
48.1866666666667
45.556862745098
43.4392156862745
52.0549019607843
46.4560784313725
51.3882352941176
52.2403921568627
48.6156862745098
53.8823529411765
47.6470588235294
46.2505882352941
48.4705882352941
48.3529411764706
40.9019607843137
41.4117647058824
49.0588235294118
49.4117647058824
49.8039215686275
43.1866666666667
46.0050980392157
40.2180392156863
42.8047058823529
43.7698039215686
36.7058823529412
47.0980392156863
44.5490196078431
41.2941176470588
41.321568627451
43.156862745098
45.7137254901961
45.5854901960784
51.1764705882353
40.3529411764706
50.2627450980392
48.8035294117647
51.4552941176471
49.4509803921569
52.5882352941176
51.9266666666667
44.8509803921569
43.3776470588235
40.5592156862745
36.4274509803922
50.7450980392157
51.083137254902
54.1960784313725
50.2062745098039
43.6180392156863
50.0596078431373
52.6666666666667
44.3411764705882
44.2352941176471
42.0274509803922
56.4705882352941
46.1227450980392
55.3333333333333
40.9686274509804
51.1372549019608
46.8235294117647
46.1380392156863
51.0078431372549
51.3725490196078
50.9411764705882
49.7254901960784
42.2847058823529
49.9317647058823
50.5882352941176
43.8364705882353
47.416862745098
42.2796078431372
51.1647058823529
46.9803921568627
52.156862745098
44.4588235294118
44.3019607843137
33.495294117647
50.3972549019608
46.2898039215686
48.2101960784314
60.7450980392157
40.8678431372549
50.4109803921569
47.8823529411765
49.4674509803922
44.7972549019608
47.3333333333333
40.6156862745098
47.0078431372549
48.0533333333333
52.2266666666667
44.6666666666667
46.0282352941176
41.3917647058824
44.9686274509804
46.0666666666667
43.3435294117647
47.4560784313725
49.7529411764706
42.1329411764706
45.4431372549019
49.1513725490196
55.5607843137255
57.2549019607843
53.6913725490196
51.1372549019608
54.1176470588235
51.5294117647059
47.9490196078431
51.8090196078431
53.2549019607843
52.9411764705882
46.9019607843137
45.2007843137255
51.7647058823529
51.7647058823529
52.156862745098
53.5686274509804
53.7254901960784
53.6078431372549
53.7254901960784
52.9411764705882
52.9411764705882
52.4313725490196
52.5490196078431
42.0396078431373
51.9882352941176
20.1909803921569
46.0666666666667
42.7725490196078
48.9058823529412
53.2039215686275
43.9721568627451
53.0862745098039
51.6913725490196
46.0498039215686
42.1462745098039
43.0980392156863
46.9513725490196
50.3137254901961
51.0980392156863
51.4117647058824
55.3827450980392
50.0274509803922
50.5250980392157
52.4023529411765
53.0349019607843
56.078431372549
55.6125490196078
48.2509803921569
49.6470588235294
48.9019607843137
53.1239215686275
51.1529411764706
49.6862745098039
54.6274509803922
55.2941176470588
54.9019607843137
54.3921568627451
54.3921568627451
47.26
46.3137254901961
53.3333333333333
50.3329411764706
53.9607843137255
48.5592156862745
54.3529411764706
54.2745098039216
42.0156862745098
48.2156862745098
46.2901960784314
42.8392156862745
49.7470588235294
40.4843137254902
53.5686274509804
44.2352941176471
53.6862745098039
53.8823529411765
50.0443137254902
53.8039215686274
54.5882352941177
54.3796078431373
23.7533333333333
45.8717647058823
47.8141176470588
45.1921568627451
53.921568627451
50.0050980392157
56.4705882352941
54.6274509803922
37.6078431372549
54.7552941176471
55.6862745098039
49.3435294117647
36.4705882352941
52.801568627451
30.7686274509804
39.0980392156863
45.4192156862745
54.9949019607843
52.8627450980392
46.1090196078431
56.878431372549
56.5294117647059
51.478431372549
56.6274509803922
54.0392156862745
51.5647058823529
43.4823529411765
48.0545098039216
54.4909803921568
45.9462745098039
52.3972549019608
46.9227450980392
52.5933333333333
44.7843137254902
53.843137254902
54.8627450980392
53.0980392156863
51.6862745098039
54.1176470588235
53.2156862745098
44.9803921568627
45.8686274509804
49.5686274509804
43.8823529411765
49.1372549019608
43.5003921568627
52.3462745098039
42.2796078431372
44.3650980392157
54.0274509803922
51.4823529411765
55.1698039215686
44.9094117647059
55.2941176470588
56.8235294117647
55.4901960784314
52.1721568627451
55.3960784313725
55.1764705882353
43.8823529411765
52.5490196078431
49.9933333333333
54.1843137254902
50.9294117647059
53.4549019607843
51.5294117647059
52.1725490196078
50.2011764705882
56.3341176470588
50.1176470588235
45.7356862745098
49.0349019607843
58.8235294117647
53.7305882352941
57.8039215686274
55.8874509803922
56.8627450980392
55.2549019607843
56.9019607843137
56.0494117647059
53.6901960784314
48.2611764705882
50.3960784313725
55.4117647058824
53.8556862745098
53.4258823529412
54.9345098039216
54.9019607843137
44.2258823529412
53.3678431372549
51.001568627451
49.3776470588235
43.6898039215686
55.2941176470588
48.1227450980392
55.1372549019608
55.0588235294118
39.8874509803922
48.6274509803922
48.878431372549
53.921568627451
53.6745098039216
52.3682352941176
50.4470588235294
45.0196078431373
22.4560784313726
44.8556862745098
56.0392156862745
50.9294117647059
56.4705882352941
55.4
42.0972549019608
35.7788235294118
54.1411764705882
55.7137254901961
55.8313725490196
51.7254901960784
56.8352941176471
48.156862745098
47.7054901960784
50.3239215686275
56.0050980392157
42.1152941176471
48.0392156862745
56.3360784313725
49.5372549019608
56.441568627451
51.6470588235294
43.2156862745098
33.7698039215686
57.2156862745098
54.5372549019608
56.2062745098039
44.2152941176471
56.7058823529412
55.623137254902
47.6913725490196
31.8219607843137
46.6549019607843
55.416862745098
55.4117647058823
54.9803921568627
55.7921568627451
49.843137254902
45.6862745098039
48.1058823529412
41.9149019607843
54.3019607843137
44.6549019607843
52.2117647058823
55.8090196078431
55.6862745098039
43.098431372549
49.7423529411765
46.4364705882353
49.1764705882353
51.5294117647059
50.4588235294118
52.7490196078431
53.6141176470588
49.0588235294118
45.0745098039216
48.1854901960784
51.2156862745098
68.1843137254902
50.9513725490196
54.6960784313726
26.2427450980391
52.6666666666667
54.6376470588235
46.6152941176471
54.2235294117647
44.72
51.6572549019608
55.6862745098039
53.2509803921568
50.4517647058824
54.3529411764706
53.1082352941176
49.3443137254902
55.9117647058824
52.1960784313725
52.3188235294118
46.7843137254902
56.0392156862745
54.9803921568627
45.2156862745098
56.8392156862745
50.078431372549
50.9411764705882
49.1764705882353
56.4705882352941
51.3129411764706
54.4313725490196
51.1725490196078
41.6913725490196
53.6305882352941
49.5278431372549
52.7392156862745
53.4701960784314
50.8627450980392
51.9658823529412
55.8039215686274
54.8611764705882
50.8627450980392
51.396862745098
54.8117647058824
52.9603921568627
45.7921568627451
41.5686274509804
48.0937254901961
47.5372549019608
44.9176470588235
48.8666666666667
43.556862745098
52.736862745098
49.338431372549
48.2494117647059
52.8337254901961
39.8156862745098
52.3176470588235
59.1764705882353
51.118431372549
52.3411764705882
49.356862745098
47.2196078431372
49.9058823529412
58.5592156862745
46.5882352941176
46.5933333333333
44.2235294117647
46.5372549019608
57.5345098039216
51.2039215686275
44.5490196078431
44.621568627451
46.0117647058824
56.3411764705882
57.2823529411765
49.6164705882353
39.0980392156863
41.2843137254902
42.8678431372549
39.6129411764706
54.9905882352941
43.2823529411765
40.0713725490196
36.1058823529412
47.6470588235294
50.7607843137255
39.8313725490196
32.2152941176471
40.3356862745098
50.8392156862745
56.0392156862745
53.6521568627451
51.6078431372549
46.113725490196
50.3529411764706
53.0282352941176
54.2352941176471
49.8141176470588
51.6521568627451
54.2556862745098
48.8117647058823
50.0203921568627
47.9607843137255
42.0274509803921
44.5490196078431
38.6858823529412
40.6705882352941
40.5647058823529
50.8286274509804
47.843137254902
44.3239215686275
42.8941176470588
51.6129411764706
50.5149019607843
45.2941176470588
37.5686274509804
53.6745098039216
47.8482352941177
50.3529411764706
47.2156862745098
47.4956862745098
54.821568627451
51.8925490196078
49.3560784313725
51.5396078431373
45.823137254902
35.5725490196078
40.7725490196078
40.8627450980392
42.4364705882353
53.7686274509804
52.3960784313725
55.478431372549
41.4392156862745
56.2117647058824
51.843137254902
48.9019607843137
47.8874509803922
47.6333333333333
51.4509803921569
48.0039215686274
47.2752941176471
43.5094117647059
49.5345098039216
51.7019607843137
46.0050980392157
52.5254901960784
42.9647058823529
29.9317647058824
38.0941176470588
51.2980392156863
48.0274509803921
46.9603921568627
56.8741176470588
51.5082352941176
46.156862745098
41.2941176470588
57.3725490196078
53.7529411764706
53.4156862745098
50.5341176470588
45.2941176470588
42.6427450980392
47.6180392156863
53.5686274509804
40.3972549019608
49.2258823529412
50.2745098039216
49.5294117647059
49.4862745098039
57.5058823529412
45.5345098039216
48.7843137254902
56.5372549019608
51.0078431372549
47.4509803921569
50.1333333333333
49.3725490196078
48.9172549019608
42.9803921568627
43.0039215686275
48.076862745098
34.0666666666667
41.5960784313726
48.3686274509804
51.7254901960784
44.9058823529412
35.0247058823529
37.583137254902
43.7305882352941
44.5372549019608
45.3372549019608
52.5796078431373
53.9709803921569
50.5592156862745
51.0639215686275
51.556862745098
55.2588235294118
58.5682352941176
56.2545098039216
46.0274509803921
44.8729411764706
53.2156862745098
38.1498039215686
56.2937254901961
45.6078431372549
41.043137254902
50.4196078431373
45.2298039215686
51.4050980392157
45.5678431372549
44.961568627451
51.9882352941176
43.7921568627451
36.4313725490196
35.2156862745098
43.338431372549
44.4756862745098
49.9960784313725
44.2796078431372
44.3803921568627
47.1764705882353
56.3921568627451
49.5435294117647
45.103137254902
55.3486274509804
45.8313725490196
52.8235294117647
56.356862745098
51.0078431372549
53.338431372549
45.1647058823529
58.3411764705882
46.5882352941176
43.4117647058824
43.4901960784314
56
43.1423529411765
49.4662745098039
48.5882352941176
49.5396078431373
56.156862745098
58.6807843137255
54.3933333333333
57.3043137254902
54.2509803921569
56.9854901960784
54.8337254901961
54.5372549019608
51.0741176470588
59.6901960784314
48.621568627451
57.118431372549
40.0352941176471
46.6901960784314
53.6470588235294
45.6313725490196
50.9905882352941
43.2549019607843
51.1372549019608
45.8313725490196
50.3529411764706
46.321568627451
50.441568627451
56.9686274509804
51.2705882352941
48.755294117647
54.1552941176471
48.3176470588235
50.6705882352941
45.9078431372549
50.2745098039216
39.6352941176471
49.6470588235294
52.5960784313725
45.7305882352941
43.7294117647059
38.6156862745098
58.1670588235294
53.0247058823529
51.5890196078431
49.6313725490196
45.4952941176471
45.3043137254902
46.1960784313726
49.4
39.8098039215686
51.843137254902
40.0203921568627
49.8925490196078
57.3019607843137
47.843137254902
48.1560784313725
40.4517647058824
43.2039215686274
48.7843137254902
45.1529411764706
48.9196078431373
50.7
49.6705882352941
55.4976470588235
51.8482352941177
51.9317647058823
51.0254901960784
56.1772549019608
47.1023529411765
51.9882352941176
57.9450980392157
52.278431372549
57.2705882352941
56.5937254901961
47.0705882352941
49.921568627451
52.8819607843137
51.6913725490196
50.0050980392157
59.203137254902
56.443137254902
55.478431372549
55.4117647058824
54.0207843137255
60.4756862745098
51.5450980392157
45.0470588235294
42.2352941176471
51.2207843137255
39.5196078431373
41.8090196078431
28.4705882352941
44.9019607843137
52.9466666666667
61.921568627451
46.3529411764706
44.6074509803922
49.3133333333333
54.8627450980392
51.321568627451
58.9803921568627
46.676862745098
52.3239215686274
62.8678431372549
54.9294117647059
53.8090196078431
48.5003921568627
59.0690196078431
61.7839215686275
57.416862745098
63.0298039215686
58.8035294117647
62.1058823529412
61.3294117647059
66.7098039215686
62.398431372549
60.3764705882353
44.8819607843137
46.9854901960784
46.0549019607843
52.1960784313726
57.1564705882353
55.3435294117647
60.3188235294118
60.3019607843137
63.1254901960784
58.7725490196078
46.5592156862745
52.9294117647059
48.9486274509804
49.3333333333333
60.3882352941176
52.7576470588235
60.6627450980392
54.9121568627451
57.4392156862745
57.2470588235294
51.4662745098039
46.3921568627451
55.3827450980392
61.0862745098039
53.5513725490196
54.3580392156863
55.4219607843137
48.5541176470588
56.955294117647
57.4776470588235
67.2941176470588
68.1960784313725
55.181568627451
52.1670588235294
55.7529411764706
58.7843137254902
56.5372549019608
39.5882352941176
47.0196078431373
57.7019607843137
58.7843137254902
57.6674509803921
55.0780392156863
57.1082352941176
52.4705882352941
55.556862745098
42.8235294117647
62.1176470588235
48.9803921568627
54.9176470588235
50.2352941176471
52.8780392156863
40.7843137254902
55.141568627451
49.7372549019608
57.4
60.52
54.7160784313725
62.3145098039216
42.7450980392157
49.6078431372549
62.9854901960784
49.5686274509804
50.8901960784314
65.5686274509804
47.3866666666667
64.5592156862745
58.1176470588235
57.181568627451
50.6513725490196
54.4588235294118
51.1921568627451
50.8666666666667
55.3882352941176
56.5921568627451
54.4635294117647
52.4062745098039
47.6862745098039
53.8874509803921
50.7843137254902
61.3266666666667
60.1137254901961
49.6572549019608
50.8521568627451
62.3070588235294
44.581568627451
43.8039215686274
48.6054901960784
46.2509803921569
41.9490196078431
50.363137254902
57.2156862745098
51.4674509803922
58.3294117647059
52.078431372549
60.9960784313725
54.4705882352941
43.4729411764706
50.9639215686274
55.8623529411765
60.7058823529412
55.1372549019608
47.4635294117647
51.0078431372549
61.1525490196078
48.6992156862745
52.7364705882353
47.4901960784314
50.1843137254902
47.2992156862745
36.2933333333333
52.6941176470588
56.3972549019608
59.4560784313725
42.8952941176471
38.4505882352941
53.2549019607843
55.3333333333333
52.3803921568627
55.338431372549
62.1670588235294
62.3462745098039
42.121568627451
44.3388235294118
44.0717647058824
45.4901960784314
62.878431372549
65.9266666666667
57.6039215686274
61.5607843137255
59.1254901960784
59.6627450980392
55.4776470588235
49.2823529411765
47.8062745098039
55.7647058823529
57.0349019607843
58.6360784313725
52.7843137254902
54.4980392156863
57.3486274509804
50.8235294117647
46.0835294117647
61.4
50.7725490196078
57.3058823529412
57.1082352941176
55.5396078431373
56.6666666666667
56.7058823529412
50.5098039215686
28.5796078431373
51.4886274509804
52.078431372549
39.9882352941176
50.3341176470588
55.8925490196078
42.078431372549
47.1921568627451
48.1058823529412
52.3239215686275
40.9776470588235
55.4952941176471
55.8823529411765
55.4662745098039
54.3529411764706
59.278431372549
62.5098039215686
62.7333333333333
55.5749019607843
43.9627450980392
46.5945098039216
53.0470588235294
53.5843137254902
55.8823529411765
56.2117647058824
56.9764705882353
58.1960784313725
57.5960784313726
57.6129411764706
54.9686274509804
56.1529411764706
56.2235294117647
57.8039215686275
57.2156862745098
55.5396078431373
45.1372549019608
56.7058823529412
54.3921568627451
52.1176470588235
48.2796078431372
55.7305882352941
51.843137254902
46.1501960784314
49.1780392156863
51.5686274509804
57.0392156862745
60.4980392156863
54.1450980392157
55.416862745098
53.2258823529412
51.1372549019608
52.3188235294118
57.2549019607843
58.5980392156863
46.7866666666667
55.8674509803922
49.2823529411765
46.1725490196078
45.7294117647059
53.858431372549
57.0980392156863
43.5686274509804
57.7019607843137
49.2298039215686
54.8705882352941
58.2345098039216
43.1254901960784
47.4505882352941
50.4564705882353
55.1764705882353
55.4901960784314
