18.6946655273447
12.701647949216
15.8116455078114
25.6923217773431
15.4221160888663
16.8535949707031
13.6009826660156
20.291525268554
26.05283203125
15.118182373046
36.1094940185551
22.9982116699226
26.0421966552707
26.7140777587893
30.6180053710933
40.1177642822247
28.9776458740246
31.3765075683603
14.0962280273422
26.5005340576183
14.3929443359373
12.3815246582004
16.5024841308603
11.3851074218759
25.6326843261732
25.7501953124998
16.5017089843732
34.8889892578125
12.7828216552716
17.6770599365243
30.2487060546868
32.5591308593754
14.9592956542982
17.3283050537132
15.6471740722638
22.0439636230469
28.549096679687
10.7936431884757
21.6196777343714
26.7618225097656
17.6352966308603
9.38988647461074
14.0743835449221
10.0016052246091
23.5846191406254
34.5418212890616
12.7538146972663
9.55780029296875
31.3423431396466
28.5343933105469
31.5248352050822
14.7994934082031
15.124304199219
20.4061401367201
27.64345703125
17.9696563720713
17.3114196777326
11.4976684570312
25.9013458251949
25.0297973632806
23.6054687499973
14.281347656252
23.5503723144559
28.8673339843757
13.8187927246107
20.6300933837891
18.3427947998049
16.3311767578148
25.7085510253906
30.2495819091794
17.3244567871098
29.3569641113318
21.2763153076174
21.6465972900418
15.603247070312
16.1783111572297
22.7739410400388
25.8910888671882
18.0000854492183
13.1797607421902
22.3075988769547
26.3226379394522
15.6236389160156
29.9598785400368
19.3681823730476
11.3945648193334
17.9034118652316
25.949017333985
19.519458007812
11.7380645751951
16.9965484619141
13.0836059570319
18.9588592529276
24.5590606689451
16.7808654785172
19.5710754394513
17.6406921386721
24.685568237304
31.4579681396484
12.6399780273437
10.4056060791016
23.2722717285181
29.0706665039062
19.2794982910174
16.8558654785183
33.2947570800788
24.4349853515634
30.8250335693382
16.3640625
37.3776428222656
35.4194335937477
16.0771789550774
28.4878601074225
13.4610107421886
15.0085388183576
33.1709197998074
18.9436096191379
13.656494140625
23.7803955078125
13.2448486328089
32.7146179199182
15.1664428710938
17.7012145996089
33.0565795898465
15.2134887695301
19.82710876465
29.0418609619122
21.0412261962896
18.7414916992187
27.7849121093754
10.2606262207036
33.6318481445294
15.5344848632813
22.3465148925779
20.9501892089835
17.6721771240257
15.7984130859389
18.8762817382826
16.5616668701183
13.9903045654315
14.2110595703132
12.3342590332059
13.705499267579
17.084191894531
17.7561584472629
15.9661376953132
27.9590148925781
16.4963073730485
9.230200195315
10.2722442626949
26.7416564941409
18.3740417480453
23.6678161621091
31.0430572509747
15.3087707519486
22.8544677734361
12.9363067626985
16.2826965332004
10.7547546386689
40.5025054931668
27.6109313964851
18.7979187011691
12.5084014892569
15.881365966795
31.4238006591797
26.8892486572247
15.1038269042962
19.4786560058607
15.5480407714844
12.894931030273
18.2985534667969
24.0243164062504
20.7156677246068
24.2640960693368
30.6284729003874
39.5931274414085
32.4709655761719
11.861599731448
27.580938720704
30.6114959716826
15.0427612304683
12.5092285156232
27.8032348632824
24.0690368652356
24.7407043457029
10.182800292969
24.7923400878913
9.52175903320244
20.017309570312
23.9051513671893
20.2391052246112
21.803186035156
10.8303955078125
9.85530090332031
9.64984130859511
12.2817443847656
7.12738952636651
12.3476715087909
19.4028808593764
20.2845642089844
18.3853668212891
28.3281249999982
24.4398986816406
8.13049011230492
13.5622039794949
30.1845794677752
11.4928039550781
38.2044250488272
12.7602874755832
24.8698852539085
16.06923828125
12.16087341309
18.1344573974593
10.9585144042941
28.0027770996114
39.1487701416016
12.1034362792962
14.324731445315
33.2718811035156
9.31045532226449
10.1188964843727
13.8504821777371
25.8604675292955
36.4862304687516
23.8708190918009
12.219775390625
24.1424560546902
44.5378356933585
18.0507812500027
14.015869140625
14.6077270507813
36.7995727539078
14.8169250488263
17.7032409667996
28.1991577148444
23.0158630371057
26.9206146240239
35.2520629882808
17.5506835937491
14.1794006347647
9.83215026855787
19.8961486816406
10.9507720947236
8.07116088867415
6.93501586913926
17.0556243896514
11.4723571777344
13.0768737792969
18.1048553466801
19.78251953125
13.6003906249982
8.8484130859375
9.18035583496276
8.87758178710937
10.919494628909
14.1607421874989
12.9633453369136
16.2315490722656
11.1588378906223
13.0354064941438
14.093048095702
10.7452545166016
28.4741821289053
8.98477172851563
29.8685363769504
15.306213378909
10.3818359374998
16.501501464841
14.5875244140625
16.0112823486355
16.248770141602
21.2053100585946
18.1617828369141
19.6728332519554
21.54537963867
32.936282348633
26.3241058349632
19.9870269775393
21.2431640625002
18.677734375
11.6502136230462
39.8821105957038
19.7629211425806
15.0517517089846
14.3378173828132
12.9025177001953
24.628833007813
23.661422729492
13.2195922851549
15.1620666503879
12.8575744628904
11.9162658691409
10.2424560546886
13.9861907959007
18.056021118167
7.57985839844159
17.3570343017578
13.905487060546
18.1925598144522
19.6089233398437
10.1646423339848
15.9424713134786
24.6426818847638
16.6826843261719
20.6278656005859
14.4821105957031
21.917785644534
6.68926391601358
9.10765380859443
9.55717773437454
10.2443725585919
8.84787597656454
20.9615295410158
14.4316680908185
24.8741699218752
25.0099182128918
9.12523193359693
11.2125183105498
9.46151428222406
17.173641967773
30.6960418701174
20.5838928222649
11.1159851074194
20.0090820312505
18.9628662109341
18.2902038574212
13.6531799316406
7.72689819335983
9.6503906250025
12.7326049804656
10.1758117675761
12.2859130859375
18.4946105957072
9.69408264160179
16.9208740234402
25.0862396240232
10.8515258789056
9.19537353515625
9.16458435058753
9.45711364745844
6.87589111327875
7.99192199706895
15.1458435058594
8.24792480468704
10.7393676757837
23.4615661621098
6.36983032226972
8.7639343261746
11.0552337646505
9.60757141113281
13.2960174560536
19.1155303955051
12.6809692382803
31.1132568359386
15.668267822262
12.4074829101599
10.4587066650382
26.639028930662
10.903259277341
15.9398498535158
30.5076477050764
13.5163757324241
13.5107727050777
19.0877258300808
18.9664672851531
23.7691040039062
13.9730163574219
21.9455566406261
36.9916656494166
41.2633605957002
11.7978393554683
17.2979644775407
12.4321472167969
13.4221252441406
11.3437622070303
21.2368377685522
9.22932434081895
12.6080383300781
12.4514221191424
26.1647155761746
34.3059600830108
13.1338806152348
19.6820709228536
29.4273254394504
9.09772338867506
7.51074218750227
9.04072875976562
13.1154357910156
5.50703735351563
26.1889038085958
11.2101837158171
31.6947784423814
8.67068481445244
29.0627685546875
12.5839355468752
8.15628662109466
10.9189208984398
33.8019226074239
21.7923248290988
12.062542724611
11.4238952636719
40.8989746093754
19.7124694824218
20.2443145751967
9.56646728515852
28.2721588134768
8.15778198242006
39.2718505859411
9.04018554687477
10.9748352050781
30.9097290039069
41.6249694824214
23.2228424072275
8.5003051757808
9.57796630859375
9.42556152344114
12.520324707029
31.4308227539048
18.6828186035184
17.5039794921859
20.4777496337913
9.74229736328102
9.89214477539335
10.4324218750011
17.0264801025409
22.5889892578125
12.2469848632803
9.38729553222656
11.8605407714862
12.1090515136707
13.5486511230509
11.7465881347649
14.0324676513683
9.48053894042627
9.35422668456713
10.0116516113281
8.66904296874886
32.1274108886719
6.84120788574492
6.94011230468955
7.50416870117006
19.7461303710937
36.2479553222656
12.8916259765625
21.6815185546861
8.73657226562545
11.4165008544922
15.7668121337895
26.1504028320267
15.6680572509764
8.98300781249773
5.32833251953057
25.5523559570312
4.93218994140989
19.4796020507812
44.1057128906231
24.3125976562525
34.8599914550772
18.2420013427766
27.5449279785183
16.7283508300781
10.4566345214832
8.64069213867188
15.5176910400384
11.5621276855476
13.0555114746071
18.576025390625
38.0672821044937
17.2279693603543
27.2246093750014
13.5068115234348
18.1213073730501
20.6792358398456
13.8079406738258
21.1433288574219
8.89776306152273
14.0750305175747
10.8540405273397
14.2259826660179
38.7573608398437
8.98901367187386
10.8193206787116
8.37371215820108
6.5270355224623
18.7084228515625
15.7254455566406
7.56777954101199
7.93511962890511
6.46651916503793
18.1451995849593
17.7277404785152
5.60418090820449
10.266790771483
30.3567626953145
11.6310913085944
6.62528076171852
10.0217590332031
24.1963134765647
10.3115234375
8.07096557617096
11.2359008789062
29.0270080566406
14.3811462402341
21.6574584960915
17.3645141601551
28.815820312497
15.642410278318
41.2327575683587
9.93029174804505
15.3660217285188
10.2386352539062
19.3839385986327
11.9244445800772
26.3084320068362
13.1738159179656
25.9445068359377
10.7654510498047
12.7884002685554
31.4689941406236
8.61813354492278
29.8226928710933
16.0500152587875
11.9769470214835
14.3727966308605
34.1588623046845
19.4311096191411
31.1614440917994
33.8414642333993
19.6518127441395
23.2333709716797
10.1681396484375
14.1092987060565
16.8629455566418
21.1121154785124
6.0995666503879
11.2302124023417
15.6950958251953
39.6969055175781
28.1344573974609
23.560256958008
9.78307800292878
31.0865783691406
22.4287292480466
20.2192260742176
19.5801574707031
17.7402282714876
8.05569763183321
7.02502136230468
11.2426940917932
21.3117736816406
10.9878387451199
26.6563598632812
35.0535858154326
21.2170104980446
23.7448974609357
27.4105499267619
27.7757629394518
5.85003356933616
18.9627044677755
26.9487670898422
21.6912811279279
18.6028259277321
9.256027221679
34.1573059082049
26.7814788818371
25.0304687500007
21.0799682617194
27.9547851562505
13.3844482421868
28.9563293457006
11.6798370361328
19.8082336425794
26.5750610351562
39.37470703125
36.4886840820317
19.1822509765625
20.4924926757808
9.476220703125
9.36386108398278
29.8448760986323
10.001763916017
16.6435729980498
13.0428039550777
9.54214477539063
9.26262817383085
9.39720153808662
32.9498107910174
17.6962860107399
36.324188232423
36.975408935546
18.1709594726535
35.0465698242215
35.4805969238291
13.0552612304687
17.5413452148444
3.92474975586233
20.2950561523451
37.7039154052725
21.3784118652355
28.478948974608
27.7361755371091
29.8157043457033
19.6698852539049
30.7526245117151
7.31161499023301
19.623321533204
27.6382415771489
33.6740295410172
35.1354187011719
22.678698730466
26.8718811035177
20.8642883300774
29.8538604736327
15.9304687499999
31.4234863281232
30.5591644287087
13.0289611816409
30.4670166015598
27.5812438964851
25.1732788085937
28.2086669921875
36.0278259277321
35.1618408203095
35.6861572265625
26.8442199707054
14.688067626952
8.44559631347292
13.9063354492194
8.08269348144349
23.743267822267
13.4330627441399
18.4809936523437
22.2181396484357
34.5036437988249
13.3479064941406
31.7611328125009
29.0507995605498
24.932354736327
18.3797607421857
25.2312072753918
17.572265625
22.5640106201176
26.4421386718759
16.9088470458982
12.4952667236328
9.97583618164063
33.4358917236328
17.550640869142
13.8974487304719
23.2038238525402
24.4039398193362
29.5256835937527
8.15027465819994
11.1201782226537
19.6996215820331
10.4517150878917
18.6324523925781
22.8903228759793
12.1235900878888
27.7186981201154
16.0424102783203
18.9830230712891
9.21754760742028
14.7005798339858
15.312463378906
28.0143249511726
15.8131652832068
24.2786865234395
15.1929992675802
28.4349517822266
26.83349609375
37.8000793457049
40.8258666992194
10.7067352294915
15.2447448730444
32.2628997802702
15.2460266113322
31.2161560058566
17.2805267333982
10.344946289062
26.9271514892596
29.0445861816377
15.3001708984375
12.4146179199208
15.8098144531275
12.1420654296877
31.7171173095703
14.1831970214837
27.7492645263672
30.1121337890636
13.9594909667996
25.7487274169922
9.02121276855469
5.29443359375
33.7212280273478
32.8655395507812
16.5554870605462
27.2675659179692
19.7350738525386
15.6654083251978
10.1455932617187
32.5093353271462
10.7226867675747
28.3096466064455
8.08371582030954
21.9550964355476
14.9968750000009
20.8906402587909
19.679504394534
16.6664672851535
9.39492187499817
9.81237182617097
10.226684570313
19.443103027341
14.3334716796873
10.6414794921875
26.5983581542969
30.8749389648437
26.3973999023424
21.6720764160147
15.0376220703166
8.19711303710665
28.7295471191438
11.0807800292969
26.3908508300777
7.86562194824309
19.7986633300761
6.75298461914312
30.7576171874982
32.7168914794926
32.8353820800802
34.5487030029304
34.3517150878893
4.13408203125273
10.7204895019529
34.0181060791013
8.00195617675781
30.359240722654
14.3774719238302
30.106213378909
23.7967346191411
36.306475830074
5.07520141601563
12.2919311523428
26.2127929687507
26.7755371093764
19.5682739257812
26.4324188232422
6.41216735839571
24.5118377685572
6.87435913086142
30.7677642822241
19.7579772949251
10.3149047851561
15.9460021972663
28.2971527099607
40.3351959228493
18.5806152343752
22.9509796142603
24.755383300783
9.44803466796783
9.56759643554688
9.49470825195608
4.56199035644531
9.82411193847562
37.4444122314453
5.3042724609375
29.5053253173851
10.5265502929694
14.0886413574219
19.0398895263692
16.6288024902339
18.4154876709004
6.88620300292787
39.8473663330062
30.2202209472656
18.6058563232413
14.8606048583975
31.0188659667944
20.2681243896468
16.3751525878936
6.05960083007994
15.3115478515625
26.6450378417964
6.83606567382835
9.61950683593341
12.1649169921907
27.6463989257803
17.6833618164044
21.8692779541009
15.4951843261718
9.777880859375
19.8851196289081
33.7410797119147
5.28293457031114
23.707000732421
6.48713378905977
9.3602783203125
18.0885498046875
26.9165527343748
7.0890625
9.19429931640693
6.42315063476426
5.7970336914042
7.87540283202761
15.2568420410156
10.2279235839839
19.9607116699248
6.04605712890625
18.3631927490253
20.9365814208966
25.6464721679687
22.7844757080094
32.0393676757812
11.4321960449225
18.6646423339876
10.4070251464816
5.69195556640602
8.80865478515625
7.79594116210937
11.4728820800774
8.6700927734375
12.745306396483
6.47009887695131
16.9862731933601
14.4129486083982
15.079943847659
8.70400085449219
34.2496582031264
20.2816589355457
19.4490478515625
8.38975219726471
18.9794982910156
38.1693145751948
9.36667785644531
4.32715454101562
8.18540649414244
20.7732482910158
9.98023376464798
26.4068023681672
8.3035095214846
7.61752319335846
11.0435729980475
40.5215759277319
5.64699096679778
27.1658508300772
37.4913208007813
11.9852325439464
6.7632965087877
9.55528869629179
5.4987884521498
11.9979125976556
13.56546325684
16.0937499999975
7.63574829101608
5.69796142578351
5.83747558594114
11.1481567382849
5.83927612304506
20.1907348632799
15.5064697265648
9.69763183593749
8.43662719726631
26.0183349609375
26.4819549560545
7.32342224120957
16.0741333007803
11.793865966795
9.11206054687454
8.70994567871185
6.72376708984148
11.7155914306641
17.258020019529
22.4555480957054
29.6792938232435
4.82210998535315
17.3806091308562
15.2201782226574
10.5092864990266
34.7884490966774
8.19749755859602
26.6184204101565
22.2901458740275
14.3720581054668
8.34344482421807
9.59918823242097
6.17645874023506
26.170593261716
22.4937011718755
22.9266174316418
24.9552337646502
9.2645111083973
8.07203369140761
5.42056579589707
12.6686187744127
5.94365844726767
6.8218994140625
28.791619873046
5.24558105468818
13.1313476562523
9.29058837890625
20.4381530761705
21.927117919921
7.68599853515466
7.17778930663949
5.31127319335778
23.6443298339869
29.7213195800795
32.3554321289094
8.25600280761901
10.7003662109357
39.09658203125
13.4245117187493
6.87695922851676
10.034887695315
32.8916412353516
13.7382720947266
8.23027038574219
6.22809448242119
4.84301757812614
6.68090820312568
3.48390197753838
24.1430511474609
25.3586700439453
16.3919464111351
5.89154052734511
16.415032958988
24.1007080078136
23.1510681152335
25.9033843994145
28.398260498046
5.40801086425804
15.9697631835938
23.4368408203104
22.1423339843777
14.5308624267571
4.82383422851335
7.23682861328125
31.5414428710967
29.2463928222649
7.70764160156087
33.4382110595717
34.5367401123047
3.09011230469046
6.99709167480469
32.7738677978493
7.43232421875
10.9372619628906
6.50914916992119
4.626272583011
12.3545867919938
30.5655273437473
6.26628417968659
19.5716857910145
31.0974731445331
28.0728820800804
5.45973815918105
9.08801879882903
5.97273254394349
8.00071716308866
16.8121917724609
5.97967834472861
9.85955200195085
8.14691772460687
7.40037841796693
7.48949584960687
6.56668395996162
28.2044494628893
5.79127197265716
27.6479187011714
9.1871032714846
9.59266967773405
21.1735839843768
26.5559326171875
10.6471008300809
39.0434295654295
13.4569915771471
15.8064056396489
11.8709228515623
7.70935058593432
21.9957031250041
37.4398345947247
12.0901031494136
12.4545043945321
12.5044921875023
5.67982788086097
6.85298461914108
40.4245300292932
17.8389953613281
26.0905548095676
6.46499023437364
5.02351684570403
24.6451782226562
24.8552337646482
4.75862731933867
8.38495178222429
15.1020690917953
6.17283020019304
6.00127563476835
16.4947326660174
6.38580017089753
14.3160522460937
6.47504882812636
5.25128784179688
5.96055297851562
8.86589965820631
7.4904113769538
23.5528686523449
22.3368530273456
15.8728454589857
21.9008209228522
17.2658660888672
14.4315582275384
22.2094116210949
16.5444885253906
12.9226928710931
19.4401977539051
23.0617370605469
26.0915496826163
20.4331695556681
23.308514404298
16.2898986816395
26.4656188964876
21.0899780273453
7.44908142090208
13.5588562011737
25.7413970947284
8.10240173339548
14.4719543457018
21.2924438476537
19.8954162597645
33.9909332275391
17.0702484130832
17.972323608398
5.39094848632835
31.7646087646478
5.98673095703125
18.1083557128883
18.3190795898437
7.08096008301054
7.75698242187817
19.8891265869127
11.0358978271487
4.289892578125
15.5655761718727
7.01386413574082
4.25026245117188
8.45616149902525
8.55268249511446
12.6683929443364
14.7424255371096
11.1802612304694
5.59815673827943
7.1834075927748
6.88215332031614
3.8601043701181
