17.4156862745098
14.4313725490196
17.0196078431373
17.2082352941176
15.1764705882353
15.5294117647059
16.4313725490196
16.078431372549
12.1729411764706
16.156862745098
15.9607843137255
15.0196078431373
12.9803921568627
14.3529411764706
15.1372549019608
14.4745098039216
16.2352941176471
15.4039215686275
16.2352941176471
12.5098039215686
12.5490196078431
15.898431372549
13.3254901960784
13.7952941176471
13.921568627451
13.5686274509804
11.6470588235294
14.8235294117647
7.0235294117647
13.921568627451
14.8627450980392
14.3921568627451
15.5294117647059
14.2698039215686
11.9521568627451
12.5490196078431
14.9411764705882
14.078431372549
16.3137254901961
14.5921568627451
16.3137254901961
16.6666666666667
14.078431372549
13.7647058823529
14.9019607843137
14.8313725490196
14.7450980392157
19.5890196078431
14.2352941176471
15.4117647058824
13.2549019607843
14.2352941176471
15.5450980392157
14.356862745098
14.156862745098
12.2745098039216
14.2658823529412
7.68627450980392
14.8678431372549
15.7647058823529
12.2352941176471
13.4117647058824
15.5686274509804
15.0588235294118
14.0039215686274
15.7647058823529
13.9607843137255
14.5882352941176
12.4705882352941
13.9607843137255
12.8627450980392
15.3725490196078
13.6941176470588
14.0392156862745
11.0196078431373
13.478431372549
14.2352941176471
11.3333333333333
12.6666666666667
14.6666666666667
13.6862745098039
14.3921568627451
16.2352941176471
13.638431372549
18.8149019607843
15.6470588235294
17.8313725490196
14.2352941176471
12.6043137254902
12.8454901960784
11.6470588235294
14.2658823529412
16.9843137254902
18.7333333333333
12.6666666666667
12.8235294117647
13.0980392156863
14.9019607843137
14.1176470588235
12
14.5098039215686
13.7952941176471
12.7058823529412
11.6470588235294
13.638431372549
14.7725490196078
12.8235294117647
19.0980392156863
12.5490196078431
16.6313725490196
15.3764705882353
14.156862745098
13.7647058823529
11.3725490196078
14.1309803921569
12.2352941176471
11.4117647058824
12.5529411764706
12.0392156862745
11.6862745098039
12.3019607843137
9.62392156862746
12.4313725490196
14.4705882352941
13.8470588235294
16.0392156862745
14.5490196078431
16.556862745098
15.8823529411765
17.8470588235294
16.3137254901961
12.3921568627451
13.921568627451
16.4474509803922
13.6470588235294
13.8039215686275
13.8039215686275
13.1372549019608
13.5333333333333
12.7843137254902
15.4901960784314
14.4313725490196
14.0698039215686
15.964705882353
14.5882352941176
13.0588235294118
15.5294117647059
14.1176470588235
12.4705882352941
10.5317647058824
15.2854901960784
17.1372549019608
15.7647058823529
12.9019607843137
14.078431372549
13.0235294117647
13.3882352941176
12.8627450980392
11.6078431372549
13.9607843137255
14.078431372549
13.0196078431373
14.9058823529412
13.1372549019608
13.6470588235294
13.5725490196078
15.6901960784314
12.5490196078431
15.2462745098039
14.3835294117647
15.2823529411765
14.156862745098
15.7807843137255
15.7254901960784
13.7686274509804
13.2156862745098
12.1058823529412
9.96078431372549
14.3874509803922
14.356862745098
14.7843137254902
14.6274509803922
13.4509803921569
13.9607843137255
15.1764705882353
12.8933333333333
12.9019607843137
11.5207843137255
17.681568627451
15.4509803921569
17.321568627451
13.4117647058824
15.4941176470588
14.078431372549
13.2156862745098
16.1090196078431
15.843137254902
16.1960784313726
14.7886274509804
12.8627450980392
13.843137254902
15.8980392156863
14.078431372549
13.481568627451
11.9607843137255
14.7058823529412
13.9607843137255
17.16
14.1309803921569
16.1960784313725
13.5294117647059
14.4313725490196
13.843137254902
13.0588235294118
14.7011764705882
12.5921568627451
15.3725490196078
14.9070588235294
14.7450980392157
13.921568627451
13.4392156862745
11.8313725490196
14.0552941176471
14.3529411764706
15.0588235294118
14
13.9607843137255
12.0823529411765
12.5921568627451
13.2549019607843
12.7843137254902
14.0698039215686
14.5098039215686
13.2156862745098
11.8823529411765
14.2745098039216
15.4117647058824
17.0980392156863
14.8627450980392
15.0235294117647
17.9254901960784
16.0392156862745
18.8549019607843
13.7647058823529
15.4901960784314
16.5098039215686
10.3803921568627
12.9019607843137
16.078431372549
15.2549019607843
15.9607843137255
14.3835294117647
17.2156862745098
14.8627450980392
15.8737254901961
15.8470588235294
17.3725490196078
16.5490196078431
16.6705882352941
11.3886274509804
14.5607843137255
4.47058823529412
13.1764705882353
12.7058823529412
13.1372549019608
14.7772549019608
7.5686274509804
15.6239215686275
15.5552941176471
12.6705882352941
12.8627450980392
12.3137254901961
12.9294117647059
13.6352941176471
14.9964705882353
14.6666666666667
16.6274509803922
15.0980392156863
15.0588235294118
15.3725490196078
16.4313725490196
18.7058823529412
16.9803921568627
14.2352941176471
12.9411764705882
12.7058823529412
12.7450980392157
15.2462745098039
14.4658823529412
15.7647058823529
18.4705882352941
16.7843137254902
16.5098039215686
16.3529411764706
12.8627450980392
11.7254901960784
15.5843137254902
13.5207843137255
15.9647058823529
14.4313725490196
15.5176470588235
15.3678431372549
13.2588235294118
14.7843137254902
13.8039215686274
12.356862745098
14.7843137254902
7.49019607843137
13.9533333333333
13.2941176470588
14.078431372549
15.5450980392157
14.8235294117647
14.2266666666667
15.3533333333333
14.9450980392157
5.84313725490197
12.6666666666667
12.5372549019608
13.2156862745098
15.4588235294118
13.9607843137255
15.8356862745098
16.7333333333333
10.2745098039216
13.9607843137255
15.8313725490196
11.9098039215686
4.98039215686274
12.3050980392157
7.29411764705882
11.3333333333333
11.1019607843137
14.5098039215686
14.9450980392157
13.6521568627451
15.921568627451
16.7058823529412
12.8627450980392
17.0235294117647
14.4082352941177
15.2941176470588
12.6274509803922
13.878431372549
16.3921568627451
13.2156862745098
15.063137254902
13.2156862745098
15.843137254902
10.9450980392157
15.2549019607843
16.0392156862745
15.8737254901961
15.898431372549
15.556862745098
15.4941176470588
13.3725490196078
13.3333333333333
12.3019607843137
11.0980392156863
14.3137254901961
11.6078431372549
14.0392156862745
12.3921568627451
13.3725490196078
15.6862745098039
15.2980392156863
15.2156862745098
13.2156862745098
15.9254901960784
16.6313725490196
17.2549019607843
14.2352941176471
14.9843137254902
14.3482352941176
12.9019607843137
13.6470588235294
15.0196078431373
14.2352941176471
13.1411764705882
15.843137254902
15.4901960784314
15.4117647058824
15.0109803921569
16.8666666666667
14.7843137254902
12.6666666666667
14.156862745098
15.921568627451
16.3921568627451
16.4313725490196
15.6470588235294
16.9411764705882
15.0980392156863
15.4509803921569
15.4509803921569
14.8392156862745
14.3921568627451
14.4705882352941
15.4
15.1372549019608
16.6043137254902
15.2549019607843
16.3529411764706
11.921568627451
14.9803921568627
14.6666666666667
13.2549019607843
12.1960784313725
14.8901960784314
13.4509803921569
16.3921568627451
16.0698039215686
11.921568627451
12.4196078431373
13.7647058823529
16.0392156862745
16.4196078431372
14.3529411764706
12.1176470588235
13.8039215686275
3.37254901960785
12.9717647058824
15.2941176470588
12.8235294117647
15.843137254902
15.5294117647059
11.0980392156863
10.3529411764706
14.5098039215686
15.8290196078431
17.1286274509804
13.5294117647059
16.2352941176471
13.921568627451
12.9239215686275
14.6274509803922
15.3247058823529
11.4423529411765
11.6078431372549
15.1678431372549
13.6470588235294
15.7921568627451
14.8235294117647
12.043137254902
8.80039215686275
15.0501960784314
15.5294117647059
16.278431372549
12.8901960784314
16
13.7952941176471
13.6470588235294
8.25882352941177
13.3725490196078
18.7058823529412
14.9019607843137
15.5411764705882
14.7450980392157
14.6274509803922
13.4901960784314
13.0588235294118
12.1882352941176
15.2156862745098
12.4705882352941
15.4901960784314
17.0627450980392
12.0392156862745
18.2392156862745
14.1607843137255
13.3725490196078
14.4705882352941
15.9647058823529
14.4313725490196
14.4705882352941
13.9607843137255
13.9607843137255
12.7058823529412
14.2352941176471
13.9607843137255
14.2745098039216
14.4705882352941
14.5098039215686
5.75607843137255
15.0196078431373
15.6078431372549
11.6470588235294
13.2062745098039
10.1843137254902
14.5882352941176
15.8823529411765
13.1647058823529
14.5050980392157
15.6392156862745
16.0392156862745
12.5529411764706
15.4509803921569
15.0980392156863
14.3835294117647
12.8627450980392
13.9019607843137
15.6470588235294
13.4392156862745
15.0980392156863
14.9019607843137
15.243137254902
14.5098039215686
17.3725490196078
16.1176470588235
15.1286274509804
13.4117647058824
11.7647058823529
14.4313725490196
14.7058823529412
15.921568627451
15.2854901960784
15.0980392156863
15.1803921568627
16.5098039215686
15.0588235294118
14.7843137254902
17.843137254902
15.6470588235294
14.9411764705882
13.4423529411765
12.8235294117647
13.4901960784314
12.6274509803922
13.4117647058824
13.0196078431373
12.6666666666667
15.2941176470588
15.243137254902
13.3333333333333
14.1337254901961
10.9325490196078
14.3137254901961
16.3176470588235
13.8823529411765
14.6941176470588
14.4705882352941
13.0627450980392
14.078431372549
17.3725490196078
13.6470588235294
13.76
10.3529411764706
12.8235294117647
16.6274509803922
15.1372549019608
12.7843137254902
10.9180392156863
11.843137254902
15.0980392156863
14.8509803921569
13.9376470588235
12.156862745098
11.3725490196078
12.6274509803922
11.8823529411765
15.6823529411765
13.0588235294118
11.6078431372549
11.2196078431373
13.5294117647059
13.7294117647059
11.6862745098039
10.2745098039216
11.9607843137255
14.4705882352941
15.5686274509804
15.6862745098039
14.8627450980392
13.6078431372549
14.1176470588235
15.2588235294118
14.2745098039216
12.9803921568627
15.0980392156863
15.898431372549
12.7149019607843
13.2549019607843
14.156862745098
12.3529411764706
8.61568627450981
11.0980392156863
11.6078431372549
11.1372549019608
13.5686274509804
13.1764705882353
13.0749019607843
12.2352941176471
14.7058823529412
14.0274509803922
12.9803921568627
10.0392156862745
14.6666666666667
12.8235294117647
13.8039215686274
13.5090196078431
13.1803921568627
15.9607843137255
14.8627450980392
14.2745098039216
14.4705882352941
12.9019607843137
10.7364705882353
10.2392156862745
11.6470588235294
13.1925490196078
14.9717647058823
14.7058823529412
16.5137254901961
12.0666666666667
15.6509803921569
13.6470588235294
13.6470588235294
12.7843137254902
14.3835294117647
14.7450980392157
11.843137254902
13.3333333333333
12.7843137254902
13.8078431372549
13.7647058823529
12.4352941176471
15.3490196078431
10.3960784313726
5.60784313725491
11.1764705882353
13.8901960784314
11.9686274509804
12.6274509803922
15.9607843137255
14.3529411764706
13.0980392156863
11.6470588235294
16.5490196078431
14.9019607843137
15.6078431372549
14.3529411764706
12.9803921568627
12
13.4509803921569
13.2980392156863
11.7647058823529
13.1372549019608
14.1176470588235
13.8039215686275
14.1176470588235
15.2156862745098
13.1764705882353
13.9913725490196
15.4901960784314
15.4509803921569
12.6274509803922
14.3137254901961
13.4901960784314
12.6274509803922
12.9019607843137
12.043137254902
12.2941176470588
19.836862745098
11.6423529411765
13.3725490196078
14.3835294117647
13.0980392156863
10.5098039215686
9.73725490196078
13.0894117647059
13.0980392156863
13.2549019607843
13.4278431372549
15.4070588235294
14.3921568627451
14.3529411764706
14.2745098039216
15.3725490196078
16.0156862745098
15.7294117647059
12.2352941176471
11.8823529411765
14.6666666666667
8.7372549019608
12.9803921568627
12.1670588235294
11.6470588235294
14.2266666666667
12.4313725490196
14.6666666666667
13.1294117647059
12.3898039215686
13.6862745098039
12.4588235294118
10.7450980392157
9.6470588235294
11.1372549019608
11.6352941176471
13.4509803921569
12.3921568627451
12.8627450980392
13.1647058823529
14.8941176470588
13.4901960784314
12.0392156862745
15.6078431372549
13.5294117647059
14.8627450980392
15.6901960784314
14.2
14.278431372549
12.9450980392157
16.8666666666667
13.5294117647059
11.1803921568627
11.0980392156863
14.3090196078431
12.156862745098
11.7254901960784
13.0501960784314
13.2549019607843
16.1729411764706
15.8776470588235
15.9647058823529
14.8627450980392
14.156862745098
15.3529411764706
15.4823529411765
11.4509803921569
14.4227450980392
16.0149019607843
13.6470588235294
15.7647058823529
11.276862745098
12.8235294117647
14.7050980392157
12.6274509803922
13.7137254901961
12.0392156862745
13.8345098039216
12.5098039215686
13.6470588235294
12.5882352941176
13.2388235294118
15.4509803921569
13.8823529411765
13.921568627451
14.3019607843137
11.2156862745098
12.9411764705882
12.8901960784314
13.6862745098039
9.25490196078431
13.3333333333333
14.2352941176471
12.1176470588235
12.3921568627451
10.1450980392157
16.2745098039216
15.4549019607843
13.4509803921569
13.3725490196078
12.3176470588235
11.7647058823529
12.6274509803922
12.6666666666667
10.8627450980392
13.6862745098039
10.1176470588235
13.1725490196078
15.0588235294118
14
13.4509803921569
11.5725490196078
11.9529411764706
11.9607843137255
10.6443137254902
12.3298039215686
13.8823529411765
13.8039215686274
14.7058823529412
12.6286274509804
14
13.7560784313726
14.6325490196078
12.2352941176471
14.9058823529412
14.9803921568627
10.9803921568627
14.5796078431373
15.0470588235294
13.2549019607843
11.7254901960784
14.3529411764706
13.9607843137255
13.921568627451
14.2352941176471
14.7843137254902
15.2156862745098
15.2501960784314
14.8627450980392
15.921568627451
12.3137254901961
11.5294117647059
10.8627450980392
14.8235294117647
11.1019607843137
10.9717647058824
5.89450980392157
12.5490196078431
14.3921568627451
16.4392156862745
13.0588235294118
12.1607843137255
12.2745098039216
15.0980392156863
12.9411764705882
14.7450980392157
12.9411764705882
13.4509803921569
17.5843137254902
15.0470588235294
15.1764705882353
11.7529411764706
15.843137254902
16.5098039215686
16.2745098039216
16.2745098039216
16.3137254901961
18.156862745098
16.8509803921569
15.6078431372549
17.2549019607843
16.078431372549
11.1019607843137
12.4623529411765
9.95294117647055
14.5882352941176
15.2376470588235
15.0588235294118
16.6666666666667
16.7450980392157
17.0588235294118
16.2392156862745
10.4588235294118
14.3960784313725
13.3294117647059
12.9803921568627
16.7843137254902
14.5882352941176
15.8039215686274
15.0196078431373
15.5686274509804
15.4901960784314
13.2941176470588
12.078431372549
14.8235294117647
16
14.1556862745098
13.6
14.9411764705882
11.8823529411765
14.6274509803922
14.2823529411765
15.6078431372549
14.6274509803922
14.5882352941176
14.7450980392157
14.4705882352941
16.5882352941176
14.3443137254902
10.5960784313726
12.6933333333333
14.2745098039216
15.5686274509804
12.7882352941177
15.6901960784314
14.7450980392157
13.4980392156863
15.0749019607843
12
17.0980392156863
14.3529411764706
14.3529411764706
13.4901960784314
14.1960784313726
11.3333333333333
12.5098039215686
13.5294117647059
14.9411764705882
17.0588235294118
13.5294117647059
21.1450980392157
10.9411764705882
12.4866666666667
16.3921568627451
12.5529411764706
14.3137254901961
16.6407843137255
10.7929411764706
16.3137254901961
15.5294117647059
15.1764705882353
13.921568627451
14.7756862745098
13.4901960784314
12.9717647058824
15.7254901960784
14.4705882352941
12.6345098039216
12.6941176470588
13.3725490196078
15.4117647058823
14.7450980392157
16.7843137254902
15.6862745098039
12.8627450980392
11.4509803921569
14.8156862745098
11.3254901960784
8.46196078431373
11.1764705882353
12.5490196078431
8.89019607843136
13.0196078431373
14
14.3619607843137
15.6352941176471
14.5882352941176
17.2854901960784
15.0109803921569
11.8039215686274
13.1764705882353
13.8470588235294
16.2352941176471
14.7305882352941
12.9019607843137
14.5882352941176
16.3529411764706
13.8705882352941
13.1764705882353
14.0827450980392
12.7058823529412
12.8235294117647
10.0698039215686
14.3137254901961
14.4313725490196
16.2796078431373
12.4705882352941
6.32470588235294
14
15.4901960784314
13.1462745098039
14.7843137254902
15.9607843137255
15.6862745098039
11.4392156862745
11.0627450980392
11.0980392156863
11.3725490196078
16.9803921568627
16.8235294117647
14.4352941176471
16.0305882352941
15.0196078431373
15.3333333333333
14.5882352941176
13.4117647058824
10.6780392156863
13.7003921568627
15.1678431372549
15.1647058823529
13.8823529411765
13.8039215686274
12.4313725490196
13.0980392156863
12.0576470588235
15.8078431372549
13.4941176470588
17.2156862745098
13.6156862745098
14.8235294117647
15.2156862745098
14.6666666666667
13.0470588235294
4.74509803921569
12.0392156862745
12.7882352941176
10.8235294117647
12.9411764705882
14.6666666666667
12.1176470588235
12.4705882352941
12.3921568627451
13.9960784313725
11.843137254902
14.6666666666667
15.5847058823529
14.9392156862745
14.7058823529412
13.7337254901961
15.2549019607843
14.5490196078431
13.7674509803922
11.1764705882353
10.3921568627451
13.843137254902
13.5294117647059
15.4470588235294
15.4117647058824
15.6078431372549
15.6078431372549
15.7529411764706
16.078431372549
15.0196078431373
15.5647058823529
15.2941176470588
14.9411764705882
15.6078431372549
15.0235294117647
15.1372549019608
14.4705882352941
15.0078431372549
14
12.4862745098039
14.5529411764706
14.121568627451
11.4901960784314
12.1960784313726
14.6274509803922
14.3137254901961
15.4078431372549
14.4705882352941
14.6274509803922
12.3176470588235
14.0392156862745
14.1058823529412
15.6239215686274
15.921568627451
10.5898039215686
14.1960784313726
14.2352941176471
12.3529411764706
12.156862745098
14.2745098039216
14.4980392156863
11.921568627451
12.9411764705882
12
14.2745098039216
14.6666666666667
11.5686274509804
11.4243137254902
13.0980392156863
12.7019607843137
12.541568627451
