32.9411764705882
28.5352941176471
32.6313725490196
32.4266666666667
29.0980392156863
28.6109803921569
31.078431372549
28.5823529411765
22.443137254902
30
30.6666666666667
26.7843137254902
23.3552941176471
27.5294117647059
28.7450980392157
34.0392156862745
29.1058823529412
30.3835294117647
32.8541176470588
22.1960784313725
25.7254901960784
31.7976470588235
26.5317647058824
25.9913725490196
27.2317647058824
24.7843137254902
22.1176470588235
27.2549019607843
13.3725490196078
27.1372549019608
29.9254901960784
28.2352941176471
29.1337254901961
26.5011764705882
22.1176470588235
23.9254901960784
29.5686274509804
27.0666666666667
32.7843137254902
30.3050980392157
32.8886274509804
32.5835294117647
26.6980392156863
27.0980392156863
29.4901960784314
28.3588235294118
30.4360784313725
24.4352941176471
26.5098039215686
30.9450980392157
25.5207843137255
26.3960784313725
28.7176470588235
26.3529411764706
25.8823529411765
29.1764705882353
27.2462745098039
13.6470588235294
28.2392156862745
30.4533333333333
22.3137254901961
27.1458823529412
30.6588235294118
29.2549019607843
27.2196078431373
29.0501960784314
26.9058823529412
28.0392156862745
24.9843137254902
26.8627450980392
24.5490196078431
29.3333333333333
29.9043137254902
26.4376470588235
23.6470588235294
26.1176470588235
37.4901960784314
21.3019607843137
24.4627450980392
28.0462745098039
26.1482352941176
29.0274509803922
31.843137254902
26.9411764705882
37.4827450980392
28
35.1003921568627
27.4509803921569
26.3137254901961
24.5623529411765
27.2941176470588
29.4423529411765
32.3443137254902
34.8235294117647
23.1019607843137
24.5443137254902
24.7098039215686
28.2745098039216
25.921568627451
23.2980392156863
27.0980392156863
28.4705882352941
26.7756862745098
23.4509803921569
28.2745098039216
29.0588235294118
24.9411764705882
28.2352941176471
23.2156862745098
33.2941176470588
31.716862745098
28.6196078431373
27.3764705882353
20.8627450980392
27.921568627451
23.0980392156863
23.3082352941177
24.2266666666667
24.6580392156863
24.8235294117647
25.3729411764706
18.9490196078431
26.4313725490196
30.0078431372549
29.921568627451
33.12
30.4313725490196
33.6901960784314
31.6078431372549
35.6117647058824
31.4729411764706
26.2352941176471
28.6705882352941
33.0509803921569
26.4745098039216
27.6862745098039
27.2627450980392
26
32.116862745098
25.4894117647059
30.4352941176471
29.8172549019608
28.9058823529412
32.0392156862745
28.3960784313725
27.1019607843137
29.9607843137255
26.5898039215686
23.8862745098039
23.3019607843137
29.4901960784314
34.1960784313725
30.7450980392157
26.0392156862745
27.4901960784314
24.7882352941176
26.1960784313726
25.0666666666667
22.156862745098
28.7364705882353
27.3333333333333
25.5294117647059
28.3835294117647
26.4745098039216
27.0062745098039
27.6627450980392
31.5372549019608
24.3921568627451
29.4705882352941
28.9019607843137
30.9803921568627
27.7254901960784
31.1764705882353
30.3490196078431
26.5403921568627
25.921568627451
23.6078431372549
22.5050980392157
29.843137254902
30.3176470588235
31.921568627451
29.0980392156863
26.2745098039216
29.0980392156863
30.4705882352941
26.6188235294118
26.7450980392157
22.1607843137255
36.2352941176471
27.0235294117647
35.4196078431373
25.9607843137255
30.0392156862745
28.1176470588235
28.4705882352941
32.0823529411765
32
31.3466666666667
29.4549019607843
25.2894117647059
29.6117647058824
33.3725490196078
28.1686274509804
27.8117647058824
24.4227450980392
30.1176470588235
28.1960784313725
34.078431372549
26.7882352941176
32.6274509803922
25.7254901960784
28.0392156862745
26.9803921568627
27.3333333333333
30.556862745098
24.5356862745098
30.5098039215686
28.9325490196078
29.4121568627451
27.1725490196078
27.4588235294118
23.2941176470588
28.2113725490196
28.356862745098
30.4705882352941
26.7364705882353
26.3921568627451
23.7254901960784
24.5490196078431
26.3960784313725
25.2941176470588
28.0392156862745
28.6666666666667
25.5941176470588
25.4854901960784
29.7313725490196
32.0086274509804
35.3333333333333
30.4
31.0109803921569
39.156862745098
30.5098039215686
27.5294117647059
29.638431372549
33.2156862745098
33.4156862745098
26.6188235294118
24.8627450980392
32.6352941176471
32.4227450980392
33.0109803921569
32.9411764705882
38.9803921568627
32.1333333333333
33.12
35.0980392156863
36.1490196078431
32.9803921568627
35.8376470588235
22.1913725490196
29.4117647058824
7.21960784313726
26.7058823529412
25.0501960784314
27.7647058823529
29.5639215686275
22.4705882352941
31.578431372549
30.6470588235294
25.856862745098
23.9952941176471
25.0980392156863
27.1764705882353
29.2470588235294
30.2
28.8666666666667
32.643137254902
29.5992156862745
30.8235294117647
30.8823529411765
32.5098039215686
38.5882352941176
33.0980392156863
28.7843137254902
25.2156862745098
27.7843137254902
25.1309803921569
30
29.5294117647059
33.921568627451
38.6274509803922
33.2070588235294
32.9803921568627
32.9803921568627
24.5098039215686
25.1176470588235
31.3411764705882
28.7490196078431
30.8235294117647
28.5098039215686
32.5529411764706
32.3980392156863
24.356862745098
28.6196078431373
27.1803921568627
26.7364705882353
29.481568627451
21.5274509803922
29.7254901960784
25.8039215686275
33.7050980392157
31.9254901960784
29.2070588235294
29.0666666666667
34.9603921568627
30.1960784313726
6.00392156862746
25.1764705882353
26.9411764705882
27.2627450980392
32.2666666666667
30.078431372549
35.9913725490196
33.5725490196078
22.4705882352941
30.9925490196078
32.2392156862745
23.5333333333333
7.88235294117648
26.8705882352941
12.2050980392157
24.1913725490196
27.2854901960784
33.7647058823529
30.8666666666667
27.4156862745098
34.3529411764706
34.7490196078431
29.4509803921569
34.1294117647059
31.7254901960784
29.4901960784314
24.4705882352941
28.1098039215686
33.0196078431373
27.3333333333333
30.8235294117647
27.3372549019608
31.921568627451
21.7254901960784
32.6274509803922
32.9058823529412
32.2901960784314
30.9019607843137
31.1019607843137
30.2745098039216
26.7843137254902
26.1176470588235
26.8627450980392
25.1764705882353
28.3921568627451
23.2462745098039
29.843137254902
24.8627450980392
26.1482352941176
33.2854901960784
30.2698039215686
31.1811764705882
27.0980392156863
35.0117647058824
33.0666666666667
32.9843137254902
32.9717647058824
32.1529411764706
29.0588235294118
25.0501960784314
30.9239215686274
29.8039215686275
29.921568627451
28.1372549019608
31.4117647058823
30.1607843137255
30.7843137254902
29.9913725490196
34.1176470588235
30.2745098039216
26.7364705882353
28.2745098039216
36.8149019607843
34.2266666666667
34.9058823529412
32.1607843137255
37.403137254902
30.1521568627451
33.8776470588235
33.6313725490196
28.0305882352941
28.2266666666667
30.5882352941176
34.0737254901961
31.4549019607843
33.4894117647059
29.6156862745098
34.4235294117647
23.7454901960784
30.7764705882353
28.7450980392157
27.3247058823529
25.0501960784314
34.6274509803922
27.5686274509804
34.4352941176471
32.8941176470588
23.6078431372549
32.6388235294118
28.3137254901961
31.916862745098
31.6470588235294
28.9411764705882
24.4745098039216
26.3137254901961
9.09803921568628
26.3137254901961
35.2156862745098
26.9866666666667
33.6509803921569
32.5137254901961
20.2756862745098
20.7843137254902
31.6470588235294
33.7082352941176
33.9176470588235
29.6164705882353
31.5333333333333
27.843137254902
26.9325490196078
29.6078431372549
31.5992156862745
22.7098039215686
27.6078431372549
31.7686274509804
27.6713725490196
34.3137254901961
30.4921568627451
25.1678431372549
17.2756862745098
31.6470588235294
32.2094117647059
31.9070588235294
27.1294117647059
33.2156862745098
30.2039215686274
27.1803921568627
15.2054901960784
28.5882352941176
33.2941176470588
29.838431372549
32.8933333333333
32.7901960784314
27.6776470588235
27.2196078431373
27.9062745098039
20.1960784313725
32.6580392156863
25.8517647058824
35.0933333333333
34.7894117647059
40.4745098039216
23.3764705882353
28.2352941176471
26.3482352941177
29.0196078431373
31.8039215686274
30.0141176470588
29.956862745098
30.4627450980392
30.5317647058824
26.278431372549
27.8823529411765
27.1764705882353
31.1764705882353
29.4117647058824
29.7129411764706
10.9411764705882
31.0588235294118
32.4752941176471
24.4619607843137
29.0227450980392
23.9607843137255
30.4705882352941
33.3333333333333
26.0305882352941
29.5686274509804
31.2941176470588
31.0156862745098
25.9913725490196
31.9952941176471
30.156862745098
30.1627450980392
26.4003921568627
29.2980392156863
32
27.1764705882353
31.0196078431373
30.0392156862745
31.5207843137255
29.6941176470588
35.5294117647059
31.878431372549
31.8125490196078
30.3050980392157
24.8376470588235
34.7058823529412
30.9803921568627
31.1054901960784
31.6078431372549
30.043137254902
30.3176470588235
33.7411764705882
32.5882352941176
28.6666666666667
29.7254901960784
31.6078431372549
30.1090196078431
27.9254901960784
24.156862745098
28.4619607843137
26.5490196078431
26.8149019607843
28.3176470588235
26.2745098039216
30.5403921568627
30.7529411764706
27.2462745098039
27.7725490196078
23.0972549019608
30.5098039215686
34.2486274509804
28.9843137254902
30.156862745098
29.5294117647059
27.2070588235294
28.4619607843137
35.843137254902
27.3725490196078
26.9898039215686
24.1176470588235
27.96
34.7372549019608
30.2392156862745
25.6078431372549
23.6298039215686
25.7560784313726
34.1913725490196
32.5976470588235
29.8823529411765
24.0392156862745
24.0611764705882
25.041568627451
24.9019607843137
33.4549019607843
25.6078431372549
22.0145098039216
21.3333333333333
28.463137254902
29.2062745098039
24.0039215686275
20.5011764705882
23.7254901960784
30.0345098039216
34.2
32.0392156862745
30.0392156862745
27.2470588235294
29.7254901960784
31.1411764705882
29.9607843137255
28
30.3058823529412
32.4352941176471
26.7058823529412
27.1286274509804
28.3443137254902
24.5098039215686
19.5011764705882
23.1372549019608
22.8235294117647
24
28.7098039215686
27.8039215686274
26.5725490196078
25.6509803921569
31.1325490196078
29.7254901960784
26.9803921568627
20.6925490196078
32.2266666666667
27.7960784313726
30.5011764705882
28.8627450980392
27.8823529411765
32.9058823529412
30.8666666666667
28.9450980392157
30.1960784313725
26.6666666666667
21.8823529411765
21.481568627451
24.6666666666667
27.4070588235294
32.3960784313725
30.7450980392157
34.9411764705882
25.3725490196078
34.4313725490196
29.921568627451
28
27.7960784313726
29.1294117647059
29.9607843137255
27.6690196078431
28.0392156862745
27.1286274509804
29.2549019607843
28.2658823529412
26.0745098039216
31.4729411764706
21.481568627451
9.81098039215689
22.5450980392157
28.3529411764706
23.8258823529412
27.716862745098
33.2196078431373
28.8235294117647
27.3678431372549
25.32
35.1764705882353
30.1960784313725
32.6658823529412
31.1286274509804
26.6109803921569
25.6470588235294
27.8078431372549
28.4274509803922
24.3576470588235
29.1803921568627
31.4901960784314
29.2941176470588
29.6470588235294
33.5686274509804
27.1019607843137
30.3529411764706
34.4313725490196
32.0392156862745
26.1607843137255
29.9474509803921
28.8541176470588
27.5294117647059
25.7874509803922
25.1286274509804
26.6666666666667
16.9964705882353
24.9078431372549
27.1372549019608
30.5098039215686
25.3333333333333
20.9325490196078
20.1988235294118
27.5686274509804
26.8235294117647
27.56
31.1160784313726
31.5294117647059
29.6666666666667
29.6470588235294
30.4619607843137
31.8737254901961
34.3443137254902
32.5490196078431
25.4117647058824
26.0392156862745
30.5882352941176
15.2156862745098
27.8882352941176
26.3443137254902
24.278431372549
30.3137254901961
26.3176470588235
30.3529411764706
28.2352941176471
25.6862745098039
29.5207843137255
24.3137254901961
21.9521568627451
20.3443137254902
24.8243137254902
26.5490196078431
28.6705882352941
26.5490196078431
27.3247058823529
28.9411764705882
32.1960784313725
30.4862745098039
26.1647058823529
33.4070588235294
28.7450980392157
30.7843137254902
32.8627450980392
28.5960784313725
31.843137254902
26.6580392156863
37.9607843137255
27.8470588235294
24.9803921568627
24.0650980392157
31.2156862745098
23.9050980392157
27.4423529411765
28.9019607843137
29.3286274509804
33.0109803921569
33.5764705882353
32.3827450980392
31.6470588235294
29.6470588235294
32.356862745098
30.0392156862745
25.0501960784314
30
33.2854901960784
28.4705882352941
34.0305882352941
23.2627450980392
26.5403921568627
31.0196078431372
26.556862745098
30.5050980392157
25.7294117647059
29.8823529411765
26.6580392156863
29.5294117647059
34.1333333333333
30.2
33.5639215686274
29.1678431372549
28.5882352941176
31.6078431372549
27.8505882352941
29.76
25.4729411764706
29.2156862745098
20.1050980392157
30.2
31.8509803921569
26.4313725490196
26.2745098039216
24.7843137254902
34.9411764705882
30.7843137254902
29.921568627451
29.2941176470588
26.8941176470588
24.5058823529412
27.0980392156863
28.156862745098
22.8188235294118
32.078431372549
20.1960784313725
28.8235294117647
31.9827450980392
28.1176470588235
28.2313725490196
23.0980392156863
25.4509803921569
24.278431372549
25.6572549019608
27.3764705882353
29.716862745098
28.6941176470588
32.7058823529412
27.8345098039216
30.3098039215686
29.4117647058823
31.0588235294118
26.0745098039216
31.6913725490196
34.0196078431373
24.4705882352941
33.0980392156863
33.5407843137255
27.8039215686274
28.0650980392157
30.8941176470588
29.5435294117647
29.4509803921569
34.0305882352941
32.7450980392157
34
32.443137254902
31.4156862745098
35.843137254902
29.6776470588235
23.9294117647059
24.2745098039216
30.8933333333333
22.6454901960784
21.7254901960784
14.8149019607843
26.8780392156863
31.5207843137255
39.1678431372549
25.6156862745098
26.5098039215686
26.4313725490196
33.0588235294118
27.3647058823529
34.0392156862745
27.7254901960784
28.9803921568627
35.0235294117647
30.8156862745098
31.8039215686274
27.8345098039216
34.1176470588235
36.2745098039216
33.7686274509804
38.0392156862745
35.6470588235294
42.3529411764706
35.6470588235294
38.7450980392157
36.4305882352941
34.6619607843137
23.5294117647059
27.3725490196078
23.9254901960784
31.2941176470588
35.0894117647059
32.0392156862745
35.9921568627451
35.6078431372549
37.2156862745098
35.0196078431373
24.6972549019608
32.278431372549
29.1803921568627
29.4941176470588
36.7490196078431
31.5686274509804
37.2196078431373
33.0196078431373
33.5207843137255
33.5725490196078
28.8235294117647
27.2549019607843
32.4705882352941
36.2392156862745
31.0980392156863
29.6470588235294
32.1176470588235
26.0392156862745
33.1039215686274
34.5490196078431
34.2745098039216
34.976862745098
31.2941176470588
29.921568627451
30.9803921568628
34.1176470588235
29.0462745098039
22.2352941176471
26.9411764705882
31.2980392156863
34.2745098039216
29.276862745098
32.2925490196078
32.8235294117647
30.4188235294118
33.7835294117647
26.2039215686275
37.3725490196079
29.2070588235294
30.9639215686274
29.3725490196078
30.7058823529412
24.9019607843137
31.6470588235294
30.3176470588235
34.7843137254902
36.4745098039216
31.1839215686274
33.6882352941176
22.0698039215686
28.4313725490196
37.638431372549
27.2462745098039
31.0627450980392
40.043137254902
26.6745098039216
39.5639215686274
33.7207843137255
33.4509803921569
30.7450980392157
31.9607843137255
30.2352941176471
29.481568627451
33.4117647058823
33.0235294117647
29.5607843137255
30.3137254901961
28.7843137254902
31.5294117647059
30.5411764705882
34.7364705882353
33.0235294117647
27.0149019607843
25.0627450980392
35.8823529411765
23.8294117647059
20.4250980392157
24.2666666666667
25.6470588235294
23.6125490196078
29.1411764705882
44.8627450980392
30.5098039215686
34.7450980392157
30.9725490196078
35.7560784313725
31.921568627451
24.8666666666667
29.3725490196078
30.8956862745098
35.4549019607843
31.8392156862745
26.7490196078431
30.7058823529412
35.7647058823529
27.6129411764706
29.4156862745098
28.9333333333333
28.4392156862745
26.9411764705882
22.0392156862745
31.6470588235294
31.9913725490196
35.6117647058824
24.8376470588235
20.8235294117647
31.2549019607843
33.2588235294118
29.9607843137255
32.7058823529412
37.0980392156863
36.2403921568627
23.8
24.3188235294118
26.121568627451
25.8039215686275
37.76
39.0023529411765
32.4313725490196
34.6517647058823
34.1482352941176
32.9843137254902
32.8949019607843
28.4745098039216
23.998431372549
31.6862745098039
33.8039215686274
34.5050980392157
30.7450980392157
30.121568627451
31.4901960784314
28.9450980392157
26.6274509803922
35.7874509803922
29.5686274509804
32.8274509803922
32.4313725490196
33.5294117647059
33.1333333333333
33.5207843137255
29.9560784313725
8.86274509803922
27.6776470588235
29.2525490196078
23.2196078431373
29.5207843137255
33.716862745098
25.921568627451
27.4643137254902
27.603137254902
30.5019607843137
24.0039215686275
34.1090196078431
33.7509803921569
32.2
32.3529411764706
35.6078431372549
37.2196078431372
34.6494117647059
29.5952941176471
28.5098039215686
25.983137254902
30.6360784313725
31.7647058823529
32.9411764705882
32.4313725490196
33.0235294117647
33.1764705882353
33.5333333333333
34.043137254902
31.5725490196078
32.9364705882353
33.3333333333333
33.6470588235294
33.2549019607843
32.3333333333333
32.5443137254902
32.7450980392157
32.6666666666667
30.4705882352941
28.1176470588235
33.2854901960784
30
24.4945098039216
27.3678431372549
30.5921568627451
32.356862745098
35.3647058823529
31.7294117647059
33.0501960784314
27.4337254901961
30.0392156862745
31.3372549019608
34.6274509803922
36.3882352941176
23.9027450980392
32.3843137254902
30.4090196078431
26.4619607843137
27.1921568627451
32.4780392156863
33.4117647058823
24.278431372549
28.6274509803922
28.5403921568627
32.6054901960784
33.6117647058824
24.3960784313725
26.1101960784314
28.8666666666667
29.6070588235294
30.1796078431373
