0.556392156862745
0.556862745098039
0.564705882352941
0.564705882352941
0.572549019607843
0.572549019607843
0.580392156862745
0.584313725490196
0.592156862745098
0.596078431372549
0.603921568627451
0.603921568627451
0.607843137254902
0.615686274509804
0.619607843137255
0.619607843137255
0.627450980392157
0.627450980392157
0.635294117647059
0.643137254901961
0.647058823529412
0.650980392156863
0.654901960784314
0.658823529411765
0.658823529411765
0.666666666666667
0.670588235294118
0.674509803921569
0.67843137254902
0.682352941176471
0.690196078431373
0.698039215686274
0.701960784313725
0.701960784313725
0.713725490196078
0.717176470588235
0.72156862745098
0.728823529411765
0.729411764705882
0.737254901960784
0.737254901960784
0.745098039215686
0.752941176470588
0.752941176470588
0.756862745098039
0.76078431372549
0.764705882352941
0.748549019607843
0.552941176470588
0.552941176470588
0.564705882352941
0.568627450980392
0.572549019607843
0.576470588235294
0.580392156862745
0.588235294117647
0.592156862745098
0.596078431372549
0.6
0.603921568627451
0.611764705882353
0.615686274509804
0.580392156862745
0.603137254901961
0.627450980392157
0.631372549019608
0.626470588235294
0.643137254901961
0.647058823529412
0.650980392156863
0.654901960784314
0.658823529411765
0.662745098039216
0.670588235294118
0.674509803921569
0.67843137254902
0.682352941176471
0.686274509803922
0.694117647058824
0.698039215686274
0.698039215686274
0.705882352941177
0.713725490196078
0.713725490196078
0.72156862745098
0.725490196078431
0.729411764705882
0.733333333333333
0.741176470588235
0.745098039215686
0.745098039215686
0.752941176470588
0.756862745098039
0.760313725490196
0.764705882352941
0.768627450980392
0.549019607843137
0.556862745098039
0.56078431372549
0.564705882352941
0.564705882352941
0.572549019607843
0.576470588235294
0.584313725490196
0.568627450980392
0.596078431372549
0.599529411764706
0.6
0.607843137254902
0.611764705882353
0.611764705882353
0.615686274509804
0.627450980392157
0.627450980392157
0.631372549019608
0.635294117647059
0.63921568627451
0.643137254901961
0.647058823529412
0.654901960784314
0.654901960784314
0.658823529411765
0.666666666666667
0.666666666666667
0.674509803921569
0.67843137254902
0.686274509803922
0.690196078431373
0.694117647058824
0.694117647058824
0.701960784313725
0.709803921568627
0.717058823529412
0.72156862745098
0.725490196078431
0.725490196078431
0.729411764705882
0.737254901960784
0.737254901960784
0.745098039215686
0.749019607843137
0.752941176470588
0.756862745098039
0.76078431372549
0.541176470588235
0.545098039215686
0.549019607843137
0.556862745098039
0.56078431372549
0.568156862745098
0.568627450980392
0.576470588235294
0.580392156862745
0.588235294117647
0.588235294117647
0.596078431372549
0.6
0.603921568627451
0.607843137254902
0.611764705882353
0.615686274509804
0.623529411764706
0.627450980392157
0.631372549019608
0.635294117647059
0.635294117647059
0.643137254901961
0.647058823529412
0.650980392156863
0.654901960784314
0.662745098039216
0.662745098039216
0.666666666666667
0.67843137254902
0.67843137254902
0.682352941176471
0.686274509803922
0.690196078431373
0.694117647058824
0.701960784313725
0.705882352941177
0.709803921568627
0.713725490196078
0.72156862745098
0.729411764705882
0.729411764705882
0.737254901960784
0.737254901960784
0.741176470588235
0.745098039215686
0.749019607843137
0.752941176470588
0.529411764705882
0.537254901960784
0.549019607843137
0.545098039215686
0.549019607843137
0.556862745098039
0.564705882352941
0.568627450980392
0.572549019607843
0.580392156862745
0.580392156862745
0.584313725490196
0.588235294117647
0.596078431372549
0.6
0.603921568627451
0.611294117647059
0.615686274509804
0.623529411764706
0.623529411764706
0.627450980392157
0.635294117647059
0.643137254901961
0.647058823529412
0.647058823529412
0.654901960784314
0.654901960784314
0.658823529411765
0.662745098039216
0.670588235294118
0.674509803921569
0.682352941176471
0.67843137254902
0.682352941176471
0.690196078431373
0.698039215686274
0.701960784313725
0.705882352941177
0.713725490196078
0.713725490196078
0.720980392156863
0.725490196078431
0.729411764705882
0.733333333333333
0.737254901960784
0.741176470588235
0.745098039215686
0.748549019607843
0.517647058823529
0.52156862745098
0.525490196078431
0.532745098039216
0.53678431372549
0.541176470588235
0.545098039215686
0.556862745098039
0.564705882352941
0.568627450980392
0.572549019607843
0.576470588235294
0.576470588235294
0.584313725490196
0.588235294117647
0.596078431372549
0.510901960784314
0.611764705882353
0.615686274509804
0.615686274509804
0.619607843137255
0.627450980392157
0.631372549019608
0.63921568627451
0.63921568627451
0.643137254901961
0.647058823529412
0.650980392156863
0.658823529411765
0.666666666666667
0.674509803921569
0.670588235294118
0.67843137254902
0.682352941176471
0.686274509803922
0.690196078431373
0.698039215686274
0.701490196078431
0.705411764705882
0.709803921568627
0.717176470588235
0.72156862745098
0.725490196078431
0.729411764705882
0.733333333333333
0.737254901960784
0.745098039215686
0.745098039215686
0.505882352941176
0.52156862745098
0.517647058823529
0.52156862745098
0.525490196078431
0.533333333333333
0.541176470588235
0.54843137254902
0.556862745098039
0.56078431372549
0.564705882352941
0.564705882352941
0.564705882352941
0.572549019607843
0.580392156862745
0.592156862745098
0.596078431372549
0.603921568627451
0.607843137254902
0.611764705882353
0.615686274509804
0.619607843137255
0.623529411764706
0.631372549019608
0.635294117647059
0.63921568627451
0.646470588235294
0.647058823529412
0.650980392156863
0.658823529411765
0.666666666666667
0.670588235294118
0.677960784313726
0.67843137254902
0.682352941176471
0.686274509803922
0.694117647058824
0.698039215686274
0.701960784313725
0.701960784313725
0.709803921568627
0.713725490196078
0.717647058823529
0.725490196078431
0.729411764705882
0.732862745098039
0.737254901960784
0.745098039215686
0.490196078431373
0.498039215686275
0.505411764705882
0.509803921568627
0.517647058823529
0.52156862745098
0.529411764705882
0.537254901960784
0.545098039215686
0.552941176470588
0.556862745098039
0.512
0.556862745098039
0.568627450980392
0.572549019607843
0.584313725490196
0.588235294117647
0.596078431372549
0.6
0.607843137254902
0.611764705882353
0.619607843137255
0.623529411764706
0.627450980392157
0.631372549019608
0.63921568627451
0.643137254901961
0.647058823529412
0.654901960784314
0.662156862745098
0.662745098039216
0.666666666666667
0.666666666666667
0.674039215686275
0.67843137254902
0.682352941176471
0.690196078431373
0.694117647058824
0.701960784313725
0.705882352941177
0.709803921568627
0.713725490196078
0.717647058823529
0.72156862745098
0.725490196078431
0.729411764705882
0.737254901960784
0.741176470588235
0.482352941176471
0.490196078431373
0.494117647058824
0.463529411764706
0.505882352941176
0.513725490196078
0.52156862745098
0.525490196078431
0.537254901960784
0.541176470588235
0.545098039215686
0.545098039215686
0.549019607843137
0.564705882352941
0.568627450980392
0.572549019607843
0.576470588235294
0.584313725490196
0.592156862745098
0.6
0.6
0.611764705882353
0.615686274509804
0.623529411764706
0.627450980392157
0.631372549019608
0.63921568627451
0.63921568627451
0.650980392156863
0.654901960784314
0.582156862745098
0.666666666666667
0.670588235294118
0.674509803921569
0.67843137254902
0.685686274509804
0.690196078431373
0.694117647058824
0.698039215686274
0.701960784313725
0.709803921568627
0.713725490196078
0.717647058823529
0.72156862745098
0.725490196078431
0.729411764705882
0.737254901960784
0.741176470588235
0.470588235294118
0.482352941176471
0.482352941176471
0.490196078431373
0.494117647058824
0.501960784313725
0.509333333333333
0.517647058823529
0.528823529411765
0.529411764705882
0.537254901960784
0.541176470588235
0.541176470588235
0.552470588235294
0.556862745098039
0.568627450980392
0.576470588235294
0.576470588235294
0.584313725490196
0.592156862745098
0.596078431372549
0.603921568627451
0.607843137254902
0.615686274509804
0.623529411764706
0.631372549019608
0.635294117647059
0.63921568627451
0.647058823529412
0.650980392156863
0.654901960784314
0.662745098039216
0.666666666666667
0.666666666666667
0.67843137254902
0.686274509803922
0.682352941176471
0.694117647058824
0.698039215686274
0.690196078431373
0.709803921568627
0.713725490196078
0.717647058823529
0.717647058823529
0.725490196078431
0.725490196078431
0.733333333333333
0.737254901960784
0.462745098039216
0.466666666666667
0.474509803921569
0.482352941176471
0.486274509803922
0.494117647058824
0.501960784313725
0.509803921568627
0.513725490196078
0.52156862745098
0.525490196078431
0.533333333333333
0.537254901960784
0.545098039215686
0.549019607843137
0.560313725490196
0.564705882352941
0.576470588235294
0.580392156862745
0.588235294117647
0.592156862745098
0.6
0.607843137254902
0.611764705882353
0.615686274509804
0.619607843137255
0.627450980392157
0.634705882352941
0.643137254901961
0.647058823529412
0.654313725490196
0.658823529411765
0.654901960784314
0.666196078431373
0.674509803921569
0.682352941176471
0.686274509803922
0.690196078431373
0.694117647058824
0.698039215686274
0.705882352941177
0.709803921568627
0.713725490196078
0.717647058823529
0.725490196078431
0.725490196078431
0.729411764705882
0.737254901960784
0.454901960784314
0.462745098039216
0.466666666666667
0.474509803921569
0.47843137254902
0.486274509803922
0.494117647058824
0.501960784313725
0.501960784313725
0.517647058823529
0.513725490196078
0.52156862745098
0.529411764705882
0.537254901960784
0.537254901960784
0.549019607843137
0.556862745098039
0.568627450980392
0.568627450980392
0.576470588235294
0.580392156862745
0.592156862745098
0.6
0.603921568627451
0.611294117647059
0.615686274509804
0.619607843137255
0.627450980392157
0.635294117647059
0.642549019607843
0.647058823529412
0.654901960784314
0.658823529411765
0.666666666666667
0.670588235294118
0.67843137254902
0.682352941176471
0.689607843137255
0.697450980392157
0.701490196078431
0.705882352941177
0.709803921568627
0.709803921568627
0.717647058823529
0.725490196078431
0.725490196078431
0.729411764705882
0.729411764705882
0.447058823529412
0.454901960784314
0.458823529411765
0.462745098039216
0.470588235294118
0.474509803921569
0.482352941176471
0.474509803921569
0.498039215686275
0.505294117647059
0.509803921568627
0.517647058823529
0.525490196078431
0.532745098039216
0.541176470588235
0.544627450980392
0.549019607843137
0.56078431372549
0.544156862745098
0.568627450980392
0.576470588235294
0.584313725490196
0.592156862745098
0.596078431372549
0.6
0.603921568627451
0.615686274509804
0.619607843137255
0.627450980392157
0.63921568627451
0.647058823529412
0.643137254901961
0.650980392156863
0.654901960784314
0.662745098039216
0.67
0.677960784313726
0.682352941176471
0.690196078431373
0.694117647058824
0.698039215686274
0.701960784313725
0.709803921568627
0.709803921568627
0.713725490196078
0.72156862745098
0.729411764705882
0.733333333333333
0.43921568627451
0.447058823529412
0.458352941176471
0.462745098039216
0.462745098039216
0.470588235294118
0.47843137254902
0.486274509803922
0.494117647058824
0.494117647058824
0.501960784313725
0.509803921568627
0.509803921568627
0.52156862745098
0.52156862745098
0.533333333333333
0.541176470588235
0.552941176470588
0.556862745098039
0.564705882352941
0.572549019607843
0.580392156862745
0.588235294117647
0.588235294117647
0.592156862745098
0.6
0.615098039215686
0.615686274509804
0.623058823529412
0.631372549019608
0.63921568627451
0.63921568627451
0.647058823529412
0.650980392156863
0.658823529411765
0.666666666666667
0.670588235294118
0.67843137254902
0.685686274509804
0.690196078431373
0.693529411764706
0.698039215686274
0.705882352941177
0.713725490196078
0.717176470588235
0.717647058823529
0.717647058823529
0.725490196078431
0.431372549019608
0.43921568627451
0.443137254901961
0.450980392156863
0.454901960784314
0.462745098039216
0.474509803921569
0.474509803921569
0.482352941176471
0.490196078431373
0.498039215686275
0.501960784313725
0.505882352941176
0.513725490196078
0.513725490196078
0.529411764705882
0.529411764705882
0.537254901960784
0.545098039215686
0.556862745098039
0.56078431372549
0.568627450980392
0.572549019607843
0.580392156862745
0.584313725490196
0.588235294117647
0.6
0.607843137254902
0.607843137254902
0.615686274509804
0.635294117647059
0.631372549019608
0.638274509803922
0.63921568627451
0.650980392156863
0.658823529411765
0.662745098039216
0.670588235294118
0.674509803921569
0.686274509803922
0.686274509803922
0.694117647058824
0.701960784313725
0.705882352941177
0.709803921568627
0.709803921568627
0.717058823529412
0.72156862745098
0.430901960784314
0.43921568627451
0.443137254901961
0.447058823529412
0.447058823529412
0.454901960784314
0.466666666666667
0.470588235294118
0.474509803921569
0.486274509803922
0.490196078431373
0.498039215686275
0.477019607843137
0.509803921568627
0.505882352941176
0.517647058823529
0.52156862745098
0.533333333333333
0.537254901960784
0.545098039215686
0.549019607843137
0.560313725490196
0.568627450980392
0.568627450980392
0.576470588235294
0.580392156862745
0.592156862745098
0.6
0.603921568627451
0.611764705882353
0.615686274509804
0.622941176470588
0.505882352941176
0.635294117647059
0.63921568627451
0.647058823529412
0.654901960784314
0.662156862745098
0.666078431372549
0.670588235294118
0.674509803921569
0.67843137254902
0.689725490196078
0.694117647058824
0.698039215686274
0.701960784313725
0.705882352941177
0.709803921568627
0.427450980392157
0.435294117647059
0.43921568627451
0.443137254901961
0.450509803921569
0.454901960784314
0.462745098039216
0.466666666666667
0.474509803921569
0.45078431372549
0.482352941176471
0.490196078431373
0.498039215686275
0.498039215686275
0.501960784313725
0.513725490196078
0.513725490196078
0.525490196078431
0.533333333333333
0.537254901960784
0.540705882352941
0.549019607843137
0.556862745098039
0.564117647058824
0.568627450980392
0.572549019607843
0.580392156862745
0.584313725490196
0.596078431372549
0.6
0.611764705882353
0.615686274509804
0.619607843137255
0.623529411764706
0.635294117647059
0.63921568627451
0.647058823529412
0.650980392156863
0.654901960784314
0.662745098039216
0.666666666666667
0.670588235294118
0.686274509803922
0.686274509803922
0.690196078431373
0.690196078431373
0.698039215686274
0.701960784313725
0.423529411764706
0.427450980392157
0.431372549019608
0.43921568627451
0.443137254901961
0.447058823529412
0.458823529411765
0.462745098039216
0.47
0.47843137254902
0.47843137254902
0.486274509803922
0.493647058823529
0.498039215686275
0.498039215686275
0.509803921568627
0.513725490196078
0.517647058823529
0.529411764705882
0.532862745098039
0.537254901960784
0.545098039215686
0.549019607843137
0.56078431372549
0.56078431372549
0.568627450980392
0.580392156862745
0.580392156862745
0.588235294117647
0.599411764705882
0.603921568627451
0.603921568627451
0.611764705882353
0.615686274509804
0.627450980392157
0.63078431372549
0.635294117647059
0.643137254901961
0.647058823529412
0.654901960784314
0.662745098039216
0.662745098039216
0.670588235294118
0.674509803921569
0.682352941176471
0.682352941176471
0.686274509803922
0.689607843137255
0.419607843137255
0.423529411764706
0.431372549019608
0.43921568627451
0.43921568627451
0.447058823529412
0.454901960784314
0.462745098039216
0.466666666666667
0.470588235294118
0.47843137254902
0.482352941176471
0.486274509803922
0.494117647058824
0.494117647058824
0.501960784313725
0.505882352941176
0.517647058823529
0.525490196078431
0.529411764705882
0.533333333333333
0.541176470588235
0.545098039215686
0.552470588235294
0.56078431372549
0.564705882352941
0.572549019607843
0.572549019607843
0.580392156862745
0.588235294117647
0.592156862745098
0.603921568627451
0.603921568627451
0.611764705882353
0.619607843137255
0.619607843137255
0.627450980392157
0.63921568627451
0.643137254901961
0.647058823529412
0.650980392156863
0.658823529411765
0.662745098039216
0.666666666666667
0.670588235294118
0.674509803921569
0.682352941176471
0.686274509803922
0.419019607843137
0.427450980392157
0.427450980392157
0.435294117647059
0.43921568627451
0.443137254901961
0.450980392156863
0.458823529411765
0.462745098039216
0.466666666666667
0.470588235294118
0.47843137254902
0.486274509803922
0.490196078431373
0.494117647058824
0.501960784313725
0.505882352941176
0.513725490196078
0.521098039215686
0.52156862745098
0.529411764705882
0.537254901960784
0.545098039215686
0.552941176470588
0.556274509803922
0.56078431372549
0.568627450980392
0.572549019607843
0.576470588235294
0.588235294117647
0.592156862745098
0.596078431372549
0.603921568627451
0.607372549019608
0.611764705882353
0.619607843137255
0.619607843137255
0.631372549019608
0.63921568627451
0.643137254901961
0.647058823529412
0.654901960784314
0.662745098039216
0.662745098039216
0.666666666666667
0.670588235294118
0.67843137254902
0.682352941176471
0.411764705882353
0.423529411764706
0.427450980392157
0.431372549019608
0.43921568627451
0.447058823529412
0.454901960784314
0.458823529411765
0.462745098039216
0.466666666666667
0.474509803921569
0.47843137254902
0.482352941176471
0.490196078431373
0.490196078431373
0.501960784313725
0.501960784313725
0.513725490196078
0.517647058823529
0.52156862745098
0.525490196078431
0.533333333333333
0.537254901960784
0.545098039215686
0.552470588235294
0.556862745098039
0.564705882352941
0.509803921568627
0.572549019607843
0.580392156862745
0.584313725490196
0.592156862745098
0.6
0.603921568627451
0.607843137254902
0.615686274509804
0.622941176470588
0.626862745098039
0.635294117647059
0.63921568627451
0.646470588235294
0.647058823529412
0.658823529411765
0.658823529411765
0.662745098039216
0.666666666666667
0.674509803921569
0.67843137254902
0.415098039215686
0.415686274509804
0.427450980392157
0.431372549019608
0.435294117647059
0.43921568627451
0.458823529411765
0.458823529411765
0.462745098039216
0.466666666666667
0.470588235294118
0.482352941176471
0.482352941176471
0.482352941176471
0.490196078431373
0.498039215686275
0.494117647058824
0.505882352941176
0.513725490196078
0.52156862745098
0.517647058823529
0.529411764705882
0.537254901960784
0.545098039215686
0.552941176470588
0.552941176470588
0.552941176470588
0.564705882352941
0.572549019607843
0.576470588235294
0.580392156862745
0.588235294117647
0.592156862745098
0.6
0.607843137254902
0.615686274509804
0.622941176470588
0.623529411764706
0.631372549019608
0.635294117647059
0.63921568627451
0.647058823529412
0.654901960784314
0.658823529411765
0.662745098039216
0.662745098039216
0.674509803921569
0.67843137254902
