0.474509803921569
0.474509803921569
0.482352941176471
0.486274509803922
0.481647058823529
0.493411764705882
0.497450980392157
0.505882352941176
0.505882352941176
0.513725490196078
0.517647058823529
0.52156862745098
0.525490196078431
0.525490196078431
0.537254901960784
0.490196078431373
0.541176470588235
0.541176470588235
0.549019607843137
0.56078431372549
0.556862745098039
0.56078431372549
0.564705882352941
0.564705882352941
0.572549019607843
0.576470588235294
0.584313725490196
0.580392156862745
0.588235294117647
0.6
0.603921568627451
0.607843137254902
0.607843137254902
0.615686274509804
0.623529411764706
0.627450980392157
0.635294117647059
0.635294117647059
0.63921568627451
0.643137254901961
0.647058823529412
0.650980392156863
0.662039215686275
0.658823529411765
0.666666666666667
0.666078431372549
0.666666666666667
0.674509803921569
0.458823529411765
0.470588235294118
0.474509803921569
0.47843137254902
0.482352941176471
0.490196078431373
0.490196078431373
0.431372549019608
0.501960784313725
0.505882352941176
0.509803921568627
0.513725490196078
0.517647058823529
0.52156862745098
0.517333333333333
0.525490196078431
0.529411764705882
0.537254901960784
0.545098039215686
0.541176470588235
0.549019607843137
0.552941176470588
0.56078431372549
0.564705882352941
0.568627450980392
0.568627450980392
0.576470588235294
0.580392156862745
0.481176470588235
0.588235294117647
0.595372549019608
0.595529411764706
0.596078431372549
0.607843137254902
0.607843137254902
0.615686274509804
0.619607843137255
0.623529411764706
0.627450980392157
0.627450980392157
0.63921568627451
0.63921568627451
0.643137254901961
0.647058823529412
0.650980392156863
0.650980392156863
0.658823529411765
0.662745098039216
0.447058823529412
0.454901960784314
0.462745098039216
0.466666666666667
0.466666666666667
0.470588235294118
0.47843137254902
0.482352941176471
0.490196078431373
0.490196078431373
0.494117647058824
0.498039215686275
0.505882352941176
0.505882352941176
0.509803921568627
0.513019607843137
0.517647058823529
0.52156862745098
0.525490196078431
0.529411764705882
0.536549019607843
0.537254901960784
0.545098039215686
0.545098039215686
0.549019607843137
0.552941176470588
0.56078431372549
0.556862745098039
0.564705882352941
0.568627450980392
0.576470588235294
0.580392156862745
0.580392156862745
0.584313725490196
0.592156862745098
0.596078431372549
0.603921568627451
0.607843137254902
0.611764705882353
0.611764705882353
0.619607843137255
0.623529411764706
0.623529411764706
0.630666666666667
0.631372549019608
0.63921568627451
0.643137254901961
0.647058823529412
0.431372549019608
0.43921568627451
0.443137254901961
0.450980392156863
0.454901960784314
0.458823529411765
0.466666666666667
0.466666666666667
0.474509803921569
0.474509803921569
0.474509803921569
0.486274509803922
0.486274509803922
0.490196078431373
0.494117647058824
0.498039215686275
0.501960784313725
0.505882352941176
0.509803921568627
0.513725490196078
0.517647058823529
0.52156862745098
0.529411764705882
0.533333333333333
0.537254901960784
0.537254901960784
0.545098039215686
0.549019607843137
0.549019607843137
0.56078431372549
0.564705882352941
0.564705882352941
0.568627450980392
0.568627450980392
0.572549019607843
0.580392156862745
0.588235294117647
0.592156862745098
0.596078431372549
0.596078431372549
0.603921568627451
0.603921568627451
0.603921568627451
0.611764705882353
0.611764705882353
0.623529411764706
0.627450980392157
0.627450980392157
0.411764705882353
0.419607843137255
0.423529411764706
0.427450980392157
0.431372549019608
0.43921568627451
0.443137254901961
0.450980392156863
0.454901960784314
0.458823529411765
0.462745098039216
0.466666666666667
0.466666666666667
0.474509803921569
0.47843137254902
0.486274509803922
0.490196078431373
0.494117647058824
0.505882352941176
0.501960784313725
0.505882352941176
0.513725490196078
0.52156862745098
0.52156862745098
0.525490196078431
0.525490196078431
0.529411764705882
0.536549019607843
0.537254901960784
0.549019607843137
0.552941176470588
0.556862745098039
0.552941176470588
0.556862745098039
0.564705882352941
0.568627450980392
0.576470588235294
0.580392156862745
0.584313725490196
0.584313725490196
0.596078431372549
0.596078431372549
0.6
0.6
0.607843137254902
0.611764705882353
0.615686274509804
0.619607843137255
0.388235294117647
0.396078431372549
0.4
0.407843137254902
0.407843137254902
0.415686274509804
0.427450980392157
0.431372549019608
0.43921568627451
0.443137254901961
0.447058823529412
0.447058823529412
0.447058823529412
0.454901960784314
0.458823529411765
0.470588235294118
0.477725490196078
0.486274509803922
0.486274509803922
0.490196078431373
0.490196078431373
0.498039215686275
0.505882352941176
0.505882352941176
0.509803921568627
0.513725490196078
0.517647058823529
0.52156862745098
0.528823529411765
0.533333333333333
0.537254901960784
0.545098039215686
0.545098039215686
0.552235294117647
0.552941176470588
0.56078431372549
0.564705882352941
0.568627450980392
0.572549019607843
0.576470588235294
0.584313725490196
0.584313725490196
0.588235294117647
0.592156862745098
0.6
0.60321568627451
0.607843137254902
0.607843137254902
0.368627450980392
0.396078431372549
0.380392156862745
0.392156862745098
0.392156862745098
0.4
0.407843137254902
0.411764705882353
0.423529411764706
0.427450980392157
0.431372549019608
0.427450980392157
0.427450980392157
0.43921568627451
0.443137254901961
0.458117647058824
0.458823529411765
0.470588235294118
0.474509803921569
0.47843137254902
0.482352941176471
0.486274509803922
0.490196078431373
0.494117647058824
0.501960784313725
0.501960784313725
0.501960784313725
0.509803921568627
0.513725490196078
0.52156862745098
0.525490196078431
0.529411764705882
0.532627450980392
0.541176470588235
0.545098039215686
0.549019607843137
0.556862745098039
0.564705882352941
0.564705882352941
0.564705882352941
0.572549019607843
0.576470588235294
0.580392156862745
0.580392156862745
0.588235294117647
0.592156862745098
0.596078431372549
0.603921568627451
0.349019607843137
0.356862745098039
0.36078431372549
0.371960784313726
0.372549019607843
0.384313725490196
0.388235294117647
0.391450980392157
0.403921568627451
0.411764705882353
0.415686274509804
0.407843137254902
0.411764705882353
0.423529411764706
0.427450980392157
0.443137254901961
0.446352941176471
0.454901960784314
0.462745098039216
0.466666666666667
0.474509803921569
0.47843137254902
0.482352941176471
0.486274509803922
0.490196078431373
0.490196078431373
0.498039215686275
0.501960784313725
0.509803921568627
0.517647058823529
0.52156862745098
0.525490196078431
0.525490196078431
0.532627450980392
0.537254901960784
0.545098039215686
0.505882352941176
0.552235294117647
0.556862745098039
0.56078431372549
0.56078431372549
0.568627450980392
0.572549019607843
0.572549019607843
0.580392156862745
0.584313725490196
0.588235294117647
0.596078431372549
0.325490196078431
0.337254901960784
0.341176470588235
0.349019607843137
0.352941176470588
0.36078431372549
0.372549019607843
0.380392156862745
0.384313725490196
0.396078431372549
0.392156862745098
0.390745098039216
0.396078431372549
0.419607843137255
0.419607843137255
0.427450980392157
0.427450980392157
0.447058823529412
0.450980392156863
0.454196078431373
0.458823529411765
0.462039215686274
0.466666666666667
0.47843137254902
0.47843137254902
0.482352941176471
0.494117647058824
0.490196078431373
0.501254901960784
0.505882352941176
0.465254901960784
0.517647058823529
0.517647058823529
0.529411764705882
0.529411764705882
0.537254901960784
0.541176470588235
0.541176470588235
0.549019607843137
0.556862745098039
0.556862745098039
0.56078431372549
0.564705882352941
0.572549019607843
0.576470588235294
0.580392156862745
0.580392156862745
0.587529411764706
0.309803921568627
0.333333333333333
0.325490196078431
0.329411764705882
0.333333333333333
0.341176470588235
0.349019607843137
0.356862745098039
0.368627450980392
0.372549019607843
0.36078431372549
0.380392156862745
0.380392156862745
0.392156862745098
0.396078431372549
0.407843137254902
0.419607843137255
0.426745098039216
0.427450980392157
0.435294117647059
0.43921568627451
0.447058823529412
0.450980392156863
0.462745098039216
0.470588235294118
0.474509803921569
0.482352941176471
0.486274509803922
0.490196078431373
0.497333333333333
0.498039215686275
0.505882352941176
0.509803921568627
0.513725490196078
0.525490196078431
0.529411764705882
0.529411764705882
0.537254901960784
0.541176470588235
0.549019607843137
0.552941176470588
0.560078431372549
0.564
0.560078431372549
0.545098039215686
0.568627450980392
0.580392156862745
0.584313725490196
0.294117647058824
0.301960784313725
0.305882352941176
0.313725490196078
0.317647058823529
0.325490196078431
0.333333333333333
0.337254901960784
0.349019607843137
0.356862745098039
0.36078431372549
0.368627450980392
0.368627450980392
0.392156862745098
0.391450980392157
0.392156862745098
0.4
0.411764705882353
0.419019607843137
0.422823529411765
0.427450980392157
0.435294117647059
0.447058823529412
0.450980392156863
0.458823529411765
0.462745098039216
0.470588235294118
0.474509803921569
0.481647058823529
0.490196078431373
0.494117647058824
0.498039215686275
0.466666666666667
0.505882352941176
0.513725490196078
0.52156862745098
0.525490196078431
0.533333333333333
0.537254901960784
0.541176470588235
0.549019607843137
0.552941176470588
0.556862745098039
0.56078431372549
0.549019607843137
0.568627450980392
0.572549019607843
0.576470588235294
0.274509803921569
0.286274509803922
0.290196078431373
0.298039215686275
0.305882352941176
0.309803921568627
0.317647058823529
0.325490196078431
0.329411764705882
0.341176470588235
0.345098039215686
0.352941176470588
0.356862745098039
0.364705882352941
0.368627450980392
0.380392156862745
0.392156862745098
0.4
0.4
0.407843137254902
0.411058823529412
0.423529411764706
0.431372549019608
0.435294117647059
0.43921568627451
0.450980392156863
0.454901960784314
0.458823529411765
0.466666666666667
0.470588235294118
0.486274509803922
0.490196078431373
0.494117647058824
0.501960784313725
0.509803921568627
0.517647058823529
0.52156862745098
0.525490196078431
0.529411764705882
0.533333333333333
0.545098039215686
0.549019607843137
0.552941176470588
0.552941176470588
0.56078431372549
0.564705882352941
0.568627450980392
0.572549019607843
0.262745098039216
0.270588235294118
0.277725490196078
0.282352941176471
0.290196078431373
0.294117647058824
0.301960784313725
0.309803921568627
0.317647058823529
0.325490196078431
0.329411764705882
0.333333333333333
0.345098039215686
0.349019607843137
0.359372549019608
0.36078431372549
0.372549019607843
0.380392156862745
0.384313725490196
0.392156862745098
0.396078431372549
0.407137254901961
0.411764705882353
0.423529411764706
0.427450980392157
0.43921568627451
0.443137254901961
0.447058823529412
0.454901960784314
0.462745098039216
0.470588235294118
0.47843137254902
0.482352941176471
0.486274509803922
0.494117647058824
0.505882352941176
0.509803921568627
0.513725490196078
0.52156862745098
0.52156862745098
0.529411764705882
0.536549019607843
0.544392156862745
0.545098039215686
0.549019607843137
0.549019607843137
0.556862745098039
0.564705882352941
0.247058823529412
0.258117647058824
0.262745098039216
0.270588235294118
0.274509803921569
0.28556862745098
0.290196078431373
0.301960784313725
0.305882352941176
0.309803921568627
0.313725490196078
0.325490196078431
0.325490196078431
0.333333333333333
0.341176470588235
0.345098039215686
0.352941176470588
0.372549019607843
0.372549019607843
0.380392156862745
0.384313725490196
0.396078431372549
0.4
0.392156862745098
0.415686274509804
0.419607843137255
0.431372549019608
0.435294117647059
0.443137254901961
0.447058823529412
0.462745098039216
0.466666666666667
0.466666666666667
0.474509803921569
0.482352941176471
0.493411764705882
0.498039215686275
0.505882352941176
0.513725490196078
0.513725490196078
0.52156862745098
0.525490196078431
0.533333333333333
0.537254901960784
0.541176470588235
0.545098039215686
0.549019607843137
0.552941176470588
0.238509803921569
0.243137254901961
0.250980392156863
0.258823529411765
0.262745098039216
0.266666666666667
0.27843137254902
0.286274509803922
0.290196078431373
0.294117647058824
0.305882352941176
0.309803921568627
0.313725490196078
0.32156862745098
0.32156862745098
0.337254901960784
0.345098039215686
0.349019607843137
0.352941176470588
0.368627450980392
0.372549019607843
0.380392156862745
0.388235294117647
0.396078431372549
0.4
0.403921568627451
0.411764705882353
0.411764705882353
0.423529411764706
0.431372549019608
0.43921568627451
0.437490196078431
0.450980392156863
0.458823529411765
0.466666666666667
0.47843137254902
0.486274509803922
0.494117647058824
0.498039215686275
0.501960784313725
0.509803921568627
0.513725490196078
0.52156862745098
0.525490196078431
0.529411764705882
0.533333333333333
0.533333333333333
0.541176470588235
0.231372549019608
0.23921568627451
0.250980392156863
0.250980392156863
0.254901960784314
0.258823529411765
0.262745098039216
0.274509803921569
0.27843137254902
0.286274509803922
0.294117647058824
0.301960784313725
0.305882352941176
0.309803921568627
0.317647058823529
0.32156862745098
0.333333333333333
0.337254901960784
0.341176470588235
0.349019607843137
0.352941176470588
0.368627450980392
0.290823529411765
0.380392156862745
0.384313725490196
0.388235294117647
0.4
0.403921568627451
0.411764705882353
0.415686274509804
0.423529411764706
0.431372549019608
0.43921568627451
0.43921568627451
0.450980392156863
0.462745098039216
0.466666666666667
0.474509803921569
0.47843137254902
0.486274509803922
0.490196078431373
0.494117647058824
0.501254901960784
0.505176470588235
0.513725490196078
0.517647058823529
0.517647058823529
0.525490196078431
0.223529411764706
0.231372549019608
0.23921568627451
0.243137254901961
0.250274509803922
0.254901960784314
0.262745098039216
0.270588235294118
0.27843137254902
0.27843137254902
0.282352941176471
0.294117647058824
0.294117647058824
0.298039215686275
0.305176470588235
0.313725490196078
0.32156862745098
0.328705882352941
0.333333333333333
0.341176470588235
0.341176470588235
0.356156862745098
0.36078431372549
0.368627450980392
0.372549019607843
0.379686274509804
0.387529411764706
0.392156862745098
0.4
0.407843137254902
0.419607843137255
0.423529411764706
0.427450980392157
0.431372549019608
0.43921568627451
0.447058823529412
0.450980392156863
0.458823529411765
0.462745098039216
0.474509803921569
0.47843137254902
0.482352941176471
0.494117647058824
0.494117647058824
0.498039215686275
0.501960784313725
0.505882352941176
0.505882352941176
0.214980392156863
0.219607843137255
0.227450980392157
0.235294117647059
0.23921568627451
0.246352941176471
0.250980392156863
0.254901960784314
0.266666666666667
0.270588235294118
0.274509803921569
0.286274509803922
0.286274509803922
0.294117647058824
0.294117647058824
0.286274509803922
0.309803921568627
0.317647058823529
0.32156862745098
0.329411764705882
0.333333333333333
0.341176470588235
0.349019607843137
0.356862745098039
0.364
0.368627450980392
0.372549019607843
0.380392156862745
0.384313725490196
0.392156862745098
0.403921568627451
0.407843137254902
0.411764705882353
0.411764705882353
0.427450980392157
0.435294117647059
0.443137254901961
0.443137254901961
0.450980392156863
0.458823529411765
0.466666666666667
0.470588235294118
0.474509803921569
0.474509803921569
0.486274509803922
0.490196078431373
0.490196078431373
0.494117647058824
0.211764705882353
0.219607843137255
0.227450980392157
0.231372549019608
0.235294117647059
0.23921568627451
0.247058823529412
0.254901960784314
0.258823529411765
0.262745098039216
0.274509803921569
0.274509803921569
0.282352941176471
0.286274509803922
0.290196078431373
0.298039215686275
0.301960784313725
0.313725490196078
0.317647058823529
0.32478431372549
0.325490196078431
0.333333333333333
0.337254901960784
0.345098039215686
0.352941176470588
0.36078431372549
0.368627450980392
0.372549019607843
0.380392156862745
0.384313725490196
0.396078431372549
0.4
0.403921568627451
0.407843137254902
0.415686274509804
0.423529411764706
0.427450980392157
0.431372549019608
0.443137254901961
0.43921568627451
0.450980392156863
0.458823529411765
0.462745098039216
0.466666666666667
0.470588235294118
0.473803921568627
0.482352941176471
0.490196078431373
0.211764705882353
0.218901960784314
0.227450980392157
0.231372549019608
0.231372549019608
0.235294117647059
0.243137254901961
0.250980392156863
0.250980392156863
0.258823529411765
0.258823529411765
0.270588235294118
0.27843137254902
0.16078431372549
0.286274509803922
0.294117647058824
0.301254901960784
0.309803921568627
0.309803921568627
0.317647058823529
0.32156862745098
0.333333333333333
0.337254901960784
0.345098039215686
0.348313725490196
0.352941176470588
0.36078431372549
0.368627450980392
0.368627450980392
0.375764705882353
0.388235294117647
0.392156862745098
0.4
0.407843137254902
0.407843137254902
0.415686274509804
0.422823529411765
0.423529411764706
0.431372549019608
0.435294117647059
0.43921568627451
0.454901960784314
0.454901960784314
0.462745098039216
0.465960784313726
0.470588235294118
0.470588235294118
0.481764705882353
0.203921568627451
0.203921568627451
0.211764705882353
0.219607843137255
0.227450980392157
0.235294117647059
0.243137254901961
0.247058823529412
0.250980392156863
0.254901960784314
0.258823529411765
0.262745098039216
0.266666666666667
0.274509803921569
0.27843137254902
0.290196078431373
0.298039215686275
0.301254901960784
0.305882352941176
0.313725490196078
0.313725490196078
0.325490196078431
0.332627450980392
0.337254901960784
0.341176470588235
0.349019607843137
0.356862745098039
0.364705882352941
0.368627450980392
0.372549019607843
0.380392156862745
0.388235294117647
0.392156862745098
0.396078431372549
0.40321568627451
0.407843137254902
0.415686274509804
0.423529411764706
0.427450980392157
0.435294117647059
0.43921568627451
0.447058823529412
0.454901960784314
0.458117647058824
0.407843137254902
0.462745098039216
0.466666666666667
0.47843137254902
0.2
0.203921568627451
0.215686274509804
0.215686274509804
0.223529411764706
0.227450980392157
0.243137254901961
0.243137254901961
0.247058823529412
0.250980392156863
0.254901960784314
0.266666666666667
0.270588235294118
0.274509803921569
0.274509803921569
0.286274509803922
0.290196078431373
0.298039215686275
0.301960784313725
0.309803921568627
0.309803921568627
0.32156862745098
0.329411764705882
0.333333333333333
0.341176470588235
0.341176470588235
0.352941176470588
0.356862745098039
0.36078431372549
0.364705882352941
0.376470588235294
0.380392156862745
0.383607843137255
0.388235294117647
0.4
0.411764705882353
0.415686274509804
0.419607843137255
0.423529411764706
0.431372549019608
0.435294117647059
0.43921568627451
0.447058823529412
0.450980392156863
0.454901960784314
0.458823529411765
0.462039215686274
0.465960784313726
