0.294117647058824
0.298039215686275
0.294117647058824
0.294117647058824
0.298039215686275
0.294117647058824
0.301960784313725
0.305882352941176
0.305882352941176
0.309803921568627
0.313725490196078
0.313725490196078
0.313725490196078
0.313725490196078
0.32156862745098
0.32156862745098
0.325490196078431
0.32156862745098
0.333333333333333
0.333333333333333
0.333333333333333
0.337254901960784
0.337254901960784
0.337254901960784
0.337254901960784
0.337254901960784
0.337254901960784
0.341176470588235
0.341176470588235
0.345098039215686
0.349019607843137
0.352941176470588
0.352352941176471
0.349019607843137
0.356862745098039
0.364705882352941
0.364705882352941
0.364705882352941
0.364705882352941
0.368627450980392
0.368627450980392
0.368627450980392
0.372549019607843
0.376470588235294
0.376470588235294
0.376470588235294
0.376470588235294
0.380392156862745
0.341176470588235
0.345098039215686
0.345098039215686
0.349019607843137
0.349019607843137
0.349019607843137
0.352941176470588
0.36078431372549
0.36078431372549
0.364705882352941
0.368627450980392
0.368627450980392
0.368627450980392
0.372549019607843
0.372549019607843
0.372549019607843
0.376470588235294
0.372549019607843
0.380392156862745
0.384313725490196
0.384313725490196
0.388235294117647
0.388235294117647
0.388235294117647
0.388235294117647
0.392156862745098
0.396078431372549
0.4
0.396078431372549
0.396078431372549
0.403921568627451
0.403921568627451
0.403921568627451
0.4
0.407843137254902
0.415686274509804
0.411764705882353
0.411764705882353
0.415686274509804
0.415098039215686
0.415686274509804
0.415686274509804
0.419607843137255
0.415686274509804
0.419607843137255
0.415686274509804
0.419607843137255
0.419607843137255
0.388235294117647
0.392156862745098
0.396078431372549
0.396078431372549
0.4
0.403921568627451
0.407843137254902
0.411764705882353
0.411764705882353
0.415686274509804
0.415686274509804
0.419607843137255
0.419607843137255
0.419607843137255
0.423529411764706
0.423529411764706
0.423529411764706
0.426862745098039
0.435294117647059
0.431372549019608
0.435294117647059
0.43921568627451
0.43921568627451
0.443137254901961
0.43921568627451
0.43921568627451
0.443137254901961
0.447058823529412
0.446470588235294
0.450980392156863
0.454901960784314
0.454901960784314
0.450980392156863
0.447058823529412
0.454313725490196
0.458823529411765
0.458823529411765
0.458823529411765
0.458823529411765
0.458823529411765
0.466666666666667
0.462745098039216
0.466666666666667
0.462745098039216
0.466666666666667
0.462745098039216
0.466666666666667
0.466666666666667
0.427450980392157
0.435294117647059
0.43921568627451
0.443137254901961
0.443137254901961
0.446470588235294
0.447058823529412
0.454901960784314
0.454901960784314
0.458823529411765
0.458823529411765
0.458823529411765
0.458823529411765
0.462745098039216
0.462745098039216
0.466078431372549
0.470588235294118
0.470588235294118
0.474509803921569
0.474509803921569
0.477843137254902
0.47843137254902
0.482352941176471
0.47843137254902
0.47843137254902
0.482352941176471
0.482352941176471
0.482352941176471
0.482352941176471
0.490196078431373
0.490196078431373
0.494117647058824
0.490196078431373
0.490196078431373
0.490196078431373
0.501960784313725
0.501960784313725
0.501960784313725
0.501960784313725
0.501960784313725
0.505882352941176
0.505882352941176
0.505882352941176
0.505882352941176
0.501960784313725
0.505882352941176
0.505882352941176
0.505882352941176
0.470588235294118
0.474509803921569
0.47843137254902
0.482352941176471
0.482352941176471
0.482352941176471
0.485686274509804
0.494117647058824
0.494117647058824
0.494117647058824
0.498039215686275
0.498039215686275
0.501960784313725
0.505882352941176
0.505882352941176
0.505882352941176
0.505882352941176
0.509803921568627
0.513725490196078
0.513725490196078
0.513725490196078
0.513725490196078
0.517647058823529
0.529411764705882
0.517647058823529
0.52156862745098
0.525490196078431
0.525490196078431
0.525490196078431
0.529411764705882
0.533333333333333
0.533333333333333
0.533333333333333
0.525490196078431
0.529411764705882
0.533333333333333
0.537254901960784
0.537254901960784
0.541176470588235
0.541176470588235
0.541176470588235
0.541176470588235
0.541176470588235
0.541176470588235
0.541176470588235
0.541176470588235
0.544509803921569
0.545098039215686
0.498039215686275
0.505882352941176
0.509803921568627
0.513725490196078
0.513725490196078
0.517647058823529
0.52156862745098
0.529411764705882
0.529411764705882
0.533333333333333
0.533333333333333
0.537254901960784
0.537254901960784
0.537254901960784
0.540588235294118
0.545098039215686
0.545098039215686
0.545098039215686
0.552941176470588
0.552941176470588
0.552941176470588
0.552941176470588
0.56078431372549
0.56078431372549
0.56078431372549
0.56078431372549
0.56078431372549
0.56078431372549
0.564705882352941
0.572549019607843
0.572549019607843
0.572549019607843
0.572549019607843
0.568627450980392
0.568627450980392
0.572549019607843
0.576470588235294
0.576470588235294
0.580392156862745
0.580392156862745
0.584313725490196
0.584313725490196
0.584313725490196
0.584313725490196
0.584313725490196
0.584313725490196
0.588235294117647
0.584313725490196
0.529411764705882
0.533333333333333
0.537254901960784
0.540588235294118
0.541176470588235
0.545098039215686
0.549019607843137
0.56078431372549
0.56078431372549
0.568627450980392
0.568627450980392
0.564705882352941
0.564705882352941
0.568627450980392
0.568627450980392
0.576470588235294
0.576470588235294
0.580392156862745
0.588235294117647
0.588235294117647
0.588235294117647
0.592156862745098
0.596078431372549
0.596078431372549
0.596078431372549
0.596078431372549
0.596078431372549
0.596078431372549
0.6
0.603921568627451
0.607843137254902
0.607843137254902
0.607843137254902
0.603921568627451
0.607843137254902
0.615686274509804
0.615686274509804
0.615686274509804
0.615686274509804
0.619607843137255
0.622941176470588
0.623529411764706
0.623529411764706
0.623529411764706
0.623529411764706
0.623529411764706
0.623529411764706
0.623529411764706
0.556862745098039
0.564705882352941
0.568627450980392
0.568627450980392
0.572549019607843
0.576470588235294
0.580392156862745
0.588235294117647
0.592156862745098
0.596078431372549
0.6
0.592156862745098
0.592156862745098
0.6
0.6
0.611764705882353
0.607843137254902
0.611764705882353
0.619607843137255
0.623529411764706
0.619607843137255
0.623529411764706
0.623529411764706
0.627450980392157
0.63078431372549
0.631372549019608
0.635294117647059
0.635294117647059
0.635294117647059
0.643137254901961
0.643137254901961
0.643137254901961
0.63921568627451
0.635294117647059
0.63921568627451
0.643137254901961
0.647058823529412
0.650980392156863
0.650980392156863
0.654901960784314
0.654901960784314
0.654901960784314
0.654901960784314
0.654901960784314
0.654901960784314
0.654901960784314
0.658823529411765
0.658823529411765
0.580392156862745
0.588235294117647
0.592156862745098
0.596078431372549
0.6
0.603921568627451
0.607843137254902
0.615686274509804
0.619607843137255
0.627450980392157
0.627450980392157
0.619607843137255
0.619607843137255
0.627450980392157
0.631372549019608
0.643137254901961
0.63921568627451
0.643137254901961
0.650392156862745
0.650980392156863
0.654901960784314
0.658823529411765
0.658823529411765
0.662745098039216
0.662745098039216
0.666666666666667
0.670588235294118
0.666666666666667
0.674509803921569
0.67843137254902
0.67843137254902
0.67843137254902
0.674509803921569
0.674509803921569
0.67843137254902
0.67843137254902
0.686274509803922
0.686274509803922
0.686274509803922
0.690196078431373
0.690196078431373
0.694117647058824
0.694117647058824
0.694117647058824
0.690196078431373
0.690196078431373
0.694117647058824
0.697450980392157
0.603921568627451
0.611764705882353
0.615686274509804
0.619607843137255
0.623529411764706
0.627450980392157
0.631372549019608
0.63921568627451
0.643137254901961
0.647058823529412
0.650980392156863
0.647058823529412
0.647058823529412
0.654901960784314
0.658823529411765
0.666666666666667
0.666666666666667
0.670588235294118
0.674509803921569
0.682352941176471
0.682352941176471
0.686274509803922
0.686274509803922
0.694117647058824
0.694117647058824
0.694117647058824
0.698039215686274
0.698039215686274
0.701960784313725
0.70921568627451
0.709803921568627
0.713725490196078
0.709803921568627
0.709803921568627
0.713725490196078
0.713725490196078
0.717647058823529
0.717647058823529
0.72156862745098
0.725490196078431
0.725490196078431
0.725490196078431
0.728705882352941
0.729411764705882
0.725490196078431
0.725490196078431
0.725490196078431
0.729411764705882
0.627450980392157
0.63921568627451
0.63921568627451
0.643137254901961
0.647058823529412
0.650980392156863
0.654901960784314
0.662745098039216
0.666666666666667
0.670588235294118
0.674509803921569
0.674509803921569
0.674509803921569
0.67843137254902
0.682352941176471
0.690196078431373
0.690196078431373
0.694117647058824
0.698039215686274
0.701960784313725
0.705882352941177
0.709803921568627
0.713725490196078
0.72156862745098
0.72156862745098
0.725490196078431
0.729411764705882
0.729411764705882
0.733333333333333
0.737254901960784
0.741176470588235
0.741176470588235
0.741176470588235
0.737254901960784
0.745098039215686
0.749019607843137
0.749019607843137
0.749019607843137
0.752941176470588
0.756862745098039
0.756862745098039
0.76078431372549
0.76078431372549
0.76078431372549
0.76078431372549
0.756862745098039
0.76078431372549
0.764117647058823
0.647058823529412
0.654901960784314
0.658823529411765
0.662745098039216
0.666666666666667
0.670588235294118
0.67843137254902
0.682352941176471
0.686274509803922
0.690196078431373
0.694117647058824
0.698039215686274
0.698039215686274
0.705882352941177
0.705882352941177
0.713725490196078
0.713725490196078
0.717647058823529
0.725490196078431
0.729411764705882
0.729411764705882
0.737254901960784
0.741176470588235
0.745098039215686
0.749019607843137
0.749019607843137
0.752941176470588
0.756156862745098
0.76078431372549
0.764705882352941
0.764705882352941
0.768627450980392
0.768627450980392
0.767921568627451
0.768627450980392
0.775882352941176
0.780392156862745
0.780392156862745
0.784313725490196
0.784313725490196
0.788235294117647
0.788235294117647
0.792156862745098
0.792156862745098
0.791450980392157
0.788235294117647
0.792156862745098
0.792156862745098
0.666666666666667
0.674509803921569
0.67843137254902
0.682352941176471
0.686274509803922
0.690196078431373
0.698039215686274
0.701960784313725
0.705882352941177
0.709803921568627
0.709803921568627
0.717647058823529
0.717647058823529
0.725490196078431
0.725490196078431
0.733333333333333
0.737254901960784
0.741176470588235
0.745098039215686
0.752941176470588
0.752941176470588
0.76078431372549
0.76078431372549
0.768627450980392
0.768627450980392
0.768627450980392
0.772549019607843
0.772549019607843
0.780392156862745
0.787647058823529
0.788235294117647
0.796078431372549
0.792156862745098
0.792156862745098
0.796078431372549
0.803333333333333
0.803921568627451
0.807843137254902
0.807843137254902
0.811764705882353
0.815686274509804
0.815686274509804
0.819607843137255
0.819607843137255
0.819607843137255
0.819607843137255
0.819607843137255
0.823529411764706
0.686274509803922
0.698039215686274
0.698039215686274
0.705882352941177
0.705882352941177
0.705882352941177
0.713725490196078
0.717647058823529
0.72156862745098
0.725490196078431
0.725490196078431
0.737254901960784
0.737254901960784
0.741176470588235
0.741176470588235
0.749019607843137
0.749019607843137
0.756862745098039
0.764705882352941
0.768627450980392
0.768627450980392
0.776470588235294
0.780392156862745
0.787647058823529
0.784313725490196
0.788235294117647
0.796078431372549
0.796078431372549
0.8
0.807254901960784
0.811764705882353
0.815686274509804
0.815686274509804
0.811764705882353
0.815686274509804
0.823529411764706
0.827450980392157
0.827450980392157
0.831372549019608
0.835294117647059
0.835294117647059
0.83921568627451
0.83921568627451
0.83921568627451
0.83921568627451
0.83921568627451
0.843137254901961
0.843137254901961
0.705882352941177
0.713725490196078
0.717647058823529
0.72156862745098
0.72156862745098
0.725490196078431
0.733333333333333
0.737254901960784
0.741176470588235
0.745098039215686
0.745098039215686
0.752941176470588
0.752941176470588
0.756862745098039
0.756862745098039
0.764705882352941
0.768627450980392
0.776470588235294
0.780392156862745
0.784313725490196
0.784313725490196
0.792156862745098
0.796078431372549
0.8
0.803921568627451
0.803921568627451
0.811764705882353
0.811764705882353
0.819607843137255
0.822941176470588
0.827450980392157
0.831372549019608
0.831372549019608
0.831372549019608
0.835294117647059
0.83921568627451
0.847058823529412
0.850980392156863
0.850980392156863
0.854901960784314
0.854901960784314
0.854901960784314
0.858823529411765
0.862745098039216
0.858823529411765
0.858823529411765
0.862745098039216
0.866666666666667
0.72156862745098
0.729411764705882
0.729411764705882
0.733333333333333
0.737254901960784
0.737254901960784
0.745098039215686
0.752941176470588
0.756862745098039
0.76078431372549
0.76078431372549
0.768627450980392
0.768627450980392
0.772549019607843
0.772549019607843
0.784313725490196
0.784313725490196
0.792156862745098
0.792156862745098
0.799411764705882
0.8
0.807843137254902
0.811764705882353
0.815686274509804
0.815686274509804
0.819607843137255
0.823529411764706
0.823529411764706
0.83078431372549
0.835294117647059
0.83921568627451
0.847058823529412
0.847058823529412
0.847058823529412
0.850980392156863
0.858117647058823
0.858823529411765
0.862745098039216
0.862745098039216
0.866666666666667
0.870588235294118
0.870588235294118
0.874509803921569
0.874509803921569
0.874509803921569
0.874509803921569
0.874509803921569
0.882352941176471
0.737254901960784
0.745098039215686
0.749019607843137
0.752941176470588
0.752941176470588
0.756862745098039
0.76078431372549
0.768627450980392
0.772549019607843
0.772549019607843
0.772549019607843
0.780392156862745
0.784313725490196
0.788235294117647
0.784313725490196
0.796078431372549
0.796078431372549
0.803921568627451
0.803921568627451
0.811764705882353
0.811764705882353
0.819607843137255
0.819607843137255
0.827450980392157
0.827450980392157
0.831372549019608
0.83921568627451
0.835294117647059
0.843137254901961
0.843137254901961
0.850980392156863
0.854901960784314
0.854901960784314
0.854901960784314
0.862745098039216
0.866666666666667
0.866666666666667
0.870588235294118
0.874509803921569
0.87843137254902
0.87843137254902
0.882352941176471
0.882352941176471
0.886274509803922
0.886274509803922
0.886274509803922
0.886274509803922
0.890196078431372
0.749019607843137
0.76078431372549
0.764705882352941
0.768627450980392
0.768627450980392
0.768627450980392
0.780392156862745
0.784313725490196
0.788235294117647
0.788235294117647
0.788235294117647
0.796078431372549
0.796078431372549
0.8
0.8
0.811176470588235
0.811764705882353
0.819019607843137
0.819607843137255
0.823529411764706
0.823529411764706
0.831372549019608
0.835294117647059
0.835294117647059
0.83921568627451
0.843137254901961
0.847058823529412
0.850980392156863
0.854901960784314
0.858823529411765
0.862745098039216
0.866666666666667
0.866666666666667
0.866666666666667
0.874509803921569
0.87843137254902
0.87843137254902
0.882352941176471
0.882352941176471
0.890196078431372
0.890196078431372
0.890196078431372
0.894117647058824
0.898039215686275
0.894117647058824
0.894117647058824
0.894117647058824
0.898039215686275
0.764705882352941
0.772549019607843
0.776470588235294
0.780392156862745
0.780392156862745
0.780392156862745
0.792156862745098
0.796078431372549
0.8
0.8
0.803921568627451
0.807843137254902
0.807843137254902
0.811764705882353
0.811764705882353
0.819607843137255
0.819607843137255
0.823529411764706
0.830666666666667
0.835294117647059
0.835294117647059
0.843137254901961
0.843137254901961
0.850980392156863
0.850980392156863
0.850980392156863
0.854901960784314
0.858823529411765
0.862745098039216
0.870588235294118
0.870588235294118
0.874509803921569
0.874509803921569
0.874509803921569
0.882352941176471
0.886274509803922
0.886274509803922
0.890196078431372
0.890196078431372
0.898039215686275
0.898039215686275
0.898039215686275
0.901960784313726
0.901960784313726
0.901960784313726
0.901960784313726
0.901960784313726
0.909803921568627
0.776470588235294
0.784313725490196
0.788235294117647
0.792156862745098
0.792156862745098
0.796078431372549
0.8
0.807843137254902
0.807843137254902
0.811764705882353
0.811764705882353
0.819607843137255
0.819607843137255
0.823529411764706
0.819607843137255
0.831372549019608
0.831372549019608
0.83921568627451
0.83921568627451
0.843137254901961
0.843137254901961
0.850980392156863
0.850980392156863
0.858823529411765
0.858823529411765
0.862745098039216
0.866666666666667
0.866666666666667
0.873921568627451
0.874509803921569
0.87843137254902
0.882352941176471
0.885686274509804
0.882352941176471
0.890196078431372
0.890196078431372
0.894117647058824
0.898039215686275
0.898039215686275
0.901960784313726
0.901960784313726
0.905882352941176
0.905882352941176
0.909803921568627
0.905882352941176
0.909803921568627
0.909803921568627
0.917647058823529
0.788235294117647
0.796078431372549
0.8
0.803921568627451
0.803921568627451
0.807843137254902
0.811764705882353
0.819607843137255
0.819607843137255
0.823529411764706
0.819607843137255
0.827450980392157
0.831372549019608
0.835294117647059
0.831372549019608
0.83921568627451
0.843137254901961
0.847058823529412
0.850980392156863
0.854901960784314
0.854901960784314
0.858823529411765
0.862745098039216
0.866666666666667
0.870588235294118
0.870588235294118
0.877843137254902
0.874509803921569
0.882352941176471
0.886274509803922
0.886274509803922
0.890196078431372
0.890196078431372
0.890196078431372
0.898039215686275
0.898039215686275
0.901960784313726
0.905294117647059
0.905882352941176
0.913725490196078
0.913725490196078
0.913725490196078
0.917647058823529
0.917647058823529
0.913725490196078
0.913725490196078
0.917647058823529
0.925490196078431
0.792156862745098
0.803921568627451
0.803921568627451
0.811764705882353
0.811764705882353
0.811764705882353
0.819607843137255
0.823529411764706
0.827450980392157
0.831372549019608
0.831372549019608
0.835294117647059
0.835294117647059
0.843137254901961
0.83921568627451
0.850392156862745
0.850980392156863
0.850980392156863
0.854901960784314
0.862745098039216
0.862745098039216
0.866666666666667
0.870588235294118
0.874509803921569
0.87843137254902
0.87843137254902
0.882352941176471
0.882352941176471
0.886274509803922
0.893411764705882
0.894117647058824
0.898039215686275
0.898039215686275
0.898039215686275
0.905882352941176
0.909803921568627
0.909803921568627
0.909803921568627
0.913725490196078
0.917647058823529
0.92156862745098
0.924901960784314
0.925490196078431
0.925490196078431
0.92156862745098
0.925490196078431
0.925490196078431
0.933333333333333
