0.474509803921569
0.486274509803922
0.490196078431373
0.497098039215686
0.498039215686275
0.501960784313725
0.508980392156863
0.513725490196078
0.517647058823529
0.529411764705882
0.533333333333333
0.537254901960784
0.541176470588235
0.545098039215686
0.552941176470588
0.56078431372549
0.564705882352941
0.568627450980392
0.576470588235294
0.580392156862745
0.584313725490196
0.592156862745098
0.592156862745098
0.6
0.603921568627451
0.607843137254902
0.607843137254902
0.619607843137255
0.622705882352941
0.627450980392157
0.635294117647059
0.643137254901961
0.647058823529412
0.654901960784314
0.658823529411765
0.670588235294118
0.674509803921569
0.67843137254902
0.682352941176471
0.694117647058824
0.694117647058824
0.701960784313725
0.705882352941177
0.713725490196078
0.713725490196078
0.725490196078431
0.72156862745098
0.733333333333333
0.482352941176471
0.490196078431373
0.498039215686275
0.501960784313725
0.505882352941176
0.513725490196078
0.517647058823529
0.525490196078431
0.529411764705882
0.541176470588235
0.545098039215686
0.552941176470588
0.552941176470588
0.556862745098039
0.564705882352941
0.568627450980392
0.572549019607843
0.580392156862745
0.584313725490196
0.592156862745098
0.592156862745098
0.6
0.603921568627451
0.607843137254902
0.611764705882353
0.619607843137255
0.623529411764706
0.631372549019608
0.635294117647059
0.63921568627451
0.647058823529412
0.654901960784314
0.658823529411765
0.662745098039216
0.666666666666667
0.674509803921569
0.682352941176471
0.686274509803922
0.686274509803922
0.698039215686274
0.694117647058824
0.705882352941177
0.705882352941177
0.717647058823529
0.717647058823529
0.725490196078431
0.725490196078431
0.733333333333333
0.490196078431373
0.498039215686275
0.505882352941176
0.513725490196078
0.517647058823529
0.52156862745098
0.525490196078431
0.537254901960784
0.541176470588235
0.549019607843137
0.549019607843137
0.556862745098039
0.56078431372549
0.564705882352941
0.571725490196078
0.576470588235294
0.584313725490196
0.588235294117647
0.596078431372549
0.6
0.6
0.607843137254902
0.615686274509804
0.619607843137255
0.619607843137255
0.627450980392157
0.627450980392157
0.635294117647059
0.635294117647059
0.647058823529412
0.650980392156863
0.658823529411765
0.662745098039216
0.666666666666667
0.674509803921569
0.67843137254902
0.686274509803922
0.690196078431373
0.694117647058824
0.701960784313725
0.701960784313725
0.709803921568627
0.713725490196078
0.72156862745098
0.717647058823529
0.729411764705882
0.729411764705882
0.737254901960784
0.490196078431373
0.501960784313725
0.505882352941176
0.513725490196078
0.517647058823529
0.525490196078431
0.525490196078431
0.537254901960784
0.541176470588235
0.549019607843137
0.549019607843137
0.556862745098039
0.56078431372549
0.564705882352941
0.572549019607843
0.575529411764706
0.580392156862745
0.588235294117647
0.592156862745098
0.596078431372549
0.6
0.607843137254902
0.611764705882353
0.619607843137255
0.619607843137255
0.627450980392157
0.627450980392157
0.635294117647059
0.635294117647059
0.647058823529412
0.650980392156863
0.658823529411765
0.662745098039216
0.666666666666667
0.670588235294118
0.674509803921569
0.682352941176471
0.686274509803922
0.690196078431373
0.698039215686274
0.698039215686274
0.705882352941177
0.709803921568627
0.717647058823529
0.717647058823529
0.725490196078431
0.725490196078431
0.737254901960784
0.486274509803922
0.494117647058824
0.498039215686275
0.505882352941176
0.509803921568627
0.525490196078431
0.525490196078431
0.537254901960784
0.537254901960784
0.545098039215686
0.549019607843137
0.552941176470588
0.556862745098039
0.564705882352941
0.568627450980392
0.576470588235294
0.580392156862745
0.588235294117647
0.592156862745098
0.6
0.6
0.607843137254902
0.611764705882353
0.619607843137255
0.619607843137255
0.627450980392157
0.631372549019608
0.63921568627451
0.643137254901961
0.650980392156863
0.654901960784314
0.658823529411765
0.662745098039216
0.666666666666667
0.674509803921569
0.674509803921569
0.682352941176471
0.686274509803922
0.693176470588235
0.701960784313725
0.701960784313725
0.709803921568627
0.709803921568627
0.717647058823529
0.717647058823529
0.725490196078431
0.728470588235294
0.737254901960784
0.474509803921569
0.489254901960784
0.490196078431373
0.501960784313725
0.501960784313725
0.513725490196078
0.517647058823529
0.529411764705882
0.533333333333333
0.545098039215686
0.545098039215686
0.552941176470588
0.552941176470588
0.556862745098039
0.564705882352941
0.576470588235294
0.576470588235294
0.592156862745098
0.592156862745098
0.6
0.6
0.607843137254902
0.615686274509804
0.619607843137255
0.623529411764706
0.627450980392157
0.631372549019608
0.63921568627451
0.643137254901961
0.654901960784314
0.658823529411765
0.662745098039216
0.666666666666667
0.670588235294118
0.674509803921569
0.682352941176471
0.686274509803922
0.690196078431373
0.698039215686274
0.701960784313725
0.705882352941177
0.713725490196078
0.717647058823529
0.72156862745098
0.725490196078431
0.733333333333333
0.733333333333333
0.741176470588235
0.470588235294118
0.47843137254902
0.486274509803922
0.49721568627451
0.498039215686275
0.509803921568627
0.513725490196078
0.52156862745098
0.529411764705882
0.541176470588235
0.545098039215686
0.545098039215686
0.545098039215686
0.556862745098039
0.56078431372549
0.576470588235294
0.576470588235294
0.584313725490196
0.592156862745098
0.6
0.6
0.607843137254902
0.611764705882353
0.619607843137255
0.623529411764706
0.627450980392157
0.627450980392157
0.63921568627451
0.63921568627451
0.650980392156863
0.654901960784314
0.665843137254902
0.666666666666667
0.670588235294118
0.67843137254902
0.682352941176471
0.690196078431373
0.690196078431373
0.698039215686274
0.701960784313725
0.709803921568627
0.713725490196078
0.717647058823529
0.72156862745098
0.725490196078431
0.733333333333333
0.733333333333333
0.745098039215686
0.462745098039216
0.470588235294118
0.47843137254902
0.489372549019608
0.494117647058824
0.505882352941176
0.509803921568627
0.517647058823529
0.528470588235294
0.537254901960784
0.541176470588235
0.537254901960784
0.541176470588235
0.552941176470588
0.556862745098039
0.572549019607843
0.572549019607843
0.584313725490196
0.592156862745098
0.6
0.6
0.607843137254902
0.614862745098039
0.619607843137255
0.627450980392157
0.631372549019608
0.635294117647059
0.643137254901961
0.647058823529412
0.658823529411765
0.662745098039216
0.666666666666667
0.666666666666667
0.670588235294118
0.67843137254902
0.682352941176471
0.690196078431373
0.694117647058824
0.701019607843137
0.705882352941177
0.709803921568627
0.713725490196078
0.72156862745098
0.725490196078431
0.725490196078431
0.733333333333333
0.733333333333333
0.745098039215686
0.454901960784314
0.462745098039216
0.470588235294118
0.47843137254902
0.482352941176471
0.494117647058824
0.501137254901961
0.509803921568627
0.517647058823529
0.529411764705882
0.529411764705882
0.533333333333333
0.533333333333333
0.545098039215686
0.552941176470588
0.568627450980392
0.568627450980392
0.580392156862745
0.588235294117647
0.596078431372549
0.6
0.607843137254902
0.611764705882353
0.619607843137255
0.627450980392157
0.631372549019608
0.635294117647059
0.643137254901961
0.647058823529412
0.658823529411765
0.662745098039216
0.670588235294118
0.670588235294118
0.67843137254902
0.686274509803922
0.690196078431373
0.694117647058824
0.698039215686274
0.705882352941177
0.709803921568627
0.713725490196078
0.720745098039216
0.725490196078431
0.729411764705882
0.733333333333333
0.737254901960784
0.741176470588235
0.749019607843137
0.447058823529412
0.458823529411765
0.466666666666667
0.474509803921569
0.474509803921569
0.490196078431373
0.494117647058824
0.501960784313725
0.513725490196078
0.52156862745098
0.525490196078431
0.525490196078431
0.529411764705882
0.541176470588235
0.549019607843137
0.56078431372549
0.564705882352941
0.576470588235294
0.580392156862745
0.588235294117647
0.596078431372549
0.607843137254902
0.607843137254902
0.615686274509804
0.623529411764706
0.631372549019608
0.635294117647059
0.643137254901961
0.647058823529412
0.658823529411765
0.662745098039216
0.670588235294118
0.674509803921569
0.682352941176471
0.690196078431373
0.694117647058824
0.698039215686274
0.701960784313725
0.705882352941177
0.713725490196078
0.717647058823529
0.72156862745098
0.729411764705882
0.733333333333333
0.737254901960784
0.745098039215686
0.749019607843137
0.749019607843137
0.43921568627451
0.450980392156863
0.454901960784314
0.470588235294118
0.470588235294118
0.482352941176471
0.490196078431373
0.498039215686275
0.505882352941176
0.513725490196078
0.517647058823529
0.525490196078431
0.525490196078431
0.537254901960784
0.541176470588235
0.556862745098039
0.56078431372549
0.575529411764706
0.580392156862745
0.588235294117647
0.596078431372549
0.603921568627451
0.607843137254902
0.615686274509804
0.627450980392157
0.627450980392157
0.635294117647059
0.647058823529412
0.650980392156863
0.658823529411765
0.666666666666667
0.674509803921569
0.674509803921569
0.682352941176471
0.690196078431373
0.694117647058824
0.701960784313725
0.701960784313725
0.713725490196078
0.713725490196078
0.72156862745098
0.725490196078431
0.733333333333333
0.737254901960784
0.744156862745098
0.745098039215686
0.749019607843137
0.756862745098039
0.427450980392157
0.443137254901961
0.450980392156863
0.461921568627451
0.462745098039216
0.474509803921569
0.47843137254902
0.486274509803922
0.494117647058824
0.501960784313725
0.509803921568627
0.52156862745098
0.525490196078431
0.533333333333333
0.533333333333333
0.552941176470588
0.556862745098039
0.568627450980392
0.572549019607843
0.584313725490196
0.588235294117647
0.6
0.607843137254902
0.611764705882353
0.619607843137255
0.623529411764706
0.631372549019608
0.63921568627451
0.647058823529412
0.658823529411765
0.662745098039216
0.670588235294118
0.674509803921569
0.686274509803922
0.690196078431373
0.694117647058824
0.701960784313725
0.705882352941177
0.713725490196078
0.72156862745098
0.725490196078431
0.732392156862745
0.737254901960784
0.741176470588235
0.745098039215686
0.752941176470588
0.752941176470588
0.76078431372549
0.423529411764706
0.43921568627451
0.443137254901961
0.454901960784314
0.454901960784314
0.466666666666667
0.474509803921569
0.482352941176471
0.490196078431373
0.494117647058824
0.501960784313725
0.513725490196078
0.517647058823529
0.525490196078431
0.529411764705882
0.545098039215686
0.545098039215686
0.556862745098039
0.564705882352941
0.572549019607843
0.580392156862745
0.592156862745098
0.596078431372549
0.603921568627451
0.611764705882353
0.619607843137255
0.627450980392157
0.635294117647059
0.63921568627451
0.653960784313726
0.658823529411765
0.666666666666667
0.670588235294118
0.682352941176471
0.689254901960784
0.694117647058824
0.701960784313725
0.705882352941177
0.713725490196078
0.720745098039216
0.725490196078431
0.725490196078431
0.737254901960784
0.741176470588235
0.749019607843137
0.752941176470588
0.752941176470588
0.764705882352941
0.423529411764706
0.435294117647059
0.43921568627451
0.450156862745098
0.450980392156863
0.462745098039216
0.470588235294118
0.47843137254902
0.486274509803922
0.494117647058824
0.494117647058824
0.508862745098039
0.513725490196078
0.52156862745098
0.52156862745098
0.537254901960784
0.541176470588235
0.552941176470588
0.556862745098039
0.571725490196078
0.572549019607843
0.588235294117647
0.592156862745098
0.602980392156863
0.603921568627451
0.611764705882353
0.619607843137255
0.627450980392157
0.635294117647059
0.647058823529412
0.650980392156863
0.662745098039216
0.666666666666667
0.674509803921569
0.682352941176471
0.690196078431373
0.698039215686274
0.701960784313725
0.709803921568627
0.713725490196078
0.72156862745098
0.725490196078431
0.733333333333333
0.741176470588235
0.745098039215686
0.745098039215686
0.752941176470588
0.76078431372549
0.415686274509804
0.427450980392157
0.431372549019608
0.442313725490196
0.443137254901961
0.454901960784314
0.462745098039216
0.470588235294118
0.47843137254902
0.482352941176471
0.490196078431373
0.501960784313725
0.505882352941176
0.513725490196078
0.517647058823529
0.533333333333333
0.533333333333333
0.548196078431373
0.552941176470588
0.56078431372549
0.568627450980392
0.580392156862745
0.584313725490196
0.595254901960784
0.6
0.607843137254902
0.611764705882353
0.619607843137255
0.63043137254902
0.63921568627451
0.643137254901961
0.658823529411765
0.658823529411765
0.670588235294118
0.674509803921569
0.682352941176471
0.694117647058824
0.698039215686274
0.701960784313725
0.705882352941177
0.717647058823529
0.72156862745098
0.729411764705882
0.737254901960784
0.744274509803922
0.745098039215686
0.749019607843137
0.752941176470588
0.411764705882353
0.423529411764706
0.43043137254902
0.43921568627451
0.43921568627451
0.450980392156863
0.458823529411765
0.466666666666667
0.474509803921569
0.47843137254902
0.482352941176471
0.494117647058824
0.501019607843137
0.509803921568627
0.509803921568627
0.52156862745098
0.525490196078431
0.541176470588235
0.545098039215686
0.552941176470588
0.56078431372549
0.572549019607843
0.576470588235294
0.584313725490196
0.588235294117647
0.6
0.603921568627451
0.611764705882353
0.619607843137255
0.631372549019608
0.635294117647059
0.647058823529412
0.650980392156863
0.662745098039216
0.666666666666667
0.670588235294118
0.67843137254902
0.686274509803922
0.694117647058824
0.698039215686274
0.705882352941177
0.709803921568627
0.717647058823529
0.725490196078431
0.733333333333333
0.737254901960784
0.740352941176471
0.745098039215686
0.411764705882353
0.423529411764706
0.427450980392157
0.435294117647059
0.43921568627451
0.450980392156863
0.454901960784314
0.466666666666667
0.470588235294118
0.474509803921569
0.47843137254902
0.490196078431373
0.494117647058824
0.501960784313725
0.501960784313725
0.52156862745098
0.525490196078431
0.537254901960784
0.537254901960784
0.549019607843137
0.552941176470588
0.564705882352941
0.568627450980392
0.580392156862745
0.584313725490196
0.592156862745098
0.6
0.607843137254902
0.615686274509804
0.623529411764706
0.631372549019608
0.63921568627451
0.643137254901961
0.650980392156863
0.654901960784314
0.666666666666667
0.670588235294118
0.674509803921569
0.682352941176471
0.686274509803922
0.698039215686274
0.701960784313725
0.709803921568627
0.713725490196078
0.725490196078431
0.729411764705882
0.729411764705882
0.733333333333333
0.403921568627451
0.419607843137255
0.423529411764706
0.431372549019608
0.435294117647059
0.447058823529412
0.450980392156863
0.462745098039216
0.470588235294118
0.474509803921569
0.47843137254902
0.490196078431373
0.494117647058824
0.498039215686275
0.498039215686275
0.513725490196078
0.517647058823529
0.533333333333333
0.533333333333333
0.545098039215686
0.549019607843137
0.559960784313726
0.56078431372549
0.568627450980392
0.580392156862745
0.584313725490196
0.59121568627451
0.6
0.607843137254902
0.619607843137255
0.623529411764706
0.631372549019608
0.635294117647059
0.643137254901961
0.650980392156863
0.661803921568627
0.662745098039216
0.666666666666667
0.674509803921569
0.67843137254902
0.690196078431373
0.694117647058824
0.701960784313725
0.705882352941177
0.716823529411765
0.717647058823529
0.72156862745098
0.725490196078431
0.403921568627451
0.415686274509804
0.419607843137255
0.431372549019608
0.434470588235294
0.443137254901961
0.447058823529412
0.454901960784314
0.462745098039216
0.470588235294118
0.470588235294118
0.482352941176471
0.490196078431373
0.494117647058824
0.494117647058824
0.509803921568627
0.516705882352941
0.525490196078431
0.529411764705882
0.537254901960784
0.541176470588235
0.549019607843137
0.556862745098039
0.564705882352941
0.572549019607843
0.576470588235294
0.584313725490196
0.592156862745098
0.599176470588235
0.611764705882353
0.615686274509804
0.623529411764706
0.627450980392157
0.635294117647059
0.63921568627451
0.647058823529412
0.654901960784314
0.658823529411765
0.665725490196078
0.670588235294118
0.67843137254902
0.686274509803922
0.690196078431373
0.694117647058824
0.701960784313725
0.705882352941177
0.709803921568627
0.717647058823529
0.403921568627451
0.415686274509804
0.419607843137255
0.431372549019608
0.435294117647059
0.43921568627451
0.447058823529412
0.458823529411765
0.458823529411765
0.466666666666667
0.470588235294118
0.47843137254902
0.486274509803922
0.494117647058824
0.494117647058824
0.509803921568627
0.51278431372549
0.525490196078431
0.525490196078431
0.533333333333333
0.537254901960784
0.549019607843137
0.552941176470588
0.56078431372549
0.568627450980392
0.576470588235294
0.580392156862745
0.588235294117647
0.596078431372549
0.607843137254902
0.611764705882353
0.619607843137255
0.623529411764706
0.631372549019608
0.635294117647059
0.63921568627451
0.650156862745098
0.650980392156863
0.658823529411765
0.666666666666667
0.674509803921569
0.682352941176471
0.686274509803922
0.690196078431373
0.698039215686274
0.701960784313725
0.705882352941177
0.713725490196078
0.4
0.411764705882353
0.415686274509804
0.427450980392157
0.431372549019608
0.43921568627451
0.446235294117647
0.454901960784314
0.458823529411765
0.466666666666667
0.466666666666667
0.47843137254902
0.482352941176471
0.490196078431373
0.490196078431373
0.505882352941176
0.51278431372549
0.517647058823529
0.52156862745098
0.537254901960784
0.537254901960784
0.545098039215686
0.549019607843137
0.56078431372549
0.568627450980392
0.572549019607843
0.580392156862745
0.584313725490196
0.592156862745098
0.603921568627451
0.603921568627451
0.615686274509804
0.619607843137255
0.627450980392157
0.631372549019608
0.63921568627451
0.647058823529412
0.647058823529412
0.654901960784314
0.661921568627451
0.670588235294118
0.674509803921569
0.686274509803922
0.690196078431373
0.694117647058824
0.698039215686274
0.704941176470588
0.705882352941177
0.396078431372549
0.407843137254902
0.411764705882353
0.423529411764706
0.427450980392157
0.431372549019608
0.43921568627451
0.450980392156863
0.458823529411765
0.462745098039216
0.462745098039216
0.474509803921569
0.47843137254902
0.486274509803922
0.490196078431373
0.501960784313725
0.505882352941176
0.513725490196078
0.517647058823529
0.529411764705882
0.533333333333333
0.545098039215686
0.545098039215686
0.556862745098039
0.56078431372549
0.568627450980392
0.572549019607843
0.580392156862745
0.588235294117647
0.596078431372549
0.603098039215686
0.611764705882353
0.614862745098039
0.622705882352941
0.623529411764706
0.63921568627451
0.643137254901961
0.643137254901961
0.653960784313726
0.658823529411765
0.666666666666667
0.674509803921569
0.67843137254902
0.682352941176471
0.694117647058824
0.698039215686274
0.701960784313725
0.709803921568627
